 CD_PLEITO;CD_ELEICAO;  CD_CARGO;SG_UE_UF;DT_TOTALIZACAO     ;QT_SECOES_TOTAL;QT_APTOS_TOTAL;QT_SECOES_TOT;QT_SECOES_TOT_ACUMULADO;PE_SECOES_TOT_ACUMULADO                      ;QT_APTOS_TOT;QT_APTOS_TOT_ACUMULADO;QT_VOTOS_TOTAL;QT_VOTOS_TOTAL_ACUMULADO;QT_VOTOS_CONCORRENTES;QT_VOTOS_CONCORRENTES_ACUMULADO;LULA_QT_VOTOS_TOT;LULA_QT_VOTOS_TOT_ACUMULADO;LULA_PE_VOTOS_TOT_ACUMULADO                  ;JAIR_BOLSONARO_QT_VOTOS_TOT;JAIR_BOLSONARO_QT_VOTOS_TOT_ACUMULADO;JAIR_BOLSONARO_PE_VOTOS_TOT_ACUMULADO        ;BRANCO_QT_VOTOS_TOT;BRANCO_QT_VOTOS_TOT_ACUMULADO;BRANCO_PE_VOTOS_TOT_ACUMULADO                ;NULO_QT_VOTOS_TOT;NULO_QT_VOTOS_TOT_ACUMULADO;NULO_PE_VOTOS_TOT_ACUMULADO
       407;       545;         1;BR      ;30/10/2022 17:00:51;         472075;     156454011;           55;                     55;                                     0,000117;       42199;                 42199;         21282;                   21282;                20341;                          20341;            10291;                      10291;                                     0,505924;                      10050;                                10050;                                     0,494076;                525;                          525;                                     0,024669;              416;                        416;                                     0,019547
       407;       545;         1;BR      ;30/10/2022 17:00:52;         472075;     156454011;           30;                     85;                                     0,000180;       19339;                 61538;          6426;                   27708;                 6209;                          26550;             3277;                      13568;                                     0,511036;                       2932;                                12982;                                     0,488964;                108;                          633;                                     0,022845;              109;                        525;                                     0,018948
       407;       545;         1;BR      ;30/10/2022 17:00:54;         472075;     156454011;          373;                    458;                                     0,000970;      266391;                327929;        122525;                  150233;               117319;                         143869;            63700;                      77268;                                     0,537072;                      53619;                                66601;                                     0,462928;               2610;                         3243;                                     0,021586;             2596;                       3121;                                     0,020774
       407;       545;         1;BR      ;30/10/2022 17:00:55;         472075;     156454011;          115;                    573;                                     0,001214;       78926;                406855;         34164;                  184397;                33071;                         176940;            24111;                     101379;                                     0,572957;                       8960;                                75561;                                     0,427043;                511;                         3754;                                     0,020358;              582;                       3703;                                     0,020082
       407;       545;         1;BR      ;30/10/2022 17:01:51;         472075;     156454011;            1;                    574;                                     0,001216;          76;                406931;            55;                  184452;                   51;                         176991;               35;                     101414;                                     0,572990;                         16;                                75577;                                     0,427010;                  1;                         3755;                                     0,020358;                3;                       3706;                                     0,020092
       407;       545;         1;BR      ;30/10/2022 17:02:52;         472075;     156454011;            5;                    579;                                     0,001227;        1575;                408506;          1314;                  185766;                 1264;                         178255;              599;                     102013;                                     0,572287;                        665;                                76242;                                     0,427713;                 16;                         3771;                                     0,020300;               34;                       3740;                                     0,020133
       407;       545;         1;BR      ;30/10/2022 17:03:53;         472075;     156454011;            7;                    586;                                     0,001241;        2173;                410679;          1800;                  187566;                 1739;                         179994;              701;                     102714;                                     0,570652;                       1038;                                77280;                                     0,429348;                 20;                         3791;                                     0,020212;               41;                       3781;                                     0,020158
       407;       545;         1;BR      ;30/10/2022 17:04:53;         472075;     156454011;           16;                    602;                                     0,001275;        5690;                416369;          4834;                  192400;                 4601;                         184595;             1889;                     104603;                                     0,566662;                       2712;                                79992;                                     0,433338;                 72;                         3863;                                     0,020078;              161;                       3942;                                     0,020489
       407;       545;         1;BR      ;30/10/2022 17:04:54;         472075;     156454011;           12;                    614;                                     0,001301;        4029;                420398;          3343;                  195743;                 3195;                         187790;             1241;                     105844;                                     0,563630;                       1954;                                81946;                                     0,436370;                 48;                         3911;                                     0,019980;              100;                       4042;                                     0,020650
       407;       545;         1;BR      ;30/10/2022 17:05:54;         472075;     156454011;           46;                    660;                                     0,001398;       15098;                435496;         12378;                  208121;                11916;                         199706;             4667;                     110511;                                     0,553368;                       7249;                                89195;                                     0,446632;                179;                         4090;                                     0,019652;              283;                       4325;                                     0,020781
       407;       545;         1;BR      ;30/10/2022 17:05:55;         472075;     156454011;           73;                    733;                                     0,001553;       24996;                460492;         20306;                  228427;                19449;                         219155;             7626;                     118137;                                     0,539057;                      11823;                               101018;                                     0,460943;                302;                         4392;                                     0,019227;              555;                       4880;                                     0,021363
       407;       545;         1;BR      ;30/10/2022 17:05:56;         472075;     156454011;            1;                    734;                                     0,001555;         317;                460809;           264;                  228691;                  249;                         219404;              122;                     118259;                                     0,539001;                        127;                               101145;                                     0,460999;                 10;                         4402;                                     0,019249;                5;                       4885;                                     0,021361
       407;       545;         1;BR      ;30/10/2022 17:06:55;         472075;     156454011;          148;                    882;                                     0,001868;       51356;                512165;         42732;                  271423;                40930;                         260334;            16182;                     134441;                                     0,516417;                      24748;                               125893;                                     0,483583;                624;                         5026;                                     0,018517;             1178;                       6063;                                     0,022338
       407;       545;         1;BR      ;30/10/2022 17:06:56;         472075;     156454011;            4;                    886;                                     0,001877;        1139;                513304;           860;                  272283;                  839;                         261173;              373;                     134814;                                     0,516187;                        466;                               126359;                                     0,483813;                  8;                         5034;                                     0,018488;               13;                       6076;                                     0,022315
       407;       545;         1;BR      ;30/10/2022 17:06:57;         472075;     156454011;           97;                    983;                                     0,002082;       32328;                545632;         26485;                  298768;                25383;                         286556;             9479;                     144293;                                     0,503542;                      15904;                               142263;                                     0,496458;                450;                         5484;                                     0,018355;              652;                       6728;                                     0,022519
       407;       545;         1;BR      ;30/10/2022 17:06:58;         472075;     156454011;            1;                    984;                                     0,002084;         281;                545913;           237;                  299005;                  231;                         286787;               88;                     144381;                                     0,503443;                        143;                               142406;                                     0,496557;                  3;                         5487;                                     0,018351;                3;                       6731;                                     0,022511
       407;       545;         1;BR      ;30/10/2022 17:07:00;         472075;     156454011;            1;                    985;                                     0,002087;         327;                546240;           240;                  299245;                  239;                         287026;              194;                     144575;                                     0,503700;                         45;                               142451;                                     0,496300;                  0;                         5487;                                     0,018336;                1;                       6732;                                     0,022497
       407;       545;         1;BR      ;30/10/2022 17:07:01;         472075;     156454011;            1;                    986;                                     0,002089;         365;                546605;           318;                  299563;                  314;                         287340;              176;                     144751;                                     0,503762;                        138;                               142589;                                     0,496238;                  2;                         5489;                                     0,018323;                2;                       6734;                                     0,022479
       407;       545;         1;BR      ;30/10/2022 17:07:04;         472075;     156454011;            6;                    992;                                     0,002101;        1556;                548161;          1247;                  300810;                 1217;                         288557;              601;                     145352;                                     0,503720;                        616;                               143205;                                     0,496280;                 12;                         5501;                                     0,018287;               18;                       6752;                                     0,022446
       407;       545;         1;BR      ;30/10/2022 17:07:58;         472075;     156454011;           36;                   1028;                                     0,002178;       10651;                558812;          8635;                  309445;                 8234;                         296791;             3830;                     149182;                                     0,502650;                       4404;                               147609;                                     0,497350;                100;                         5601;                                     0,018100;              301;                       7053;                                     0,022792
       407;       545;         1;BR      ;30/10/2022 17:07:59;         472075;     156454011;          135;                   1163;                                     0,002464;       46050;                604862;         37568;                  347013;                35980;                         332771;            13190;                     162372;                                     0,487939;                      22790;                               170399;                                     0,512061;                617;                         6218;                                     0,017919;              971;                       8024;                                     0,023123
       407;       545;         1;BR      ;30/10/2022 17:08:00;         472075;     156454011;           44;                   1207;                                     0,002557;       15034;                619896;         12248;                  359261;                11805;                         344576;             5876;                     168248;                                     0,488275;                       5929;                               176328;                                     0,511725;                164;                         6382;                                     0,017764;              279;                       8303;                                     0,023111
       407;       545;         1;BR      ;30/10/2022 17:08:01;         472075;     156454011;          230;                   1437;                                     0,003044;       79236;                699132;         66340;                  425601;                63647;                         408223;            25146;                     193394;                                     0,473746;                      38501;                               214829;                                     0,526254;                973;                         7355;                                     0,017281;             1720;                      10023;                                     0,023550
       407;       545;         1;BR      ;30/10/2022 17:08:02;         472075;     156454011;            1;                   1438;                                     0,003046;         252;                699384;           190;                  425791;                  186;                         408409;               67;                     193461;                                     0,473694;                        119;                               214948;                                     0,526306;                  0;                         7355;                                     0,017274;                4;                      10027;                                     0,023549
       407;       545;         1;BR      ;30/10/2022 17:08:06;         472075;     156454011;            5;                   1443;                                     0,003057;        1264;                700648;           897;                  426688;                  884;                         409293;              418;                     193879;                                     0,473692;                        466;                               215414;                                     0,526308;                  3;                         7358;                                     0,017244;               10;                      10037;                                     0,023523
       407;       545;         1;BR      ;30/10/2022 17:08:09;         472075;     156454011;            3;                   1446;                                     0,003063;         893;                701541;           653;                  427341;                  637;                         409930;              252;                     194131;                                     0,473571;                        385;                               215799;                                     0,526429;                  3;                         7361;                                     0,017225;               13;                      10050;                                     0,023518
       407;       545;         1;BR      ;30/10/2022 17:08:12;         472075;     156454011;            1;                   1447;                                     0,003065;         264;                701805;           179;                  427520;                  177;                         410107;               88;                     194219;                                     0,473581;                         89;                               215888;                                     0,526419;                  0;                         7361;                                     0,017218;                2;                      10052;                                     0,023512
       407;       545;         1;BR      ;30/10/2022 17:08:59;         472075;     156454011;           45;                   1492;                                     0,003161;       15215;                717020;         12479;                  439999;                11938;                         422045;             6656;                     200875;                                     0,475956;                       5282;                               221170;                                     0,524044;                156;                         7517;                                     0,017084;              385;                      10437;                                     0,023721
       407;       545;         1;BR      ;30/10/2022 17:09:00;         472075;     156454011;            3;                   1495;                                     0,003167;         844;                717864;           670;                  440669;                  627;                         422672;              486;                     201361;                                     0,476400;                        141;                               221311;                                     0,523600;                  6;                         7523;                                     0,017072;               37;                      10474;                                     0,023768
       407;       545;         1;BR      ;30/10/2022 17:09:01;         472075;     156454011;           31;                   1526;                                     0,003233;       10381;                728245;          8419;                  449088;                 8145;                         430817;             3167;                     204528;                                     0,474744;                       4978;                               226289;                                     0,525256;                116;                         7639;                                     0,017010;              158;                      10632;                                     0,023675
       407;       545;         1;BR      ;30/10/2022 17:09:02;         472075;     156454011;          255;                   1781;                                     0,003773;       89272;                817517;         73724;                  522812;                70752;                         501569;            27195;                     231723;                                     0,461996;                      43557;                               269846;                                     0,538004;               1119;                         8758;                                     0,016752;             1853;                      12485;                                     0,023880
       407;       545;         1;BR      ;30/10/2022 17:09:03;         472075;     156454011;          321;                   2102;                                     0,004453;      110225;                927742;         91952;                  614764;                88413;                         589982;            34632;                     266355;                                     0,451463;                      53781;                               323627;                                     0,548537;               1306;                        10064;                                     0,016371;             2233;                      14718;                                     0,023941
       407;       545;         1;BR      ;30/10/2022 17:09:04;         472075;     156454011;           10;                   2112;                                     0,004474;        2938;                930680;          2435;                  617199;                 2368;                         592350;             1134;                     267489;                                     0,451573;                       1234;                               324861;                                     0,548427;                 21;                        10085;                                     0,016340;               46;                      14764;                                     0,023921
       407;       545;         1;BR      ;30/10/2022 17:09:05;         472075;     156454011;            3;                   2115;                                     0,004480;         936;                931616;           718;                  617917;                  707;                         593057;              573;                     268062;                                     0,452000;                        134;                               324995;                                     0,548000;                  3;                        10088;                                     0,016326;                8;                      14772;                                     0,023906
       407;       545;         1;BR      ;30/10/2022 17:09:10;         472075;     156454011;            9;                   2124;                                     0,004499;        2053;                933669;          1665;                  619582;                 1629;                         594686;              839;                     268901;                                     0,452173;                        790;                               325785;                                     0,547827;                 12;                        10100;                                     0,016301;               24;                      14796;                                     0,023881
       407;       545;         1;BR      ;30/10/2022 17:10:01;         472075;     156454011;           18;                   2142;                                     0,004537;        5293;                938962;          4165;                  623747;                 3985;                         598671;             2361;                     271262;                                     0,453107;                       1624;                               327409;                                     0,546893;                 49;                        10149;                                     0,016271;              131;                      14927;                                     0,023931
       407;       545;         1;BR      ;30/10/2022 17:10:02;         472075;     156454011;           47;                   2189;                                     0,004637;       14601;                953563;         11622;                  635369;                11256;                         609927;             5103;                     276365;                                     0,453112;                       6153;                               333562;                                     0,546888;                119;                        10268;                                     0,016161;              247;                      15174;                                     0,023882
       407;       545;         1;BR      ;30/10/2022 17:10:03;         472075;     156454011;          105;                   2294;                                     0,004859;       35437;                989000;         29194;                  664563;                27984;                         637911;             9405;                     285770;                                     0,447978;                      18579;                               352141;                                     0,552022;                470;                        10738;                                     0,016158;              740;                      15914;                                     0,023947
       407;       545;         1;BR      ;30/10/2022 17:10:04;         472075;     156454011;          246;                   2540;                                     0,005381;       81619;               1070619;         67802;                  732365;                65317;                         703228;            26986;                     312756;                                     0,444743;                      38331;                               390472;                                     0,555257;               1057;                        11795;                                     0,016105;             1428;                      17342;                                     0,023679
       407;       545;         1;BR      ;30/10/2022 17:10:05;         472075;     156454011;           55;                   2595;                                     0,005497;       19688;               1090307;         16380;                  748745;                15607;                         718835;             6062;                     318818;                                     0,443520;                       9545;                               400017;                                     0,556480;                200;                        11995;                                     0,016020;              573;                      17915;                                     0,023927
       407;       545;         1;BR      ;30/10/2022 17:10:06;         472075;     156454011;           14;                   2609;                                     0,005527;        3862;               1094169;          3173;                  751918;                 3082;                         721917;             1573;                     320391;                                     0,443806;                       1509;                               401526;                                     0,556194;                 28;                        12023;                                     0,015990;               63;                      17978;                                     0,023910
       407;       545;         1;BR      ;30/10/2022 17:10:07;         472075;     156454011;            9;                   2618;                                     0,005546;        2900;               1097069;          2317;                  754235;                 2256;                         724173;              901;                     321292;                                     0,443667;                       1355;                               402881;                                     0,556333;                 19;                        12042;                                     0,015966;               42;                      18020;                                     0,023892
       407;       545;         1;BR      ;30/10/2022 17:10:08;         472075;     156454011;           16;                   2634;                                     0,005580;        4365;               1101434;          3398;                  757633;                 3328;                         727501;             1824;                     323116;                                     0,444145;                       1504;                               404385;                                     0,555855;                 27;                        12069;                                     0,015930;               43;                      18063;                                     0,023841
       407;       545;         1;BR      ;30/10/2022 17:10:14;         472075;     156454011;            6;                   2640;                                     0,005592;        1593;               1103027;          1275;                  758908;                 1242;                         728743;              598;                     323714;                                     0,444209;                        644;                               405029;                                     0,555791;                  9;                        12078;                                     0,015915;               24;                      18087;                                     0,023833
       407;       545;         1;BR      ;30/10/2022 17:11:02;         472075;     156454011;            3;                   2643;                                     0,005599;         859;               1103886;           669;                  759577;                  644;                         729387;              316;                     324030;                                     0,444250;                        328;                               405357;                                     0,555750;                  8;                        12086;                                     0,015911;               17;                      18104;                                     0,023834
       407;       545;         1;BR      ;30/10/2022 17:11:03;         472075;     156454011;           71;                   2714;                                     0,005749;       23743;               1127629;         18956;                  778533;                18286;                         747673;            10356;                     334386;                                     0,447236;                       7930;                               413287;                                     0,552764;                183;                        12269;                                     0,015759;              487;                      18591;                                     0,023880
       407;       545;         1;BR      ;30/10/2022 17:11:04;         472075;     156454011;           39;                   2753;                                     0,005832;       12896;               1140525;         10564;                  789097;                10136;                         757809;             4106;                     338492;                                     0,446672;                       6030;                               419317;                                     0,553328;                157;                        12426;                                     0,015747;              271;                      18862;                                     0,023903
       407;       545;         1;BR      ;30/10/2022 17:11:05;         472075;     156454011;            1;                   2754;                                     0,005834;         286;               1140811;           249;                  789346;                  239;                         758048;              210;                     338702;                                     0,446808;                         29;                               419346;                                     0,553192;                  1;                        12427;                                     0,015743;                9;                      18871;                                     0,023907
       407;       545;         1;BR      ;30/10/2022 17:11:06;         472075;     156454011;            7;                   2761;                                     0,005849;        2214;               1143025;          1577;                  790923;                 1538;                         759586;              577;                     339279;                                     0,446663;                        961;                               420307;                                     0,553337;                 15;                        12442;                                     0,015731;               24;                      18895;                                     0,023890
       407;       545;         1;BR      ;30/10/2022 17:11:07;         472075;     156454011;          130;                   2891;                                     0,006124;       45044;               1188069;         37332;                  828255;                35890;                         795476;            13998;                     353277;                                     0,444108;                      21892;                               442199;                                     0,555892;                571;                        13013;                                     0,015711;              871;                      19766;                                     0,023865
       407;       545;         1;BR      ;30/10/2022 17:11:08;         472075;     156454011;            4;                   2895;                                     0,006133;        1387;               1189456;          1071;                  829326;                 1042;                         796518;              579;                     353856;                                     0,444254;                        463;                               442662;                                     0,555746;                 11;                        13024;                                     0,015704;               18;                      19784;                                     0,023856
       407;       545;         1;BR      ;30/10/2022 17:11:09;         472075;     156454011;           13;                   2908;                                     0,006160;        3744;               1193200;          2882;                  832208;                 2769;                         799287;             1107;                     354963;                                     0,444100;                       1662;                               444324;                                     0,555900;                 30;                        13054;                                     0,015686;               83;                      19867;                                     0,023873
       407;       545;         1;BR      ;30/10/2022 17:11:10;         472075;     156454011;           49;                   2957;                                     0,006264;       18245;               1211445;         14818;                  847026;                14118;                         813405;             5526;                     360489;                                     0,443185;                       8592;                               452916;                                     0,556815;                185;                        13239;                                     0,015630;              515;                      20382;                                     0,024063
       407;       545;         1;BR      ;30/10/2022 17:11:11;         472075;     156454011;          173;                   3130;                                     0,006630;       55514;               1266959;         46072;                  893098;                44364;                         857769;            18276;                     378765;                                     0,441570;                      26088;                               479004;                                     0,558430;                723;                        13962;                                     0,015633;              985;                      21367;                                     0,023925
       407;       545;         1;BR      ;30/10/2022 17:11:17;         472075;     156454011;           11;                   3141;                                     0,006654;        2788;               1269747;          2218;                  895316;                 2163;                         859932;             1483;                     380248;                                     0,442184;                        680;                               479684;                                     0,557816;                 12;                        13974;                                     0,015608;               43;                      21410;                                     0,023913
       407;       545;         1;BR      ;30/10/2022 17:12:06;         472075;     156454011;           63;                   3204;                                     0,006787;       20347;               1290094;         16218;                  911534;                15685;                         875617;             7039;                     387287;                                     0,442302;                       8646;                               488330;                                     0,557698;                182;                        14156;                                     0,015530;              351;                      21761;                                     0,023873
       407;       545;         1;BR      ;30/10/2022 17:12:07;         472075;     156454011;          107;                   3311;                                     0,007014;       37101;               1327195;         30381;                  941915;                29016;                         904633;            10229;                     397516;                                     0,439422;                      18787;                               507117;                                     0,560578;                526;                        14682;                                     0,015587;              839;                      22600;                                     0,023994
       407;       545;         1;BR      ;30/10/2022 17:12:08;         472075;     156454011;           96;                   3407;                                     0,007217;       34151;               1361346;         27815;                  969730;                26981;                         931614;            12623;                     410139;                                     0,440246;                      14358;                               521475;                                     0,559754;                316;                        14998;                                     0,015466;              518;                      23118;                                     0,023840
       407;       545;         1;BR      ;30/10/2022 17:12:09;         472075;     156454011;          164;                   3571;                                     0,007564;       53478;               1414824;         44610;                 1014340;                42915;                         974529;            17715;                     427854;                                     0,439037;                      25200;                               546675;                                     0,560963;                676;                        15674;                                     0,015452;             1019;                      24137;                                     0,023796
       407;       545;         1;BR      ;30/10/2022 17:12:10;         472075;     156454011;           31;                   3602;                                     0,007630;       11136;               1425960;          9291;                 1023631;                 8856;                         983385;             3397;                     431251;                                     0,438537;                       5459;                               552134;                                     0,561463;                109;                        15783;                                     0,015419;              326;                      24463;                                     0,023898
       407;       545;         1;BR      ;30/10/2022 17:12:11;         472075;     156454011;           13;                   3615;                                     0,007658;        4007;               1429967;          3280;                 1026911;                 3150;                         986535;             1299;                     432550;                                     0,438454;                       1851;                               553985;                                     0,561546;                 40;                        15823;                                     0,015408;               90;                      24553;                                     0,023910
       407;       545;         1;BR      ;30/10/2022 17:12:13;         472075;     156454011;            2;                   3617;                                     0,007662;         501;               1430468;           393;                 1027304;                  391;                         986926;              136;                     432686;                                     0,438418;                        255;                               554240;                                     0,561582;                  1;                        15824;                                     0,015403;                1;                      24554;                                     0,023901
       407;       545;         1;BR      ;30/10/2022 17:12:14;         472075;     156454011;            1;                   3618;                                     0,007664;         218;               1430686;           184;                 1027488;                  180;                         987106;               92;                     432778;                                     0,438431;                         88;                               554328;                                     0,561569;                  0;                        15824;                                     0,015401;                4;                      24558;                                     0,023901
       407;       545;         1;BR      ;30/10/2022 17:12:17;         472075;     156454011;           13;                   3631;                                     0,007692;        3521;               1434207;          2673;                 1030161;                 2592;                         989698;             1590;                     434368;                                     0,438889;                       1002;                               555330;                                     0,561111;                 19;                        15843;                                     0,015379;               62;                      24620;                                     0,023899
       407;       545;         1;BR      ;30/10/2022 17:13:08;         472075;     156454011;           19;                   3650;                                     0,007732;        5713;               1439920;          4491;                 1034652;                 4320;                         994018;             2287;                     436655;                                     0,439283;                       2033;                               557363;                                     0,560717;                 57;                        15900;                                     0,015367;              114;                      24734;                                     0,023906
       407;       545;         1;BR      ;30/10/2022 17:13:09;         472075;     156454011;           54;                   3704;                                     0,007846;       17531;               1457451;         14181;                 1048833;                13804;                        1007822;             6308;                     442963;                                     0,439525;                       7496;                               564859;                                     0,560475;                130;                        16030;                                     0,015284;              247;                      24981;                                     0,023818
       407;       545;         1;BR      ;30/10/2022 17:13:11;         472075;     156454011;            5;                   3709;                                     0,007857;        1353;               1458804;          1063;                 1049896;                 1039;                        1008861;              722;                     443685;                                     0,439788;                        317;                               565176;                                     0,560212;                  1;                        16031;                                     0,015269;               23;                      25004;                                     0,023816
       407;       545;         1;BR      ;30/10/2022 17:13:12;         472075;     156454011;           21;                   3730;                                     0,007901;        5947;               1464751;          4792;                 1054688;                 4645;                        1013506;             2912;                     446597;                                     0,440646;                       1733;                               566909;                                     0,559354;                 40;                        16071;                                     0,015238;              107;                      25111;                                     0,023809
       407;       545;         1;BR      ;30/10/2022 17:13:13;         472075;     156454011;          136;                   3866;                                     0,008189;       47691;               1512442;         39725;                 1094413;                38386;                        1051892;            17037;                     463634;                                     0,440762;                      21349;                               588258;                                     0,559238;                502;                        16573;                                     0,015143;              837;                      25948;                                     0,023710
       407;       545;         1;BR      ;30/10/2022 17:13:14;         472075;     156454011;          190;                   4056;                                     0,008592;       63868;               1576310;         52541;                 1146954;                50159;                        1102051;            17635;                     481269;                                     0,436703;                      32524;                               620782;                                     0,563297;                942;                        17515;                                     0,015271;             1440;                      27388;                                     0,023879
       407;       545;         1;BR      ;30/10/2022 17:13:15;         472075;     156454011;            2;                   4058;                                     0,008596;         722;               1577032;           589;                 1147543;                  570;                        1102621;              240;                     481509;                                     0,436695;                        330;                               621112;                                     0,563305;                  8;                        17523;                                     0,015270;               11;                      27399;                                     0,023876
       407;       545;         1;BR      ;30/10/2022 17:13:18;         472075;     156454011;            1;                   4059;                                     0,008598;         321;               1577353;           212;                 1147755;                  204;                        1102825;               92;                     481601;                                     0,436698;                        112;                               621224;                                     0,563302;                  1;                        17524;                                     0,015268;                7;                      27406;                                     0,023878
       407;       545;         1;BR      ;30/10/2022 17:13:19;         472075;     156454011;           32;                   4091;                                     0,008666;       10156;               1587509;          8102;                 1155857;                 7887;                        1110712;             3745;                     485346;                                     0,436968;                       4142;                               625366;                                     0,563032;                 80;                        17604;                                     0,015230;              135;                      27541;                                     0,023827
       407;       545;         1;BR      ;30/10/2022 17:13:20;         472075;     156454011;          397;                   4488;                                     0,009507;      127455;               1714964;        106277;                 1262134;               102160;                        1212872;            41370;                     526716;                                     0,434272;                      60790;                               686156;                                     0,565728;               1608;                        19212;                                     0,015222;             2509;                      30050;                                     0,023809
       407;       545;         1;BR      ;30/10/2022 17:13:21;         472075;     156454011;           36;                   4524;                                     0,009583;        9678;               1724642;          7733;                 1269867;                 7440;                        1220312;             3672;                     530388;                                     0,434633;                       3768;                               689924;                                     0,565367;                 83;                        19295;                                     0,015195;              210;                      30260;                                     0,023829
       407;       545;         1;BR      ;30/10/2022 17:13:22;         472075;     156454011;           23;                   4547;                                     0,009632;        6513;               1731155;          5255;                 1275122;                 5094;                        1225406;             2484;                     532872;                                     0,434853;                       2610;                               692534;                                     0,565147;                 52;                        19347;                                     0,015173;              109;                      30369;                                     0,023817
       407;       545;         1;BR      ;30/10/2022 17:13:23;         472075;     156454011;           12;                   4559;                                     0,009657;        3344;               1734499;          2607;                 1277729;                 2519;                        1227925;              975;                     533847;                                     0,434755;                       1544;                               694078;                                     0,565245;                 33;                        19380;                                     0,015168;               55;                      30424;                                     0,023811
       407;       545;         1;BR      ;30/10/2022 17:13:24;         472075;     156454011;           14;                   4573;                                     0,009687;        3644;               1738143;          2828;                 1280557;                 2727;                        1230652;             1574;                     535421;                                     0,435071;                       1153;                               695231;                                     0,564929;                 34;                        19414;                                     0,015161;               67;                      30491;                                     0,023811
       407;       545;         1;BR      ;30/10/2022 17:13:31;         472075;     156454011;            4;                   4577;                                     0,009695;        1008;               1739151;           807;                 1281364;                  779;                        1231431;              560;                     535981;                                     0,435251;                        219;                               695450;                                     0,564749;                  7;                        19421;                                     0,015157;               21;                      30512;                                     0,023812
       407;       545;         1;BR      ;30/10/2022 17:14:10;         472075;     156454011;           31;                   4608;                                     0,009761;        8645;               1747796;          6698;                 1288062;                 6459;                        1237890;             3531;                     539512;                                     0,435832;                       2928;                               698378;                                     0,564168;                 62;                        19483;                                     0,015126;              177;                      30689;                                     0,023826
       407;       545;         1;BR      ;30/10/2022 17:14:11;         472075;     156454011;           81;                   4689;                                     0,009933;       26063;               1773859;         20982;                 1309044;                20256;                        1258146;             9465;                     548977;                                     0,436338;                      10791;                               709169;                                     0,563662;                257;                        19740;                                     0,015080;              469;                      31158;                                     0,023802
       407;       545;         1;BR      ;30/10/2022 17:14:12;         472075;     156454011;            7;                   4696;                                     0,009948;        2242;               1776101;          1780;                 1310824;                 1738;                        1259884;              893;                     549870;                                     0,436445;                        845;                               710014;                                     0,563555;                 20;                        19760;                                     0,015074;               22;                      31180;                                     0,023787
       407;       545;         1;BR      ;30/10/2022 17:14:13;         472075;     156454011;            1;                   4697;                                     0,009950;         147;               1776248;           108;                 1310932;                  105;                        1259989;               97;                     549967;                                     0,436486;                          8;                               710022;                                     0,563514;                  2;                        19762;                                     0,015075;                1;                      31181;                                     0,023785
       407;       545;         1;BR      ;30/10/2022 17:14:15;         472075;     156454011;            1;                   4698;                                     0,009952;         373;               1776621;           304;                 1311236;                  300;                        1260289;               73;                     550040;                                     0,436440;                        227;                               710249;                                     0,563560;                  3;                        19765;                                     0,015074;                1;                      31182;                                     0,023781
       407;       545;         1;BR      ;30/10/2022 17:14:16;         472075;     156454011;            9;                   4707;                                     0,009971;        3069;               1779690;          2494;                 1313730;                 2403;                        1262692;              928;                     550968;                                     0,436344;                       1475;                               711724;                                     0,563656;                 45;                        19810;                                     0,015079;               46;                      31228;                                     0,023770
       407;       545;         1;BR      ;30/10/2022 17:14:17;         472075;     156454011;           26;                   4733;                                     0,010026;        7850;               1787540;          6365;                 1320095;                 6212;                        1268904;             3244;                     554212;                                     0,436764;                       2968;                               714692;                                     0,563236;                 58;                        19868;                                     0,015050;               95;                      31323;                                     0,023728
       407;       545;         1;BR      ;30/10/2022 17:14:18;         472075;     156454011;          562;                   5295;                                     0,011216;      189579;               1977119;        156927;                 1477022;               151127;                        1420031;            60201;                     614413;                                     0,432676;                      90926;                               805618;                                     0,567324;               2319;                        22187;                                     0,015021;             3481;                      34804;                                     0,023564
       407;       545;         1;BR      ;30/10/2022 17:14:19;         472075;     156454011;           82;                   5377;                                     0,011390;       28541;               2005660;         23336;                 1500358;                22260;                        1442291;             9081;                     623494;                                     0,432294;                      13179;                               818797;                                     0,567706;                288;                        22475;                                     0,014980;              788;                      35592;                                     0,023722
       407;       545;         1;BR      ;30/10/2022 17:14:21;         472075;     156454011;           42;                   5419;                                     0,011479;       13182;               2018842;         10541;                 1510899;                10174;                        1452465;             3874;                     627368;                                     0,431933;                       6300;                               825097;                                     0,568067;                128;                        22603;                                     0,014960;              239;                      35831;                                     0,023715
       407;       545;         1;BR      ;30/10/2022 17:14:22;         472075;     156454011;           33;                   5452;                                     0,011549;        9259;               2028101;          7492;                 1518391;                 7274;                        1459739;             3721;                     631089;                                     0,432330;                       3553;                               828650;                                     0,567670;                 58;                        22661;                                     0,014924;              160;                      35991;                                     0,023703
       407;       545;         1;BR      ;30/10/2022 17:14:23;         472075;     156454011;           25;                   5477;                                     0,011602;        7818;               2035919;          6361;                 1524752;                 6186;                        1465925;             2975;                     634064;                                     0,432535;                       3211;                               831861;                                     0,567465;                 54;                        22715;                                     0,014898;              121;                      36112;                                     0,023684
       407;       545;         1;BR      ;30/10/2022 17:14:24;         472075;     156454011;            3;                   5480;                                     0,011608;         724;               2036643;           585;                 1525337;                  569;                        1466494;              383;                     634447;                                     0,432628;                        186;                               832047;                                     0,567372;                  5;                        22720;                                     0,014895;               11;                      36123;                                     0,023682
       407;       545;         1;BR      ;30/10/2022 17:14:29;         472075;     156454011;           19;                   5499;                                     0,011649;        4635;               2041278;          3623;                 1528960;                 3528;                        1470022;             2399;                     636846;                                     0,433222;                       1129;                               833176;                                     0,566778;                 21;                        22741;                                     0,014874;               74;                      36197;                                     0,023674
       407;       545;         1;BR      ;30/10/2022 17:14:33;         472075;     156454011;            1;                   5500;                                     0,011651;         232;               2041510;           157;                 1529117;                  148;                        1470170;               71;                     636917;                                     0,433227;                         77;                               833253;                                     0,566773;                  3;                        22744;                                     0,014874;                6;                      36203;                                     0,023676
       407;       545;         1;BR      ;30/10/2022 17:15:12;         472075;     156454011;           49;                   5549;                                     0,011754;       18002;               2059512;         14631;                 1543748;                13950;                        1484120;             6195;                     643112;                                     0,433329;                       7755;                               841008;                                     0,566671;                162;                        22906;                                     0,014838;              519;                      36722;                                     0,023788
       407;       545;         1;BR      ;30/10/2022 17:15:13;         472075;     156454011;           44;                   5593;                                     0,011848;       14103;               2073615;         11191;                 1554939;                10511;                        1494631;             7105;                     650217;                                     0,435035;                       3406;                               844414;                                     0,564965;                183;                        23089;                                     0,014849;              497;                      37219;                                     0,023936
       407;       545;         1;BR      ;30/10/2022 17:15:14;         472075;     156454011;           10;                   5603;                                     0,011869;        2489;               2076104;          2002;                 1556941;                 1935;                        1496566;              993;                     651210;                                     0,435136;                        942;                               845356;                                     0,564864;                 16;                        23105;                                     0,014840;               51;                      37270;                                     0,023938
       407;       545;         1;BR      ;30/10/2022 17:15:15;         472075;     156454011;            5;                   5608;                                     0,011879;        1948;               2078052;          1515;                 1558456;                 1487;                        1498053;              911;                     652121;                                     0,435312;                        576;                               845932;                                     0,564688;                  7;                        23112;                                     0,014830;               21;                      37291;                                     0,023928
       407;       545;         1;BR      ;30/10/2022 17:15:16;         472075;     156454011;           19;                   5627;                                     0,011920;        6477;               2084529;          5379;                 1563835;                 5242;                        1503295;             1631;                     653752;                                     0,434879;                       3611;                               849543;                                     0,565121;                 71;                        23183;                                     0,014824;               66;                      37357;                                     0,023888
       407;       545;         1;BR      ;30/10/2022 17:15:17;         472075;     156454011;           49;                   5676;                                     0,012024;       16939;               2101468;         13503;                 1577338;                13123;                        1516418;             6476;                     660228;                                     0,435387;                       6647;                               856190;                                     0,564613;                131;                        23314;                                     0,014781;              249;                      37606;                                     0,023841
       407;       545;         1;BR      ;30/10/2022 17:15:18;         472075;     156454011;            2;                   5678;                                     0,012028;         670;               2102138;           561;                 1577899;                  550;                        1516968;               98;                     660326;                                     0,435293;                        452;                               856642;                                     0,564707;                  4;                        23318;                                     0,014778;                7;                      37613;                                     0,023837
       407;       545;         1;BR      ;30/10/2022 17:15:19;         472075;     156454011;           13;                   5691;                                     0,012055;        4801;               2106939;          3982;                 1581881;                 3854;                        1520822;             1550;                     661876;                                     0,435209;                       2304;                               858946;                                     0,564791;                 63;                        23381;                                     0,014781;               65;                      37678;                                     0,023818
       407;       545;         1;BR      ;30/10/2022 17:15:20;         472075;     156454011;          291;                   5982;                                     0,012672;       93011;               2199950;         77090;                 1658971;                74374;                        1595196;            30988;                     692864;                                     0,434344;                      43386;                               902332;                                     0,565656;               1190;                        24571;                                     0,014811;             1526;                      39204;                                     0,023632
       407;       545;         1;BR      ;30/10/2022 17:15:21;         472075;     156454011;          243;                   6225;                                     0,013186;       85231;               2285181;         70526;                 1729497;                67748;                        1662944;            26667;                     719531;                                     0,432685;                      41081;                               943413;                                     0,567315;               1075;                        25646;                                     0,014829;             1703;                      40907;                                     0,023653
       407;       545;         1;BR      ;30/10/2022 17:15:22;         472075;     156454011;           10;                   6235;                                     0,013208;        2824;               2288005;          2369;                 1731866;                 2314;                        1665258;              975;                     720506;                                     0,432669;                       1339;                               944752;                                     0,567331;                 32;                        25678;                                     0,014827;               23;                      40930;                                     0,023633
       407;       545;         1;BR      ;30/10/2022 17:15:23;         472075;     156454011;            4;                   6239;                                     0,013216;        1128;               2289133;           872;                 1732738;                  849;                        1666107;              328;                     720834;                                     0,432646;                        521;                               945273;                                     0,567354;                  5;                        25683;                                     0,014822;               18;                      40948;                                     0,023632
       407;       545;         1;BR      ;30/10/2022 17:15:24;         472075;     156454011;           15;                   6254;                                     0,013248;        4241;               2293374;          3419;                 1736157;                 3306;                        1669413;             1113;                     721947;                                     0,432456;                       2193;                               947466;                                     0,567544;                 38;                        25721;                                     0,014815;               75;                      41023;                                     0,023629
       407;       545;         1;BR      ;30/10/2022 17:15:25;         472075;     156454011;           41;                   6295;                                     0,013335;       13298;               2306672;         10998;                 1747155;                10469;                        1679882;             5941;                     727888;                                     0,433297;                       4528;                               951994;                                     0,566703;                136;                        25857;                                     0,014799;              393;                      41416;                                     0,023705
       407;       545;         1;BR      ;30/10/2022 17:15:26;         472075;     156454011;           46;                   6341;                                     0,013432;       14653;               2321325;         11546;                 1758701;                11072;                        1690954;             4774;                     732662;                                     0,433283;                       6298;                               958292;                                     0,566717;                123;                        25980;                                     0,014772;              351;                      41767;                                     0,023749
       407;       545;         1;BR      ;30/10/2022 17:15:27;         472075;     156454011;           54;                   6395;                                     0,013547;       15120;               2336445;         12279;                 1770980;                11851;                        1702805;             5694;                     738356;                                     0,433612;                       6157;                               964449;                                     0,566388;                123;                        26103;                                     0,014739;              305;                      42072;                                     0,023756
       407;       545;         1;BR      ;30/10/2022 17:15:28;         472075;     156454011;            3;                   6398;                                     0,013553;         686;               2337131;           544;                 1771524;                  526;                        1703331;              274;                     738630;                                     0,433639;                        252;                               964701;                                     0,566361;                  3;                        26106;                                     0,014736;               15;                      42087;                                     0,023758
       407;       545;         1;BR      ;30/10/2022 17:15:30;         472075;     156454011;           46;                   6444;                                     0,013650;       10874;               2348005;          8548;                 1780072;                 8316;                        1711647;             4292;                     742922;                                     0,434039;                       4024;                               968725;                                     0,565961;                 65;                        26171;                                     0,014702;              167;                      42254;                                     0,023737
       407;       545;         1;BR      ;30/10/2022 17:15:31;         472075;     156454011;           17;                   6461;                                     0,013686;        4291;               2352296;          3284;                 1783356;                 3177;                        1714824;             2055;                     744977;                                     0,434434;                       1122;                               969847;                                     0,565566;                 28;                        26199;                                     0,014691;               79;                      42333;                                     0,023738
       407;       545;         1;BR      ;30/10/2022 17:15:34;         472075;     156454011;            5;                   6466;                                     0,013697;        1275;               2353571;           975;                 1784331;                  939;                        1715763;              548;                     745525;                                     0,434515;                        391;                               970238;                                     0,565485;                  7;                        26206;                                     0,014687;               29;                      42362;                                     0,023741
       407;       545;         1;BR      ;30/10/2022 17:15:35;         472075;     156454011;           20;                   6486;                                     0,013739;        4982;               2358553;          3975;                 1788306;                 3868;                        1719631;             2271;                     747796;                                     0,434858;                       1597;                               971835;                                     0,565142;                 30;                        26236;                                     0,014671;               77;                      42439;                                     0,023731
       407;       545;         1;BR      ;30/10/2022 17:16:15;         472075;     156454011;          382;                   6868;                                     0,014549;      121615;               2480168;        100019;                 1888325;                96211;                        1815842;            40294;                     788090;                                     0,434008;                      55917;                              1027752;                                     0,565992;               1545;                        27781;                                     0,014712;             2263;                      44702;                                     0,023673
       407;       545;         1;BR      ;30/10/2022 17:16:16;         472075;     156454011;           16;                   6884;                                     0,014582;        5210;               2485378;          4003;                 1892328;                 3781;                        1819623;             1892;                     789982;                                     0,434146;                       1889;                              1029641;                                     0,565854;                 97;                        27878;                                     0,014732;              125;                      44827;                                     0,023689
       407;       545;         1;BR      ;30/10/2022 17:16:17;         472075;     156454011;           18;                   6902;                                     0,014621;        4867;               2490245;          3741;                 1896069;                 3620;                        1823243;             1287;                     791269;                                     0,433990;                       2333;                              1031974;                                     0,566010;                 54;                        27932;                                     0,014732;               67;                      44894;                                     0,023677
       407;       545;         1;BR      ;30/10/2022 17:16:18;         472075;     156454011;           52;                   6954;                                     0,014731;       15666;               2505911;         12390;                 1908459;                11914;                        1835157;             5404;                     796673;                                     0,434117;                       6510;                              1038484;                                     0,565883;                170;                        28102;                                     0,014725;              306;                      45200;                                     0,023684
       407;       545;         1;BR      ;30/10/2022 17:16:19;         472075;     156454011;           76;                   7030;                                     0,014892;       24164;               2530075;         20164;                 1928623;                19147;                        1854304;             6558;                     803231;                                     0,433171;                      12589;                              1051073;                                     0,566829;                375;                        28477;                                     0,014765;              642;                      45842;                                     0,023769
       407;       545;         1;BR      ;30/10/2022 17:16:24;         472075;     156454011;            1;                   7031;                                     0,014894;         107;               2530182;            72;                 1928695;                   71;                        1854375;               20;                     803251;                                     0,433165;                         51;                              1051124;                                     0,566835;                  0;                        28477;                                     0,014765;                1;                      45843;                                     0,023769
       407;       545;         1;BR      ;30/10/2022 17:16:25;         472075;     156454011;           11;                   7042;                                     0,014917;        3389;               2533571;          2711;                 1931406;                 2590;                        1856965;             1392;                     804643;                                     0,433311;                       1198;                              1052322;                                     0,566689;                 44;                        28521;                                     0,014767;               77;                      45920;                                     0,023775
       407;       545;         1;BR      ;30/10/2022 17:16:26;         472075;     156454011;           57;                   7099;                                     0,015038;       21007;               2554578;         16972;                 1948378;                16451;                        1873416;             8209;                     812852;                                     0,433888;                       8242;                              1060564;                                     0,566112;                201;                        28722;                                     0,014741;              320;                      46240;                                     0,023733
       407;       545;         1;BR      ;30/10/2022 17:16:27;         472075;     156454011;           18;                   7117;                                     0,015076;        5853;               2560431;          4732;                 1953110;                 4585;                        1878001;             1850;                     814702;                                     0,433813;                       2735;                              1063299;                                     0,566187;                 42;                        28764;                                     0,014727;              105;                      46345;                                     0,023729
       407;       545;         1;BR      ;30/10/2022 17:16:28;         472075;     156454011;            2;                   7119;                                     0,015080;         570;               2561001;           482;                 1953592;                  470;                        1878471;              123;                     814825;                                     0,433770;                        347;                              1063646;                                     0,566230;                  6;                        28770;                                     0,014727;                6;                      46351;                                     0,023726
       407;       545;         1;BR      ;30/10/2022 17:16:29;         472075;     156454011;           56;                   7175;                                     0,015199;       16462;               2577463;         13461;                 1967053;                13035;                        1891506;             4998;                     819823;                                     0,433423;                       8037;                              1071683;                                     0,566577;                150;                        28920;                                     0,014702;              276;                      46627;                                     0,023704
       407;       545;         1;BR      ;30/10/2022 17:16:30;         472075;     156454011;          163;                   7338;                                     0,015544;       58056;               2635519;         47961;                 2015014;                46385;                        1937891;            21780;                     841603;                                     0,434288;                      24605;                              1096288;                                     0,565712;                592;                        29512;                                     0,014646;              984;                      47611;                                     0,023628
       407;       545;         1;BR      ;30/10/2022 17:16:31;         472075;     156454011;          261;                   7599;                                     0,016097;       88806;               2724325;         72542;                 2087556;                69415;                        2007306;            24883;                     866486;                                     0,431666;                      44532;                              1140820;                                     0,568334;               1168;                        30680;                                     0,014697;             1959;                      49570;                                     0,023745
       407;       545;         1;BR      ;30/10/2022 17:16:32;         472075;     156454011;           91;                   7690;                                     0,016290;       28623;               2752948;         23039;                 2110595;                21964;                        2029270;            10413;                     876899;                                     0,432125;                      11551;                              1152371;                                     0,567875;                273;                        30953;                                     0,014666;              802;                      50372;                                     0,023866
       407;       545;         1;BR      ;30/10/2022 17:16:33;         472075;     156454011;           27;                   7717;                                     0,016347;        7710;               2760658;          6234;                 2116829;                 6074;                        2035344;             2876;                     879775;                                     0,432249;                       3198;                              1155569;                                     0,567751;                 60;                        31013;                                     0,014651;              100;                      50472;                                     0,023843
       407;       545;         1;BR      ;30/10/2022 17:16:36;         472075;     156454011;           41;                   7758;                                     0,016434;       10010;               2770668;          7799;                 2124628;                 7578;                        2042922;             4606;                     884381;                                     0,432900;                       2972;                              1158541;                                     0,567100;                 52;                        31065;                                     0,014621;              169;                      50641;                                     0,023835
       407;       545;         1;BR      ;30/10/2022 17:17:17;         472075;     156454011;           57;                   7815;                                     0,016555;       19074;               2789742;         15134;                 2139762;                14288;                        2057210;             7083;                     891464;                                     0,433336;                       7205;                              1165746;                                     0,566664;                229;                        31294;                                     0,014625;              617;                      51258;                                     0,023955
       407;       545;         1;BR      ;30/10/2022 17:17:18;         472075;     156454011;           67;                   7882;                                     0,016696;       20235;               2809977;         16014;                 2155776;                15273;                        2072483;             6747;                     898211;                                     0,433398;                       8526;                              1174272;                                     0,566602;                252;                        31546;                                     0,014633;              489;                      51747;                                     0,024004
       407;       545;         1;BR      ;30/10/2022 17:17:19;         472075;     156454011;           15;                   7897;                                     0,016728;        5552;               2815529;          4357;                 2160133;                 4175;                        2076658;             1891;                     900102;                                     0,433438;                       2284;                              1176556;                                     0,566562;                 53;                        31599;                                     0,014628;              129;                      51876;                                     0,024015
       407;       545;         1;BR      ;30/10/2022 17:17:23;         472075;     156454011;            2;                   7899;                                     0,016733;         548;               2816077;           439;                 2160572;                  426;                        2077084;              345;                     900447;                                     0,433515;                         81;                              1176637;                                     0,566485;                  1;                        31600;                                     0,014626;               12;                      51888;                                     0,024016
       407;       545;         1;BR      ;30/10/2022 17:17:24;         472075;     156454011;            3;                   7902;                                     0,016739;        1006;               2817083;           786;                 2161358;                  745;                        2077829;              395;                     900842;                                     0,433550;                        350;                              1176987;                                     0,566450;                  7;                        31607;                                     0,014624;               34;                      51922;                                     0,024023
       407;       545;         1;BR      ;30/10/2022 17:17:25;         472075;     156454011;          310;                   8212;                                     0,017396;      101875;               2918958;         85115;                 2246473;                82048;                        2159877;            32763;                     933605;                                     0,432249;                      49285;                              1226272;                                     0,567751;               1316;                        32923;                                     0,014655;             1751;                      53673;                                     0,023892
       407;       545;         1;BR      ;30/10/2022 17:17:26;         472075;     156454011;           38;                   8250;                                     0,017476;       11671;               2930629;          9387;                 2255860;                 9152;                        2169029;             3904;                     937509;                                     0,432225;                       5248;                              1231520;                                     0,567775;                 88;                        33011;                                     0,014633;              147;                      53820;                                     0,023858
       407;       545;         1;BR      ;30/10/2022 17:17:27;         472075;     156454011;            4;                   8254;                                     0,017485;        1235;               2931864;           980;                 2256840;                  942;                        2169971;              368;                     937877;                                     0,432207;                        574;                              1232094;                                     0,567793;                 16;                        33027;                                     0,014634;               22;                      53842;                                     0,023857
       407;       545;         1;BR      ;30/10/2022 17:17:28;         472075;     156454011;           28;                   8282;                                     0,017544;        8435;               2940299;          7018;                 2263858;                 6805;                        2176776;             2721;                     940598;                                     0,432106;                       4084;                              1236178;                                     0,567894;                 63;                        33090;                                     0,014617;              150;                      53992;                                     0,023850
       407;       545;         1;BR      ;30/10/2022 17:17:29;         472075;     156454011;          139;                   8421;                                     0,017838;       47487;               2987786;         38587;                 2302445;                37129;                        2213905;            14936;                     955534;                                     0,431606;                      22193;                              1258371;                                     0,568394;                539;                        33629;                                     0,014606;              919;                      54911;                                     0,023849
       407;       545;         1;BR      ;30/10/2022 17:17:30;         472075;     156454011;           77;                   8498;                                     0,018001;       30171;               3017957;         25204;                 2327649;                24282;                        2238187;            12347;                     967881;                                     0,432440;                      11935;                              1270306;                                     0,567560;                349;                        33978;                                     0,014598;              573;                      55484;                                     0,023837
       407;       545;         1;BR      ;30/10/2022 17:17:31;         472075;     156454011;           28;                   8526;                                     0,018061;        8728;               3026685;          6687;                 2334336;                 6415;                        2244602;             2452;                     970333;                                     0,432296;                       3963;                              1274269;                                     0,567704;                 86;                        34064;                                     0,014593;              186;                      55670;                                     0,023848
       407;       545;         1;BR      ;30/10/2022 17:17:34;         472075;     156454011;            8;                   8534;                                     0,018078;        2517;               3029202;          1965;                 2336301;                 1840;                        2246442;             1289;                     971622;                                     0,432516;                        551;                              1274820;                                     0,567484;                 27;                        34091;                                     0,014592;               98;                      55768;                                     0,023870
       407;       545;         1;BR      ;30/10/2022 17:17:35;         472075;     156454011;           40;                   8574;                                     0,018162;       11316;               3040518;          9075;                 2345376;                 8700;                        2255142;             3805;                     975427;                                     0,432535;                       4895;                              1279715;                                     0,567465;                107;                        34198;                                     0,014581;              268;                      56036;                                     0,023892
       407;       545;         1;BR      ;30/10/2022 17:17:36;         472075;     156454011;           61;                   8635;                                     0,018292;       16679;               3057197;         13059;                 2358435;                12653;                        2267795;             6770;                     982197;                                     0,433107;                       5883;                              1285598;                                     0,566893;                107;                        34305;                                     0,014546;              299;                      56335;                                     0,023887
       407;       545;         1;BR      ;30/10/2022 17:17:39;         472075;     156454011;           38;                   8673;                                     0,018372;        9669;               3066866;          7431;                 2365866;                 7228;                        2275023;             4299;                     986496;                                     0,433620;                       2929;                              1288527;                                     0,566380;                 54;                        34359;                                     0,014523;              149;                      56484;                                     0,023875
       407;       545;         1;BR      ;30/10/2022 17:18:21;         472075;     156454011;           18;                   8691;                                     0,018410;        4922;               3071788;          3883;                 2369749;                 3737;                        2278760;             2346;                     988842;                                     0,433939;                       1391;                              1289918;                                     0,566061;                 60;                        34419;                                     0,014524;               86;                      56570;                                     0,023872
       407;       545;         1;BR      ;30/10/2022 17:18:22;         472075;     156454011;           89;                   8780;                                     0,018599;       28784;               3100572;         22878;                 2392627;                21658;                        2300418;            10011;                     998853;                                     0,434205;                      11647;                              1301565;                                     0,565795;                395;                        34814;                                     0,014551;              825;                      57395;                                     0,023988
       407;       545;         1;BR      ;30/10/2022 17:18:23;         472075;     156454011;            5;                   8785;                                     0,018609;        1670;               3102242;          1370;                 2393997;                 1319;                        2301737;              546;                     999399;                                     0,434193;                        773;                              1302338;                                     0,565807;                 16;                        34830;                                     0,014549;               35;                      57430;                                     0,023989
       407;       545;         1;BR      ;30/10/2022 17:18:24;         472075;     156454011;            2;                   8787;                                     0,018614;         466;               3102708;           331;                 2394328;                  316;                        2302053;              255;                     999654;                                     0,434245;                         61;                              1302399;                                     0,565755;                  1;                        34831;                                     0,014547;               14;                      57444;                                     0,023992
       407;       545;         1;BR      ;30/10/2022 17:18:25;         472075;     156454011;            5;                   8792;                                     0,018624;        1624;               3104332;          1382;                 2395710;                 1319;                        2303372;              594;                    1000248;                                     0,434254;                        725;                              1303124;                                     0,565746;                 28;                        34859;                                     0,014551;               35;                      57479;                                     0,023992
       407;       545;         1;BR      ;30/10/2022 17:18:26;         472075;     156454011;            6;                   8798;                                     0,018637;        1421;               3105753;          1102;                 2396812;                 1038;                        2304410;              683;                    1000931;                                     0,434355;                        355;                              1303479;                                     0,565645;                 16;                        34875;                                     0,014551;               48;                      57527;                                     0,024001
       407;       545;         1;BR      ;30/10/2022 17:18:27;         472075;     156454011;          403;                   9201;                                     0,019491;      131449;               3237202;        109279;                 2506091;               105261;                        2409671;            42472;                    1043403;                                     0,433006;                      62789;                              1366268;                                     0,566994;               1783;                        36658;                                     0,014628;             2235;                      59762;                                     0,023847
       407;       545;         1;BR      ;30/10/2022 17:18:28;         472075;     156454011;           44;                   9245;                                     0,019584;       14747;               3251949;         12241;                 2518332;                11875;                        2421546;             4762;                    1048165;                                     0,432850;                       7113;                              1373381;                                     0,567150;                149;                        36807;                                     0,014616;              217;                      59979;                                     0,023817
       407;       545;         1;BR      ;30/10/2022 17:18:29;         472075;     156454011;            4;                   9249;                                     0,019592;        1115;               3253064;           869;                 2519201;                  853;                        2422399;              456;                    1048621;                                     0,432885;                        397;                              1373778;                                     0,567115;                  8;                        36815;                                     0,014614;                8;                      59987;                                     0,023812
       407;       545;         1;BR      ;30/10/2022 17:18:30;         472075;     156454011;           47;                   9296;                                     0,019692;       16177;               3269241;         13038;                 2532239;                12642;                        2435041;             6577;                    1055198;                                     0,433339;                       6065;                              1379843;                                     0,566661;                136;                        36951;                                     0,014592;              260;                      60247;                                     0,023792
       407;       545;         1;BR      ;30/10/2022 17:18:31;         472075;     156454011;          183;                   9479;                                     0,020079;       68250;               3337491;         56554;                 2588793;                54376;                        2489417;            25919;                    1081117;                                     0,434285;                      28457;                              1408300;                                     0,565715;                708;                        37659;                                     0,014547;             1470;                      61717;                                     0,023840
       407;       545;         1;BR      ;30/10/2022 17:18:32;         472075;     156454011;            1;                   9480;                                     0,020082;         256;               3337747;           173;                 2588966;                  160;                        2489577;               62;                    1081179;                                     0,434282;                         98;                              1408398;                                     0,565718;                  1;                        37660;                                     0,014546;               12;                      61729;                                     0,023843
       407;       545;         1;BR      ;30/10/2022 17:18:34;         472075;     156454011;            2;                   9482;                                     0,020086;         553;               3338300;           374;                 2589340;                  354;                        2489931;              251;                    1081430;                                     0,434321;                        103;                              1408501;                                     0,565679;                  3;                        37663;                                     0,014545;               17;                      61746;                                     0,023846
       407;       545;         1;BR      ;30/10/2022 17:18:35;         472075;     156454011;            4;                   9486;                                     0,020094;        1225;               3339525;           892;                 2590232;                  821;                        2490752;              621;                    1082051;                                     0,434427;                        200;                              1408701;                                     0,565573;                 11;                        37674;                                     0,014545;               60;                      61806;                                     0,023861
       407;       545;         1;BR      ;30/10/2022 17:18:36;         472075;     156454011;           38;                   9524;                                     0,020175;       12796;               3352321;         10715;                 2600947;                10066;                        2500818;             6033;                    1088084;                                     0,435091;                       4033;                              1412734;                                     0,564909;                142;                        37816;                                     0,014539;              507;                      62313;                                     0,023958
       407;       545;         1;BR      ;30/10/2022 17:18:37;         472075;     156454011;           45;                   9569;                                     0,020270;       13012;               3365333;          9919;                 2610866;                 9594;                        2510412;             3695;                    1091779;                                     0,434900;                       5899;                              1418633;                                     0,565100;                 97;                        37913;                                     0,014521;              228;                      62541;                                     0,023954
       407;       545;         1;BR      ;30/10/2022 17:18:38;         472075;     156454011;           61;                   9630;                                     0,020399;       17793;               3383126;         14192;                 2625058;                13702;                        2524114;             6606;                    1098385;                                     0,435157;                       7096;                              1425729;                                     0,564843;                164;                        38077;                                     0,014505;              326;                      62867;                                     0,023949
       407;       545;         1;BR      ;30/10/2022 17:18:44;         472075;     156454011;           53;                   9683;                                     0,020512;       12899;               3396025;          9895;                 2634953;                 9617;                        2533731;             5959;                    1104344;                                     0,435857;                       3658;                              1429387;                                     0,564143;                 74;                        38151;                                     0,014479;              204;                      63071;                                     0,023936
       407;       545;         1;BR      ;30/10/2022 17:19:24;         472075;     156454011;           97;                   9780;                                     0,020717;       32012;               3428037;         25015;                 2659968;                23930;                        2557661;            13293;                    1117637;                                     0,436976;                      10637;                              1440024;                                     0,563024;                327;                        38478;                                     0,014466;              758;                      63829;                                     0,023996
       407;       545;         1;BR      ;30/10/2022 17:19:25;         472075;     156454011;           89;                   9869;                                     0,020906;       31453;               3459490;         25939;                 2685907;                24251;                        2581912;            15247;                    1132884;                                     0,438777;                       9004;                              1449028;                                     0,561223;                391;                        38869;                                     0,014471;             1297;                      65126;                                     0,024247
       407;       545;         1;BR      ;30/10/2022 17:19:28;         472075;     156454011;           24;                   9893;                                     0,020956;        6462;               3465952;          4828;                 2690735;                 4681;                        2586593;             2090;                    1134974;                                     0,438791;                       2591;                              1451619;                                     0,561209;                 51;                        38920;                                     0,014464;               96;                      65222;                                     0,024239
       407;       545;         1;BR      ;30/10/2022 17:19:29;         472075;     156454011;           22;                   9915;                                     0,021003;        6929;               3472881;          5672;                 2696407;                 5374;                        2591967;             2825;                    1137799;                                     0,438971;                       2549;                              1454168;                                     0,561029;                106;                        39026;                                     0,014473;              192;                      65414;                                     0,024260
       407;       545;         1;BR      ;30/10/2022 17:19:30;         472075;     156454011;           31;                   9946;                                     0,021069;        9867;               3482748;          7933;                 2704340;                 7578;                        2599545;             3048;                    1140847;                                     0,438864;                       4530;                              1458698;                                     0,561136;                131;                        39157;                                     0,014479;              224;                      65638;                                     0,024271
       407;       545;         1;BR      ;30/10/2022 17:19:31;         472075;     156454011;           69;                  10015;                                     0,021215;       22075;               3504823;         18289;                 2722629;                17493;                        2617038;             6315;                    1147162;                                     0,438344;                      11178;                              1469876;                                     0,561656;                273;                        39430;                                     0,014482;              523;                      66161;                                     0,024300
       407;       545;         1;BR      ;30/10/2022 17:19:32;         472075;     156454011;           34;                  10049;                                     0,021287;       11364;               3516187;          9035;                 2731664;                 8710;                        2625748;             2751;                    1149913;                                     0,437937;                       5959;                              1475835;                                     0,562063;                129;                        39559;                                     0,014482;              196;                      66357;                                     0,024292
       407;       545;         1;BR      ;30/10/2022 17:19:33;         472075;     156454011;            1;                  10050;                                     0,021289;         232;               3516419;           182;                 2731846;                  176;                        2625924;               73;                    1149986;                                     0,437936;                        103;                              1475938;                                     0,562064;                  3;                        39562;                                     0,014482;                3;                      66360;                                     0,024291
       407;       545;         1;BR      ;30/10/2022 17:19:35;         472075;     156454011;           17;                  10067;                                     0,021325;        4754;               3521173;          3792;                 2735638;                 3650;                        2629574;             1993;                    1151979;                                     0,438086;                       1657;                              1477595;                                     0,561914;                 46;                        39608;                                     0,014479;               96;                      66456;                                     0,024293
       407;       545;         1;BR      ;30/10/2022 17:19:36;         472075;     156454011;           39;                  10106;                                     0,021408;       11724;               3532897;          9645;                 2745283;                 9303;                        2638877;             6795;                    1158774;                                     0,439116;                       2508;                              1480103;                                     0,560884;                 90;                        39698;                                     0,014460;              252;                      66708;                                     0,024299
       407;       545;         1;BR      ;30/10/2022 17:19:37;         472075;     156454011;          782;                  10888;                                     0,023064;      253934;               3786831;        211931;                 2957214;               203888;                        2842765;            85063;                    1243837;                                     0,437545;                     118825;                              1598928;                                     0,562455;               3478;                        43176;                                     0,014600;             4565;                      71273;                                     0,024101
       407;       545;         1;BR      ;30/10/2022 17:19:38;         472075;     156454011;           30;                  10918;                                     0,023128;        8995;               3795826;          7295;                 2964509;                 7037;                        2849802;             2272;                    1246109;                                     0,437262;                       4765;                              1603693;                                     0,562738;                109;                        43285;                                     0,014601;              149;                      71422;                                     0,024092
       407;       545;         1;BR      ;30/10/2022 17:19:39;         472075;     156454011;          122;                  11040;                                     0,023386;       41304;               3837130;         33788;                 2998297;                32824;                        2882626;            12381;                    1258490;                                     0,436578;                      20443;                              1624136;                                     0,563422;                342;                        43627;                                     0,014551;              622;                      72044;                                     0,024028
       407;       545;         1;BR      ;30/10/2022 17:19:40;         472075;     156454011;           23;                  11063;                                     0,023435;        6367;               3843497;          5071;                 3003368;                 4928;                        2887554;             2011;                    1260501;                                     0,436529;                       2917;                              1627053;                                     0,563471;                 45;                        43672;                                     0,014541;               98;                      72142;                                     0,024020
       407;       545;         1;BR      ;30/10/2022 17:19:41;         472075;     156454011;          131;                  11194;                                     0,023712;       45531;               3889028;         36240;                 3039608;                35184;                        2922738;            18071;                    1278572;                                     0,437457;                      17113;                              1644166;                                     0,562543;                409;                        44081;                                     0,014502;              647;                      72789;                                     0,023947
       407;       545;         1;BR      ;30/10/2022 17:19:42;         472075;     156454011;          321;                  11515;                                     0,024392;      121886;               4010914;        101164;                 3140772;                97233;                        3019971;            46355;                    1324927;                                     0,438722;                      50878;                              1695044;                                     0,561278;               1244;                        45325;                                     0,014431;             2687;                      75476;                                     0,024031
       407;       545;         1;BR      ;30/10/2022 17:19:43;         472075;     156454011;           34;                  11549;                                     0,024464;        9914;               4020828;          6993;                 3147765;                 6639;                        3026610;             4468;                    1329395;                                     0,439236;                       2171;                              1697215;                                     0,560764;                 78;                        45403;                                     0,014424;              276;                      75752;                                     0,024065
       407;       545;         1;BR      ;30/10/2022 17:19:44;         472075;     156454011;           22;                  11571;                                     0,024511;        6726;               4027554;          5420;                 3153185;                 5136;                        3031746;             4035;                    1333430;                                     0,439822;                       1101;                              1698316;                                     0,560178;                 54;                        45457;                                     0,014416;              230;                      75982;                                     0,024097
       407;       545;         1;BR      ;30/10/2022 17:19:45;         472075;     156454011;          100;                  11671;                                     0,024723;       35145;               4062699;         28570;                 3181755;                27369;                        3059115;            15724;                    1349154;                                     0,441028;                      11645;                              1709961;                                     0,558972;                302;                        45759;                                     0,014382;              899;                      76881;                                     0,024163
       407;       545;         1;BR      ;30/10/2022 17:19:46;         472075;     156454011;          187;                  11858;                                     0,025119;       53203;               4115902;         41607;                 3223362;                39738;                        3098853;            16704;                    1365858;                                     0,440762;                      23034;                              1732995;                                     0,559238;                518;                        46277;                                     0,014357;             1351;                      78232;                                     0,024270
       407;       545;         1;BR      ;30/10/2022 17:19:47;         472075;     156454011;           98;                  11956;                                     0,025326;       30830;               4146732;         25269;                 3248631;                24551;                        3123404;             9686;                    1375544;                                     0,440399;                      14865;                              1747860;                                     0,559601;                239;                        46516;                                     0,014319;              479;                      78711;                                     0,024229
       407;       545;         1;BR      ;30/10/2022 17:19:51;         472075;     156454011;            4;                  11960;                                     0,025335;        1116;               4147848;           900;                 3249531;                  882;                        3124286;              548;                    1376092;                                     0,440450;                        334;                              1748194;                                     0,559550;                  4;                        46520;                                     0,014316;               14;                      78725;                                     0,024227
       407;       545;         1;BR      ;30/10/2022 17:19:52;         472075;     156454011;           13;                  11973;                                     0,025362;        3373;               4151221;          2528;                 3252059;                 2467;                        3126753;             1445;                    1377537;                                     0,440565;                       1022;                              1749216;                                     0,559435;                 19;                        46539;                                     0,014311;               42;                      78767;                                     0,024221
       407;       545;         1;BR      ;30/10/2022 17:19:53;         472075;     156454011;           40;                  12013;                                     0,025447;       10396;               4161617;          8206;                 3260265;                 7956;                        3134709;             4882;                    1382419;                                     0,441004;                       3074;                              1752290;                                     0,558996;                 61;                        46600;                                     0,014293;              189;                      78956;                                     0,024218
       407;       545;         1;BR      ;30/10/2022 17:19:54;         472075;     156454011;           77;                  12090;                                     0,025610;       19508;               4181125;         15228;                 3275493;                14821;                        3149530;             8497;                    1390916;                                     0,441627;                       6324;                              1758614;                                     0,558373;                125;                        46725;                                     0,014265;              282;                      79238;                                     0,024191
       407;       545;         1;BR      ;30/10/2022 17:19:55;         472075;     156454011;           18;                  12108;                                     0,025648;        4308;               4185433;          3345;                 3278838;                 3228;                        3152758;             1868;                    1392784;                                     0,441767;                       1360;                              1759974;                                     0,558233;                 28;                        46753;                                     0,014259;               89;                      79327;                                     0,024194
       407;       545;         1;BR      ;30/10/2022 17:20:26;         472075;     156454011;           66;                  12174;                                     0,025788;       20306;               4205739;         15857;                 3294695;                15295;                        3168053;             8268;                    1401052;                                     0,442244;                       7027;                              1767001;                                     0,557756;                181;                        46934;                                     0,014245;              381;                      79708;                                     0,024193
       407;       545;         1;BR      ;30/10/2022 17:20:27;         472075;     156454011;          126;                  12300;                                     0,026055;       41985;               4247724;         32758;                 3327453;                31239;                        3199292;            16057;                    1417109;                                     0,442945;                      15182;                              1782183;                                     0,557055;                388;                        47322;                                     0,014222;             1131;                      80839;                                     0,024295
       407;       545;         1;BR      ;30/10/2022 17:20:28;         472075;     156454011;           93;                  12393;                                     0,026252;       32724;               4280448;         26293;                 3353746;                24630;                        3223922;            16530;                    1433639;                                     0,444688;                       8100;                              1790283;                                     0,555312;                399;                        47721;                                     0,014229;             1264;                      82103;                                     0,024481
       407;       545;         1;BR      ;30/10/2022 17:20:29;         472075;     156454011;           13;                  12406;                                     0,026280;        4140;               4284588;          3167;                 3356913;                 3005;                        3226927;             2053;                    1435692;                                     0,444910;                        952;                              1791235;                                     0,555090;                 33;                        47754;                                     0,014226;              129;                      82232;                                     0,024496
       407;       545;         1;BR      ;30/10/2022 17:20:30;         472075;     156454011;           34;                  12440;                                     0,026352;        9766;               4294354;          7793;                 3364706;                 7552;                        3234479;             4135;                    1439827;                                     0,445150;                       3417;                              1794652;                                     0,554850;                 66;                        47820;                                     0,014212;              175;                      82407;                                     0,024492
       407;       545;         1;BR      ;30/10/2022 17:20:31;         472075;     156454011;            2;                  12442;                                     0,026356;         637;               4294991;           534;                 3365240;                  519;                        3234998;              291;                    1440118;                                     0,445168;                        228;                              1794880;                                     0,554832;                  8;                        47828;                                     0,014212;                7;                      82414;                                     0,024490
       407;       545;         1;BR      ;30/10/2022 17:20:32;         472075;     156454011;            1;                  12443;                                     0,026358;         243;               4295234;           180;                 3365420;                  172;                        3235170;               66;                    1440184;                                     0,445165;                        106;                              1794986;                                     0,554835;                  4;                        47832;                                     0,014213;                4;                      82418;                                     0,024490
       407;       545;         1;BR      ;30/10/2022 17:20:33;         472075;     156454011;           49;                  12492;                                     0,026462;       14829;               4310063;         11353;                 3376773;                10932;                        3246102;             4568;                    1444752;                                     0,445073;                       6364;                              1801350;                                     0,554927;                142;                        47974;                                     0,014207;              279;                      82697;                                     0,024490
       407;       545;         1;BR      ;30/10/2022 17:20:34;         472075;     156454011;           50;                  12542;                                     0,026568;       16485;               4326548;         13671;                 3390444;                13125;                        3259227;             4827;                    1449579;                                     0,444762;                       8298;                              1809648;                                     0,555238;                231;                        48205;                                     0,014218;              315;                      83012;                                     0,024484
       407;       545;         1;BR      ;30/10/2022 17:20:35;         472075;     156454011;           24;                  12566;                                     0,026619;        7665;               4334213;          6323;                 3396767;                 6004;                        3265231;             1891;                    1451470;                                     0,444523;                       4113;                              1813761;                                     0,555477;                127;                        48332;                                     0,014229;              192;                      83204;                                     0,024495
       407;       545;         1;BR      ;30/10/2022 17:20:36;         472075;     156454011;            2;                  12568;                                     0,026623;         551;               4334764;           467;                 3397234;                  445;                        3265676;              161;                    1451631;                                     0,444512;                        284;                              1814045;                                     0,555488;                  8;                        48340;                                     0,014229;               14;                      83218;                                     0,024496
       407;       545;         1;BR      ;30/10/2022 17:20:37;         472075;     156454011;           11;                  12579;                                     0,026646;        3311;               4338075;          2760;                 3399994;                 2683;                        3268359;             1060;                    1452691;                                     0,444471;                       1623;                              1815668;                                     0,555529;                 28;                        48368;                                     0,014226;               49;                      83267;                                     0,024490
       407;       545;         1;BR      ;30/10/2022 17:20:38;         472075;     156454011;           37;                  12616;                                     0,026725;       12064;               4350139;          9719;                 3409713;                 9343;                        3277702;             4592;                    1457283;                                     0,444605;                       4751;                              1820419;                                     0,555395;                133;                        48501;                                     0,014224;              243;                      83510;                                     0,024492
       407;       545;         1;BR      ;30/10/2022 17:20:39;         472075;     156454011;          403;                  13019;                                     0,027578;      133094;               4483233;        110836;                 3520549;               106742;                        3384444;            43789;                    1501072;                                     0,443521;                      62953;                              1883372;                                     0,556479;               1803;                        50304;                                     0,014289;             2291;                      85801;                                     0,024371
       407;       545;         1;BR      ;30/10/2022 17:20:40;         472075;     156454011;           29;                  13048;                                     0,027640;       10157;               4493390;          8297;                 3528846;                 7944;                        3392388;             2826;                    1503898;                                     0,443315;                       5118;                              1888490;                                     0,556685;                126;                        50430;                                     0,014291;              227;                      86028;                                     0,024379
       407;       545;         1;BR      ;30/10/2022 17:20:41;         472075;     156454011;           50;                  13098;                                     0,027746;       17055;               4510445;         13933;                 3542779;                13482;                        3405870;             4872;                    1508770;                                     0,442991;                       8610;                              1897100;                                     0,557009;                186;                        50616;                                     0,014287;              265;                      86293;                                     0,024357
       407;       545;         1;BR      ;30/10/2022 17:20:42;         472075;     156454011;           55;                  13153;                                     0,027862;       16288;               4526733;         12946;                 3555725;                12548;                        3418418;             5893;                    1514663;                                     0,443089;                       6655;                              1903755;                                     0,556911;                176;                        50792;                                     0,014285;              222;                      86515;                                     0,024331
       407;       545;         1;BR      ;30/10/2022 17:20:43;         472075;     156454011;          387;                  13540;                                     0,028682;      142557;               4669290;        115483;                 3671208;               111459;                        3529877;            53795;                    1568458;                                     0,444338;                      57664;                              1961419;                                     0,555662;               1329;                        52121;                                     0,014197;             2695;                      89210;                                     0,024300
       407;       545;         1;BR      ;30/10/2022 17:20:44;         472075;     156454011;           51;                  13591;                                     0,028790;       17749;               4687039;         14869;                 3686077;                14049;                        3543926;             7909;                    1576367;                                     0,444808;                       6140;                              1967559;                                     0,555192;                190;                        52311;                                     0,014192;              630;                      89840;                                     0,024373
       407;       545;         1;BR      ;30/10/2022 17:20:46;         472075;     156454011;           12;                  13603;                                     0,028815;        3843;               4690882;          2698;                 3688775;                 2657;                        3546583;             2002;                    1578369;                                     0,445039;                        655;                              1968214;                                     0,554961;                 12;                        52323;                                     0,014184;               29;                      89869;                                     0,024363
       407;       545;         1;BR      ;30/10/2022 17:20:47;         472075;     156454011;           93;                  13696;                                     0,029012;       28011;               4718893;         21925;                 3710700;                20948;                        3567531;             9801;                    1588170;                                     0,445173;                      11147;                              1979361;                                     0,554827;                257;                        52580;                                     0,014170;              720;                      90589;                                     0,024413
       407;       545;         1;BR      ;30/10/2022 17:20:48;         472075;     156454011;          109;                  13805;                                     0,029243;       32010;               4750903;         25624;                 3736324;                24555;                        3592086;            10816;                    1598986;                                     0,445141;                      13739;                              1993100;                                     0,554859;                289;                        52869;                                     0,014150;              780;                      91369;                                     0,024454
       407;       545;         1;BR      ;30/10/2022 17:20:49;         472075;     156454011;           19;                  13824;                                     0,029283;        5219;               4756122;          4216;                 3740540;                 4087;                        3596173;             2549;                    1601535;                                     0,445344;                       1538;                              1994638;                                     0,554656;                 31;                        52900;                                     0,014142;               98;                      91467;                                     0,024453
       407;       545;         1;BR      ;30/10/2022 17:20:52;         472075;     156454011;           30;                  13854;                                     0,029347;        7186;               4763308;          5530;                 3746070;                 5387;                        3601560;             2977;                    1604512;                                     0,445505;                       2410;                              1997048;                                     0,554495;                 36;                        52936;                                     0,014131;              107;                      91574;                                     0,024445
       407;       545;         1;BR      ;30/10/2022 17:20:53;         472075;     156454011;           55;                  13909;                                     0,029464;       15026;               4778334;         11892;                 3757962;                11461;                        3613021;             7534;                    1612046;                                     0,446177;                       3927;                              2000975;                                     0,553823;                 83;                        53019;                                     0,014108;              348;                      91922;                                     0,024461
       407;       545;         1;BR      ;30/10/2022 17:20:54;         472075;     156454011;           11;                  13920;                                     0,029487;        3108;               4781442;          2416;                 3760378;                 2338;                        3615359;              838;                    1612884;                                     0,446120;                       1500;                              2002475;                                     0,553880;                 19;                        53038;                                     0,014104;               59;                      91981;                                     0,024461
       407;       545;         1;BR      ;30/10/2022 17:21:30;         472075;     156454011;          159;                  14079;                                     0,029824;       51847;               4833289;         40819;                 3801197;                39208;                        3654567;            20846;                    1633730;                                     0,447038;                      18362;                              2020837;                                     0,552962;                487;                        53525;                                     0,014081;             1124;                      93105;                                     0,024494
       407;       545;         1;BR      ;30/10/2022 17:21:31;         472075;     156454011;           75;                  14154;                                     0,029983;       24028;               4857317;         18549;                 3819746;                17669;                        3672236;             7608;                    1641338;                                     0,446959;                      10061;                              2030898;                                     0,553041;                264;                        53789;                                     0,014082;              616;                      93721;                                     0,024536
       407;       545;         1;BR      ;30/10/2022 17:21:32;         472075;     156454011;           57;                  14211;                                     0,030103;       19202;               4876519;         15285;                 3835031;                14710;                        3686946;             5811;                    1647149;                                     0,446752;                       8899;                              2039797;                                     0,553248;                188;                        53977;                                     0,014075;              387;                      94108;                                     0,024539
       407;       545;         1;BR      ;30/10/2022 17:21:33;         472075;     156454011;           71;                  14282;                                     0,030254;       25188;               4901707;         20103;                 3855134;                18667;                        3705613;            12915;                    1660064;                                     0,447986;                       5752;                              2045549;                                     0,552014;                312;                        54289;                                     0,014082;             1124;                      95232;                                     0,024703
       407;       545;         1;BR      ;30/10/2022 17:21:36;         472075;     156454011;           16;                  14298;                                     0,030288;        4434;               4906141;          3469;                 3858603;                 3341;                        3708954;             2120;                    1662184;                                     0,448154;                       1221;                              2046770;                                     0,551846;                 42;                        54331;                                     0,014080;               86;                      95318;                                     0,024703
       407;       545;         1;BR      ;30/10/2022 17:21:37;         472075;     156454011;            2;                  14300;                                     0,030292;         625;               4906766;           469;                 3859072;                  452;                        3709406;              324;                    1662508;                                     0,448187;                        128;                              2046898;                                     0,551813;                  7;                        54338;                                     0,014081;               10;                      95328;                                     0,024702
       407;       545;         1;BR      ;30/10/2022 17:21:38;         472075;     156454011;           23;                  14323;                                     0,030341;        6811;               4913577;          5040;                 3864112;                 4851;                        3714257;             3780;                    1666288;                                     0,448619;                       1071;                              2047969;                                     0,551381;                 41;                        54379;                                     0,014073;              148;                      95476;                                     0,024708
       407;       545;         1;BR      ;30/10/2022 17:21:39;         472075;     156454011;          129;                  14452;                                     0,030614;       37573;               4951150;         29036;                 3893148;                27979;                        3742236;            17713;                    1684001;                                     0,449999;                      10266;                              2058235;                                     0,550001;                305;                        54684;                                     0,014046;              752;                      96228;                                     0,024717
       407;       545;         1;BR      ;30/10/2022 17:21:40;         472075;     156454011;           78;                  14530;                                     0,030779;       24706;               4975856;         19381;                 3912529;                18520;                        3760756;             8801;                    1692802;                                     0,450123;                       9719;                              2067954;                                     0,549877;                275;                        54959;                                     0,014047;              586;                      96814;                                     0,024745
       407;       545;         1;BR      ;30/10/2022 17:21:41;         472075;     156454011;            3;                  14533;                                     0,030785;        1007;               4976863;           890;                 3913419;                  856;                        3761612;              168;                    1692970;                                     0,450065;                        688;                              2068642;                                     0,549935;                 16;                        54975;                                     0,014048;               18;                      96832;                                     0,024744
       407;       545;         1;BR      ;30/10/2022 17:21:42;         472075;     156454011;            2;                  14535;                                     0,030790;         632;               4977495;           442;                 3913861;                  430;                        3762042;              193;                    1693163;                                     0,450065;                        237;                              2068879;                                     0,549935;                  7;                        54982;                                     0,014048;                5;                      96837;                                     0,024742
       407;       545;         1;BR      ;30/10/2022 17:21:43;         472075;     156454011;            6;                  14541;                                     0,030802;        1587;               4979082;          1288;                 3915149;                 1244;                        3763286;              728;                    1693891;                                     0,450110;                        516;                              2069395;                                     0,549890;                 17;                        54999;                                     0,014048;               27;                      96864;                                     0,024741
       407;       545;         1;BR      ;30/10/2022 17:21:44;         472075;     156454011;           13;                  14554;                                     0,030830;        4348;               4983430;          3552;                 3918701;                 3428;                        3766714;             1170;                    1695061;                                     0,450011;                       2258;                              2071653;                                     0,549989;                 52;                        55051;                                     0,014048;               72;                      96936;                                     0,024737
       407;       545;         1;BR      ;30/10/2022 17:21:46;         472075;     156454011;           61;                  14615;                                     0,030959;       19731;               5003161;         15910;                 3934611;                15301;                        3782015;             5684;                    1700745;                                     0,449693;                       9617;                              2081270;                                     0,550307;                217;                        55268;                                     0,014047;              392;                      97328;                                     0,024736
       407;       545;         1;BR      ;30/10/2022 17:21:47;         472075;     156454011;           98;                  14713;                                     0,031167;       30888;               5034049;         25375;                 3959986;                24299;                        3806314;             9794;                    1710539;                                     0,449395;                      14505;                              2095775;                                     0,550605;                424;                        55692;                                     0,014064;              652;                      97980;                                     0,024743
       407;       545;         1;BR      ;30/10/2022 17:21:49;         472075;     156454011;          439;                  15152;                                     0,032097;      139052;               5173101;        115508;                 4075494;               111228;                        3917542;            45922;                    1756461;                                     0,448358;                      65306;                              2161081;                                     0,551642;               1836;                        57528;                                     0,014116;             2444;                     100424;                                     0,024641
       407;       545;         1;BR      ;30/10/2022 17:21:50;         472075;     156454011;           24;                  15176;                                     0,032147;        7730;               5180831;          6380;                 4081874;                 6136;                        3923678;             2454;                    1758915;                                     0,448282;                       3682;                              2164763;                                     0,551718;                 95;                        57623;                                     0,014117;              149;                     100573;                                     0,024639
       407;       545;         1;BR      ;30/10/2022 17:21:51;         472075;     156454011;          115;                  15291;                                     0,032391;       39429;               5220260;         31853;                 4113727;                30883;                        3954561;            11507;                    1770422;                                     0,447691;                      19376;                              2184139;                                     0,552309;                389;                        58012;                                     0,014102;              581;                     101154;                                     0,024589
       407;       545;         1;BR      ;30/10/2022 17:21:52;         472075;     156454011;          110;                  15401;                                     0,032624;       36846;               5257106;         29332;                 4143059;                28539;                        3983100;            11355;                    1781777;                                     0,447334;                      17184;                              2201323;                                     0,552666;                287;                        58299;                                     0,014071;              506;                     101660;                                     0,024537
       407;       545;         1;BR      ;30/10/2022 17:21:53;         472075;     156454011;           34;                  15435;                                     0,032696;       10659;               5267765;          7795;                 4150854;                 7585;                        3990685;             3724;                    1785501;                                     0,447417;                       3861;                              2205184;                                     0,552583;                 74;                        58373;                                     0,014063;              136;                     101796;                                     0,024524
       407;       545;         1;BR      ;30/10/2022 17:21:54;         472075;     156454011;          106;                  15541;                                     0,032921;       36386;               5304151;         28397;                 4179251;                27605;                        4018290;            13348;                    1798849;                                     0,447665;                      14257;                              2219441;                                     0,552335;                314;                        58687;                                     0,014042;              478;                     102274;                                     0,024472
       407;       545;         1;BR      ;30/10/2022 17:21:55;         472075;     156454011;          376;                  15917;                                     0,033717;      141696;               5445847;        115288;                 4294539;               110619;                        4128909;            56314;                    1855163;                                     0,449311;                      54305;                              2273746;                                     0,550689;               1389;                        60076;                                     0,013989;             3280;                     105554;                                     0,024579
       407;       545;         1;BR      ;30/10/2022 17:21:56;         472075;     156454011;           17;                  15934;                                     0,033753;        5503;               5451350;          4704;                 4299243;                 4392;                        4133301;             2722;                    1857885;                                     0,449492;                       1670;                              2275416;                                     0,550508;                 73;                        60149;                                     0,013991;              239;                     105793;                                     0,024607
       407;       545;         1;BR      ;30/10/2022 17:21:57;         472075;     156454011;            4;                  15938;                                     0,033762;        1007;               5452357;           793;                 4300036;                  718;                        4134019;              610;                    1858495;                                     0,449561;                        108;                              2275524;                                     0,550439;                 10;                        60159;                                     0,013990;               65;                     105858;                                     0,024618
       407;       545;         1;BR      ;30/10/2022 17:21:58;         472075;     156454011;           63;                  16001;                                     0,033895;       19446;               5471803;         15029;                 4315065;                14486;                        4148505;             5811;                    1864306;                                     0,449392;                       8675;                              2284199;                                     0,550608;                148;                        60307;                                     0,013976;              395;                     106253;                                     0,024624
       407;       545;         1;BR      ;30/10/2022 17:21:59;         472075;     156454011;          138;                  16139;                                     0,034187;       35511;               5507314;         27972;                 4343037;                27026;                        4175531;            14425;                    1878731;                                     0,449938;                      12601;                              2296800;                                     0,550062;                244;                        60551;                                     0,013942;              702;                     106955;                                     0,024627
       407;       545;         1;BR      ;30/10/2022 17:22:00;         472075;     156454011;          225;                  16364;                                     0,034664;       65692;               5573006;         52007;                 4395044;                50099;                        4225630;            22949;                    1901680;                                     0,450035;                      27150;                              2323950;                                     0,549965;                513;                        61064;                                     0,013894;             1395;                     108350;                                     0,024653
       407;       545;         1;BR      ;30/10/2022 17:22:04;         472075;     156454011;           24;                  16388;                                     0,034715;        7945;               5580951;          6486;                 4401530;                 6069;                        4231699;             4940;                    1906620;                                     0,450557;                       1129;                              2325079;                                     0,549443;                 78;                        61142;                                     0,013891;              339;                     108689;                                     0,024693
       407;       545;         1;BR      ;30/10/2022 17:22:32;         472075;     156454011;          274;                  16662;                                     0,035295;      106531;               5687482;         87962;                 4489492;                84922;                        4316621;            49292;                    1955912;                                     0,453112;                      35630;                              2360709;                                     0,546888;                813;                        61955;                                     0,013800;             2227;                     110916;                                     0,024706
       407;       545;         1;BR      ;30/10/2022 17:22:33;         472075;     156454011;          302;                  16964;                                     0,035935;       92333;               5779815;         73401;                 4562893;                70820;                        4387441;            45616;                    2001528;                                     0,456195;                      25204;                              2385913;                                     0,543805;                801;                        62756;                                     0,013754;             1780;                     112696;                                     0,024698
       407;       545;         1;BR      ;30/10/2022 17:22:34;         472075;     156454011;          101;                  17065;                                     0,036149;       32608;               5812423;         26982;                 4589875;                25982;                        4413423;            17870;                    2019398;                                     0,457558;                       8112;                              2394025;                                     0,542442;                297;                        63053;                                     0,013737;              703;                     113399;                                     0,024706
       407;       545;         1;BR      ;30/10/2022 17:22:35;         472075;     156454011;           75;                  17140;                                     0,036308;       23829;               5836252;         18752;                 4608627;                18010;                        4431433;             8825;                    2028223;                                     0,457690;                       9185;                              2403210;                                     0,542310;                228;                        63281;                                     0,013731;              514;                     113913;                                     0,024717
       407;       545;         1;BR      ;30/10/2022 17:22:36;         472075;     156454011;           78;                  17218;                                     0,036473;       28713;               5864965;         23879;                 4632506;                22376;                        4453809;            15933;                    2044156;                                     0,458968;                       6443;                              2409653;                                     0,541032;                367;                        63648;                                     0,013739;             1136;                     115049;                                     0,024835
       407;       545;         1;BR      ;30/10/2022 17:22:37;         472075;     156454011;           41;                  17259;                                     0,036560;       12036;               5877001;          8987;                 4641493;                 8632;                        4462441;             5203;                    2049359;                                     0,459246;                       3429;                              2413082;                                     0,540754;                119;                        63767;                                     0,013738;              236;                     115285;                                     0,024838
       407;       545;         1;BR      ;30/10/2022 17:22:38;         472075;     156454011;           12;                  17271;                                     0,036585;        3240;               5880241;          2565;                 4644058;                 2472;                        4464913;             1986;                    2051345;                                     0,459437;                        486;                              2413568;                                     0,540563;                 23;                        63790;                                     0,013736;               70;                     115355;                                     0,024839
       407;       545;         1;BR      ;30/10/2022 17:22:39;         472075;     156454011;           24;                  17295;                                     0,036636;        7933;               5888174;          6621;                 4650679;                 6392;                        4471305;             4579;                    2055924;                                     0,459804;                       1813;                              2415381;                                     0,540196;                 53;                        63843;                                     0,013728;              176;                     115531;                                     0,024842
       407;       545;         1;BR      ;30/10/2022 17:22:40;         472075;     156454011;            8;                  17303;                                     0,036653;        2043;               5890217;          1490;                 4652169;                 1449;                        4472754;              699;                    2056623;                                     0,459811;                        750;                              2416131;                                     0,540189;                 17;                        63860;                                     0,013727;               24;                     115555;                                     0,024839
       407;       545;         1;BR      ;30/10/2022 17:22:41;         472075;     156454011;           61;                  17364;                                     0,036782;       18253;               5908470;         14109;                 4666278;                13614;                        4486368;             6086;                    2062709;                                     0,459773;                       7528;                              2423659;                                     0,540227;                158;                        64018;                                     0,013719;              337;                     115892;                                     0,024836
       407;       545;         1;BR      ;30/10/2022 17:22:42;         472075;     156454011;           48;                  17412;                                     0,036884;       14116;               5922586;         10784;                 4677062;                10323;                        4496691;             5474;                    2068183;                                     0,459934;                       4849;                              2428508;                                     0,540066;                140;                        64158;                                     0,013718;              321;                     116213;                                     0,024847
       407;       545;         1;BR      ;30/10/2022 17:22:43;         472075;     156454011;          200;                  17612;                                     0,037308;       65005;               5987591;         53830;                 4730892;                51823;                        4548514;            21639;                    2089822;                                     0,459452;                      30184;                              2458692;                                     0,540548;                845;                        65003;                                     0,013740;             1162;                     117375;                                     0,024810
       407;       545;         1;BR      ;30/10/2022 17:22:44;         472075;     156454011;           33;                  17645;                                     0,037378;       10982;               5998573;          9098;                 4739990;                 8801;                        4557315;             3232;                    2093054;                                     0,459273;                       5569;                              2464261;                                     0,540727;                130;                        65133;                                     0,013741;              167;                     117542;                                     0,024798
       407;       545;         1;BR      ;30/10/2022 17:22:45;         472075;     156454011;            6;                  17651;                                     0,037390;        1813;               6000386;          1544;                 4741534;                 1487;                        4558802;              468;                    2093522;                                     0,459226;                       1019;                              2465280;                                     0,540774;                 28;                        65161;                                     0,013743;               29;                     117571;                                     0,024796
       407;       545;         1;BR      ;30/10/2022 17:22:46;         472075;     156454011;            4;                  17655;                                     0,037399;        1616;               6002002;          1207;                 4742741;                 1172;                        4559974;              575;                    2094097;                                     0,459234;                        597;                              2465877;                                     0,540766;                 12;                        65173;                                     0,013742;               23;                     117594;                                     0,024795
       407;       545;         1;BR      ;30/10/2022 17:22:47;         472075;     156454011;           16;                  17671;                                     0,037433;        5419;               6007421;          4496;                 4747237;                 4325;                        4564299;             1654;                    2095751;                                     0,459162;                       2671;                              2468548;                                     0,540838;                 73;                        65246;                                     0,013744;               98;                     117692;                                     0,024792
       407;       545;         1;BR      ;30/10/2022 17:22:48;         472075;     156454011;          107;                  17778;                                     0,037659;       32925;               6040346;         27048;                 4774285;                25944;                        4590243;             9456;                    2105207;                                     0,458626;                      16488;                              2485036;                                     0,541374;                443;                        65689;                                     0,013759;              661;                     118353;                                     0,024790
       407;       545;         1;BR      ;30/10/2022 17:22:49;         472075;     156454011;          112;                  17890;                                     0,037897;       37099;               6077445;         30563;                 4804848;                29353;                        4619596;            12032;                    2117239;                                     0,458317;                      17321;                              2502357;                                     0,541683;                461;                        66150;                                     0,013767;              749;                     119102;                                     0,024788
       407;       545;         1;BR      ;30/10/2022 17:22:50;         472075;     156454011;           59;                  17949;                                     0,038022;       17993;               6095438;         14316;                 4819164;                13828;                        4633424;             5508;                    2122747;                                     0,458138;                       8320;                              2510677;                                     0,541862;                222;                        66372;                                     0,013773;              266;                     119368;                                     0,024769
       407;       545;         1;BR      ;30/10/2022 17:22:51;         472075;     156454011;           75;                  18024;                                     0,038180;       24108;               6119546;         19112;                 4838276;                18625;                        4652049;             8078;                    2130825;                                     0,458040;                      10547;                              2521224;                                     0,541960;                166;                        66538;                                     0,013752;              321;                     119689;                                     0,024738
       407;       545;         1;BR      ;30/10/2022 17:22:52;         472075;     156454011;           29;                  18053;                                     0,038242;       11001;               6130547;          8808;                 4847084;                 8512;                        4660561;             4139;                    2134964;                                     0,458092;                       4373;                              2525597;                                     0,541908;                112;                        66650;                                     0,013751;              184;                     119873;                                     0,024731
       407;       545;         1;BR      ;30/10/2022 17:22:53;         472075;     156454011;           53;                  18106;                                     0,038354;       17112;               6147659;         13100;                 4860184;                12787;                        4673348;             6469;                    2141433;                                     0,458222;                       6318;                              2531915;                                     0,541778;                133;                        66783;                                     0,013741;              180;                     120053;                                     0,024701
       407;       545;         1;BR      ;30/10/2022 17:22:54;         472075;     156454011;          223;                  18329;                                     0,038826;       75165;               6222824;         60049;                 4920233;                57777;                        4731125;            29580;                    2171013;                                     0,458879;                      28197;                              2560112;                                     0,541121;                735;                        67518;                                     0,013723;             1537;                     121590;                                     0,024712
       407;       545;         1;BR      ;30/10/2022 17:22:55;         472075;     156454011;          191;                  18520;                                     0,039231;       64019;               6286843;         51721;                 4971954;                49377;                        4780502;            22704;                    2193717;                                     0,458888;                      26673;                              2586785;                                     0,541112;                568;                        68086;                                     0,013694;             1776;                     123366;                                     0,024812
       407;       545;         1;BR      ;30/10/2022 17:22:56;         472075;     156454011;           53;                  18573;                                     0,039343;       15124;               6301967;         11902;                 4983856;                11318;                        4791820;             4716;                    2198433;                                     0,458789;                       6602;                              2593387;                                     0,541211;                167;                        68253;                                     0,013695;              417;                     123783;                                     0,024837
       407;       545;         1;BR      ;30/10/2022 17:22:58;         472075;     156454011;           54;                  18627;                                     0,039458;       16036;               6318003;         12565;                 4996421;                11924;                        4803744;             7446;                    2205879;                                     0,459200;                       4478;                              2597865;                                     0,540800;                140;                        68393;                                     0,013688;              501;                     124284;                                     0,024875
       407;       545;         1;BR      ;30/10/2022 17:22:59;         472075;     156454011;           98;                  18725;                                     0,039665;       25675;               6343678;         20007;                 5016428;                19346;                        4823090;            10524;                    2216403;                                     0,459540;                       8822;                              2606687;                                     0,540460;                151;                        68544;                                     0,013664;              510;                     124794;                                     0,024877
       407;       545;         1;BR      ;30/10/2022 17:23:02;         472075;     156454011;           12;                  18737;                                     0,039691;        3104;               6346782;          2339;                 5018767;                 2271;                        4825361;             1450;                    2217853;                                     0,459624;                        821;                              2607508;                                     0,540376;                 11;                        68555;                                     0,013660;               57;                     124851;                                     0,024877
       407;       545;         1;BR      ;30/10/2022 17:23:34;         472075;     156454011;          142;                  18879;                                     0,039992;       49076;               6395858;         39338;                 5058105;                37682;                        4863043;            19785;                    2237638;                                     0,460131;                      17897;                              2625405;                                     0,539869;                478;                        69033;                                     0,013648;             1178;                     126029;                                     0,024916
       407;       545;         1;BR      ;30/10/2022 17:23:35;         472075;     156454011;          152;                  19031;                                     0,040314;       50700;               6446558;         40681;                 5098786;                39306;                        4902349;            23599;                    2261237;                                     0,461256;                      15707;                              2641112;                                     0,538744;                416;                        69449;                                     0,013621;              959;                     126988;                                     0,024906
       407;       545;         1;BR      ;30/10/2022 17:23:36;         472075;     156454011;           89;                  19120;                                     0,040502;       27945;               6474503;         21704;                 5120490;                20633;                        4922982;             9051;                    2270288;                                     0,461161;                      11582;                              2652694;                                     0,538839;                341;                        69790;                                     0,013630;              730;                     127718;                                     0,024943
       407;       545;         1;BR      ;30/10/2022 17:23:37;         472075;     156454011;           37;                  19157;                                     0,040580;       14813;               6489316;         12321;                 5132811;                11433;                        4934415;             7637;                    2277925;                                     0,461640;                       3796;                              2656490;                                     0,538360;                210;                        70000;                                     0,013638;              678;                     128396;                                     0,025015
       407;       545;         1;BR      ;30/10/2022 17:23:38;         472075;     156454011;           36;                  19193;                                     0,040657;       11968;               6501284;          8698;                 5141509;                 8260;                        4942675;             5635;                    2283560;                                     0,462009;                       2625;                              2659115;                                     0,537991;                 98;                        70098;                                     0,013634;              340;                     128736;                                     0,025039
       407;       545;         1;BR      ;30/10/2022 17:23:39;         472075;     156454011;           14;                  19207;                                     0,040686;        4191;               6505475;          3235;                 5144744;                 3086;                        4945761;             1927;                    2285487;                                     0,462110;                       1159;                              2660274;                                     0,537890;                 37;                        70135;                                     0,013632;              112;                     128848;                                     0,025045
       407;       545;         1;BR      ;30/10/2022 17:23:40;         472075;     156454011;            1;                  19208;                                     0,040688;         323;               6505798;           191;                 5144935;                  187;                        4945948;              124;                    2285611;                                     0,462118;                         63;                              2660337;                                     0,537882;                  2;                        70137;                                     0,013632;                2;                     128850;                                     0,025044
       407;       545;         1;BR      ;30/10/2022 17:23:41;         472075;     156454011;            1;                  19209;                                     0,040691;         232;               6506030;           188;                 5145123;                  183;                        4946131;              156;                    2285767;                                     0,462132;                         27;                              2660364;                                     0,537868;                  1;                        70138;                                     0,013632;                4;                     128854;                                     0,025044
       407;       545;         1;BR      ;30/10/2022 17:23:42;         472075;     156454011;           41;                  19250;                                     0,040777;       13266;               6519296;         10059;                 5155182;                 9538;                        4955669;             5574;                    2291341;                                     0,462368;                       3964;                              2664328;                                     0,537632;                125;                        70263;                                     0,013630;              396;                     129250;                                     0,025072
       407;       545;         1;BR      ;30/10/2022 17:23:43;         472075;     156454011;           34;                  19284;                                     0,040849;       10766;               6530062;          8918;                 5164100;                 8604;                        4964273;             5855;                    2297196;                                     0,462746;                       2749;                              2667077;                                     0,537254;                 93;                        70356;                                     0,013624;              221;                     129471;                                     0,025071
       407;       545;         1;BR      ;30/10/2022 17:23:44;         472075;     156454011;            4;                  19288;                                     0,040858;        1165;               6531227;           899;                 5164999;                  885;                        4965158;              280;                    2297476;                                     0,462720;                        605;                              2667682;                                     0,537280;                  7;                        70363;                                     0,013623;                7;                     129478;                                     0,025068
       407;       545;         1;BR      ;30/10/2022 17:23:45;         472075;     156454011;            9;                  19297;                                     0,040877;        2650;               6533877;          1810;                 5166809;                 1773;                        4966931;              886;                    2298362;                                     0,462733;                        887;                              2668569;                                     0,537267;                 16;                        70379;                                     0,013621;               21;                     129499;                                     0,025064
       407;       545;         1;BR      ;30/10/2022 17:23:46;         472075;     156454011;           57;                  19354;                                     0,040998;       17269;               6551146;         13055;                 5179864;                12682;                        4979613;             6537;                    2304899;                                     0,462867;                       6145;                              2674714;                                     0,537133;                127;                        70506;                                     0,013612;              246;                     129745;                                     0,025048
       407;       545;         1;BR      ;30/10/2022 17:23:47;         472075;     156454011;          252;                  19606;                                     0,041532;       82395;               6633541;         68648;                 5248512;                66278;                        5045891;            27504;                    2332403;                                     0,462238;                      38774;                              2713488;                                     0,537762;               1002;                        71508;                                     0,013624;             1368;                     131113;                                     0,024981
       407;       545;         1;BR      ;30/10/2022 17:23:48;         472075;     156454011;           52;                  19658;                                     0,041642;       17203;               6650744;         14269;                 5262781;                13795;                        5059686;             4436;                    2336839;                                     0,461855;                       9359;                              2722847;                                     0,538145;                206;                        71714;                                     0,013627;              268;                     131381;                                     0,024964
       407;       545;         1;BR      ;30/10/2022 17:23:49;         472075;     156454011;           67;                  19725;                                     0,041784;       23163;               6673907;         18805;                 5281586;                18081;                        5077767;             7210;                    2344049;                                     0,461630;                      10871;                              2733718;                                     0,538370;                285;                        71999;                                     0,013632;              439;                     131820;                                     0,024958
       407;       545;         1;BR      ;30/10/2022 17:23:50;         472075;     156454011;           35;                  19760;                                     0,041858;       11951;               6685858;          9705;                 5291291;                 9331;                        5087098;             3616;                    2347665;                                     0,461494;                       5715;                              2739433;                                     0,538506;                165;                        72164;                                     0,013638;              209;                     132029;                                     0,024952
       407;       545;         1;BR      ;30/10/2022 17:23:51;         472075;     156454011;           65;                  19825;                                     0,041995;       20237;               6706095;         15922;                 5307213;                15347;                        5102445;             5936;                    2353601;                                     0,461269;                       9411;                              2748844;                                     0,538731;                241;                        72405;                                     0,013643;              334;                     132363;                                     0,024940
       407;       545;         1;BR      ;30/10/2022 17:23:52;         472075;     156454011;           38;                  19863;                                     0,042076;       13055;               6719150;         10737;                 5317950;                10280;                        5112725;             3440;                    2357041;                                     0,461015;                       6840;                              2755684;                                     0,538985;                176;                        72581;                                     0,013648;              281;                     132644;                                     0,024943
       407;       545;         1;BR      ;30/10/2022 17:23:53;         472075;     156454011;            8;                  19871;                                     0,042093;        1946;               6721096;          1554;                 5319504;                 1464;                        5114189;              520;                    2357561;                                     0,460984;                        944;                              2756628;                                     0,539016;                 28;                        72609;                                     0,013650;               62;                     132706;                                     0,024947
       407;       545;         1;BR      ;30/10/2022 17:23:54;         472075;     156454011;           22;                  19893;                                     0,042139;        6856;               6727952;          5224;                 5324728;                 5033;                        5119222;             2025;                    2359586;                                     0,460927;                       3008;                              2759636;                                     0,539073;                 71;                        72680;                                     0,013650;              120;                     132826;                                     0,024945
       407;       545;         1;BR      ;30/10/2022 17:23:55;         472075;     156454011;          112;                  20005;                                     0,042377;       35404;               6763356;         29163;                 5353891;                27970;                        5147192;            10371;                    2369957;                                     0,460437;                      17599;                              2777235;                                     0,539563;                492;                        73172;                                     0,013667;              701;                     133527;                                     0,024940
       407;       545;         1;BR      ;30/10/2022 17:23:56;         472075;     156454011;           19;                  20024;                                     0,042417;        5910;               6769266;          4905;                 5358796;                 4685;                        5151877;             1609;                    2371566;                                     0,460330;                       3076;                              2780311;                                     0,539670;                108;                        73280;                                     0,013675;              112;                     133639;                                     0,024938
       407;       545;         1;BR      ;30/10/2022 17:23:57;         472075;     156454011;           12;                  20036;                                     0,042442;        3781;               6773047;          3151;                 5361947;                 3088;                        5154965;             1429;                    2372995;                                     0,460332;                       1659;                              2781970;                                     0,539668;                 29;                        73309;                                     0,013672;               34;                     133673;                                     0,024930
       407;       545;         1;BR      ;30/10/2022 17:23:58;         472075;     156454011;           29;                  20065;                                     0,042504;        9599;               6782646;          7463;                 5369410;                 7310;                        5162275;             2299;                    2375294;                                     0,460125;                       5011;                              2786981;                                     0,539875;                 64;                        73373;                                     0,013665;               89;                     133762;                                     0,024912
       407;       545;         1;BR      ;30/10/2022 17:23:59;         472075;     156454011;           89;                  20154;                                     0,042692;       29298;               6811944;         22806;                 5392216;                22156;                        5184431;             9902;                    2385196;                                     0,460069;                      12254;                              2799235;                                     0,539931;                227;                        73600;                                     0,013649;              423;                     134185;                                     0,024885
       407;       545;         1;BR      ;30/10/2022 17:24:00;         472075;     156454011;          143;                  20297;                                     0,042995;       50923;               6862867;         40700;                 5432916;                39475;                        5223906;            20571;                    2405767;                                     0,460530;                      18904;                              2818139;                                     0,539470;                436;                        74036;                                     0,013627;              789;                     134974;                                     0,024844
       407;       545;         1;BR      ;30/10/2022 17:24:01;         472075;     156454011;          148;                  20445;                                     0,043309;       53426;               6916293;         44119;                 5477035;                41998;                        5265904;            17975;                    2423742;                                     0,460271;                      24023;                              2842162;                                     0,539729;                555;                        74591;                                     0,013619;             1566;                     136540;                                     0,024930
       407;       545;         1;BR      ;30/10/2022 17:24:02;         472075;     156454011;            5;                  20450;                                     0,043319;        1634;               6917927;          1309;                 5478344;                 1222;                        5267126;              962;                    2424704;                                     0,460347;                        260;                              2842422;                                     0,539653;                 14;                        74605;                                     0,013618;               73;                     136613;                                     0,024937
       407;       545;         1;BR      ;30/10/2022 17:24:03;         472075;     156454011;           41;                  20491;                                     0,043406;       11504;               6929431;          9143;                 5487487;                 8774;                        5275900;             5079;                    2429783;                                     0,460544;                       3695;                              2846117;                                     0,539456;                 90;                        74695;                                     0,013612;              279;                     136892;                                     0,024946
       407;       545;         1;BR      ;30/10/2022 17:24:04;         472075;     156454011;          194;                  20685;                                     0,043817;       56398;               6985829;         45188;                 5532675;                43451;                        5319351;            21135;                    2450918;                                     0,460755;                      22316;                              2868433;                                     0,539245;                444;                        75139;                                     0,013581;             1293;                     138185;                                     0,024976
       407;       545;         1;BR      ;30/10/2022 17:24:05;         472075;     156454011;           13;                  20698;                                     0,043845;        3392;               6989221;          2534;                 5535209;                 2439;                        5321790;             1148;                    2452066;                                     0,460760;                       1291;                              2869724;                                     0,539240;                 25;                        75164;                                     0,013579;               70;                     138255;                                     0,024977
       407;       545;         1;BR      ;30/10/2022 17:24:06;         472075;     156454011;            4;                  20702;                                     0,043853;        1408;               6990629;          1028;                 5536237;                  976;                        5322766;              496;                    2452562;                                     0,460768;                        480;                              2870204;                                     0,539232;                 16;                        75180;                                     0,013580;               36;                     138291;                                     0,024979
       407;       545;         1;BR      ;30/10/2022 17:24:07;         472075;     156454011;            4;                  20706;                                     0,043862;         986;               6991615;           780;                 5537017;                  717;                        5323483;              547;                    2453109;                                     0,460809;                        170;                              2870374;                                     0,539191;                 12;                        75192;                                     0,013580;               51;                     138342;                                     0,024985
       407;       545;         1;BR      ;30/10/2022 17:24:08;         472075;     156454011;           19;                  20725;                                     0,043902;        5402;               6997017;          4297;                 5541314;                 4105;                        5327588;             2454;                    2455563;                                     0,460915;                       1651;                              2872025;                                     0,539085;                 42;                        75234;                                     0,013577;              150;                     138492;                                     0,024993
       407;       545;         1;BR      ;30/10/2022 17:24:12;         472075;     156454011;            6;                  20731;                                     0,043915;        1960;               6998977;          1471;                 5542785;                 1377;                        5328965;              949;                    2456512;                                     0,460974;                        428;                              2872453;                                     0,539026;                 19;                        75253;                                     0,013577;               75;                     138567;                                     0,025000
       407;       545;         1;BR      ;30/10/2022 17:24:13;         472075;     156454011;            5;                  20736;                                     0,043925;        1533;               7000510;          1285;                 5544070;                 1210;                        5330175;              991;                    2457503;                                     0,461055;                        219;                              2872672;                                     0,538945;                 14;                        75267;                                     0,013576;               61;                     138628;                                     0,025005
       407;       545;         1;BR      ;30/10/2022 17:24:37;         472075;     156454011;           69;                  20805;                                     0,044071;       24764;               7025274;         20299;                 5564369;                18926;                        5349101;            12604;                    2470107;                                     0,461780;                       6322;                              2878994;                                     0,538220;                259;                        75526;                                     0,013573;             1114;                     139742;                                     0,025114
       407;       545;         1;BR      ;30/10/2022 17:24:38;         472075;     156454011;          159;                  20964;                                     0,044408;       49816;               7075090;         38643;                 5603012;                36964;                        5386065;            24189;                    2494296;                                     0,463102;                      12775;                              2891769;                                     0,536898;                478;                        76004;                                     0,013565;             1201;                     140943;                                     0,025155
       407;       545;         1;BR      ;30/10/2022 17:24:39;         472075;     156454011;          206;                  21170;                                     0,044845;       68851;               7143941;         55205;                 5658217;                53021;                        5439086;            30828;                    2525124;                                     0,464255;                      22193;                              2913962;                                     0,535745;                627;                        76631;                                     0,013543;             1557;                     142500;                                     0,025185
       407;       545;         1;BR      ;30/10/2022 17:24:40;         472075;     156454011;           84;                  21254;                                     0,045023;       29507;               7173448;         23525;                 5681742;                22197;                        5461283;            10104;                    2535228;                                     0,464218;                      12093;                              2926055;                                     0,535782;                370;                        77001;                                     0,013552;              958;                     143458;                                     0,025249
       407;       545;         1;BR      ;30/10/2022 17:24:43;         472075;     156454011;           41;                  21295;                                     0,045109;       11068;               7184516;          8477;                 5690219;                 8085;                        5469368;             3238;                    2538466;                                     0,464124;                       4847;                              2930902;                                     0,535876;                138;                        77139;                                     0,013556;              254;                     143712;                                     0,025256
       407;       545;         1;BR      ;30/10/2022 17:24:44;         472075;     156454011;           13;                  21308;                                     0,045137;        4072;               7188588;          3122;                 5693341;                 2959;                        5472327;             2107;                    2540573;                                     0,464258;                        852;                              2931754;                                     0,535742;                 36;                        77175;                                     0,013555;              127;                     143839;                                     0,025264
       407;       545;         1;BR      ;30/10/2022 17:24:45;         472075;     156454011;           30;                  21338;                                     0,045200;        9642;               7198230;          8037;                 5701378;                 7736;                        5480063;             5216;                    2545789;                                     0,464555;                       2520;                              2934274;                                     0,535445;                 78;                        77253;                                     0,013550;              223;                     144062;                                     0,025268
       407;       545;         1;BR      ;30/10/2022 17:24:46;         472075;     156454011;            4;                  21342;                                     0,045209;         952;               7199182;           639;                 5702017;                  632;                        5480695;              217;                    2546006;                                     0,464541;                        415;                              2934689;                                     0,535459;                  1;                        77254;                                     0,013549;                6;                     144068;                                     0,025266
       407;       545;         1;BR      ;30/10/2022 17:24:48;         472075;     156454011;            1;                  21343;                                     0,045211;         257;               7199439;           159;                 5702176;                  158;                        5480853;               19;                    2546025;                                     0,464531;                        139;                              2934828;                                     0,535469;                  0;                        77254;                                     0,013548;                1;                     144069;                                     0,025266
       407;       545;         1;BR      ;30/10/2022 17:24:50;         472075;     156454011;           38;                  21381;                                     0,045292;       10511;               7209950;          7946;                 5710122;                 7731;                        5488584;             5024;                    2551049;                                     0,464792;                       2707;                              2937535;                                     0,535208;                 54;                        77308;                                     0,013539;              161;                     144230;                                     0,025259
       407;       545;         1;BR      ;30/10/2022 17:24:51;         472075;     156454011;          318;                  21699;                                     0,045965;      104954;               7314904;         86105;                 5796227;                83212;                        5571796;            33027;                    2584076;                                     0,463778;                      50185;                              2987720;                                     0,536222;               1233;                        78541;                                     0,013550;             1660;                     145890;                                     0,025170
       407;       545;         1;BR      ;30/10/2022 17:24:52;         472075;     156454011;           65;                  21764;                                     0,046103;       21790;               7336694;         16832;                 5813059;                16057;                        5587853;             7166;                    2591242;                                     0,463728;                       8891;                              2996611;                                     0,536272;                284;                        78825;                                     0,013560;              491;                     146381;                                     0,025181
       407;       545;         1;BR      ;30/10/2022 17:24:53;         472075;     156454011;            2;                  21766;                                     0,046107;         693;               7337387;           532;                 5813591;                  514;                        5588367;              190;                    2591432;                                     0,463719;                        324;                              2996935;                                     0,536281;                  7;                        78832;                                     0,013560;               11;                     146392;                                     0,025181
       407;       545;         1;BR      ;30/10/2022 17:24:54;         472075;     156454011;            4;                  21770;                                     0,046116;         962;               7338349;           696;                 5814287;                  668;                        5589035;              257;                    2591689;                                     0,463710;                        411;                              2997346;                                     0,536290;                 11;                        78843;                                     0,013560;               17;                     146409;                                     0,025181
       407;       545;         1;BR      ;30/10/2022 17:24:55;         472075;     156454011;           23;                  21793;                                     0,046164;        7646;               7345995;          6267;                 5820554;                 6006;                        5595041;             2219;                    2593908;                                     0,463608;                       3787;                              3001133;                                     0,536392;                109;                        78952;                                     0,013564;              152;                     146561;                                     0,025180
       407;       545;         1;BR      ;30/10/2022 17:24:56;         472075;     156454011;           60;                  21853;                                     0,046291;       18338;               7364333;         14675;                 5835229;                14041;                        5609082;             6256;                    2600164;                                     0,463563;                       7785;                              3008918;                                     0,536437;                261;                        79213;                                     0,013575;              373;                     146934;                                     0,025181
       407;       545;         1;BR      ;30/10/2022 17:24:57;         472075;     156454011;           71;                  21924;                                     0,046442;       22273;               7386606;         17972;                 5853201;                17312;                        5626394;             6072;                    2606236;                                     0,463216;                      11240;                              3020158;                                     0,536784;                259;                        79472;                                     0,013578;              401;                     147335;                                     0,025172
       407;       545;         1;BR      ;30/10/2022 17:24:58;         472075;     156454011;           86;                  22010;                                     0,046624;       26945;               7413551;         21627;                 5874828;                20780;                        5647174;             8121;                    2614357;                                     0,462950;                      12659;                              3032817;                                     0,537050;                318;                        79790;                                     0,013582;              529;                     147864;                                     0,025169
       407;       545;         1;BR      ;30/10/2022 17:24:59;         472075;     156454011;           40;                  22050;                                     0,046709;       11755;               7425306;          8746;                 5883574;                 8578;                        5655752;             2639;                    2616996;                                     0,462714;                       5939;                              3038756;                                     0,537286;                 78;                        79868;                                     0,013575;               90;                     147954;                                     0,025147
       407;       545;         1;BR      ;30/10/2022 17:25:00;         472075;     156454011;          126;                  22176;                                     0,046976;       43555;               7468861;         35045;                 5918619;                34029;                        5689781;            16266;                    2633262;                                     0,462806;                      17763;                              3056519;                                     0,537194;                388;                        80256;                                     0,013560;              628;                     148582;                                     0,025104
       407;       545;         1;BR      ;30/10/2022 17:25:01;         472075;     156454011;          214;                  22390;                                     0,047429;       76978;               7545839;         62891;                 5981510;                60325;                        5750106;            29334;                    2662596;                                     0,463052;                      30991;                              3087510;                                     0,536948;                795;                        81051;                                     0,013550;             1771;                     150353;                                     0,025136
       407;       545;         1;BR      ;30/10/2022 17:25:02;         472075;     156454011;          100;                  22490;                                     0,047641;       33258;               7579097;         26824;                 6008334;                25322;                        5775428;            17125;                    2679721;                                     0,463987;                       8197;                              3095707;                                     0,536013;                318;                        81369;                                     0,013543;             1184;                     151537;                                     0,025221
       407;       545;         1;BR      ;30/10/2022 17:25:03;         472075;     156454011;           27;                  22517;                                     0,047698;        7786;               7586883;          5975;                 6014309;                 5821;                        5781249;             3225;                    2682946;                                     0,464077;                       2596;                              3098303;                                     0,535923;                 48;                        81417;                                     0,013537;              106;                     151643;                                     0,025214
       407;       545;         1;BR      ;30/10/2022 17:25:04;         472075;     156454011;           77;                  22594;                                     0,047861;       21197;               7608080;         16745;                 6031054;                16226;                        5797475;             8203;                    2691149;                                     0,464193;                       8023;                              3106326;                                     0,535807;                161;                        81578;                                     0,013526;              358;                     152001;                                     0,025203
       407;       545;         1;BR      ;30/10/2022 17:25:05;         472075;     156454011;          156;                  22750;                                     0,048191;       43890;               7651970;         34534;                 6065588;                33166;                        5830641;            15547;                    2706696;                                     0,464219;                      17619;                              3123945;                                     0,535781;                401;                        81979;                                     0,013515;              967;                     152968;                                     0,025219
       407;       545;         1;BR      ;30/10/2022 17:25:06;         472075;     156454011;           15;                  22765;                                     0,048223;        4887;               7656857;          3680;                 6069268;                 3567;                        5834208;             2162;                    2708858;                                     0,464306;                       1405;                              3125350;                                     0,535694;                 30;                        82009;                                     0,013512;               83;                     153051;                                     0,025217
       407;       545;         1;BR      ;30/10/2022 17:25:41;         472075;     156454011;          230;                  22995;                                     0,048710;       69267;               7726124;         54255;                 6123523;                52197;                        5886405;            32218;                    2741076;                                     0,465662;                      19979;                              3145329;                                     0,534338;                657;                        82666;                                     0,013500;             1401;                     154452;                                     0,025223
       407;       545;         1;BR      ;30/10/2022 17:25:42;         472075;     156454011;          218;                  23213;                                     0,049172;       68713;               7794837;         54464;                 6177987;                51747;                        5938152;            23844;                    2764920;                                     0,465620;                      27903;                              3173232;                                     0,534380;                892;                        83558;                                     0,013525;             1825;                     156277;                                     0,025296
       407;       545;         1;BR      ;30/10/2022 17:25:43;         472075;     156454011;           85;                  23298;                                     0,049352;       34185;               7829022;         28023;                 6206010;                26990;                        5965142;            15161;                    2780081;                                     0,466054;                      11829;                              3185061;                                     0,533946;                313;                        83871;                                     0,013514;              720;                     156997;                                     0,025298
       407;       545;         1;BR      ;30/10/2022 17:25:45;         472075;     156454011;           18;                  23316;                                     0,049390;        6463;               7835485;          5206;                 6211216;                 4827;                        5969969;             3672;                    2783753;                                     0,466293;                       1155;                              3186216;                                     0,533707;                 59;                        83930;                                     0,013513;              320;                     157317;                                     0,025328
       407;       545;         1;BR      ;30/10/2022 17:25:46;         472075;     156454011;          101;                  23417;                                     0,049604;       30989;               7866474;         24758;                 6235974;                23797;                        5993766;            17223;                    2800976;                                     0,467315;                       6574;                              3192790;                                     0,532685;                258;                        84188;                                     0,013500;              703;                     158020;                                     0,025340
       407;       545;         1;BR      ;30/10/2022 17:25:47;         472075;     156454011;          190;                  23607;                                     0,050007;       62733;               7929207;         49795;                 6285769;                48038;                        6041804;            21448;                    2822424;                                     0,467149;                      26590;                              3219380;                                     0,532851;                505;                        84693;                                     0,013474;             1252;                     159272;                                     0,025339
       407;       545;         1;BR      ;30/10/2022 17:25:48;         472075;     156454011;          120;                  23727;                                     0,050261;       41852;               7971059;         33813;                 6319582;                31643;                        6073447;            22570;                    2844994;                                     0,468432;                       9073;                              3228453;                                     0,531568;                496;                        85189;                                     0,013480;             1674;                     160946;                                     0,025468
       407;       545;         1;BR      ;30/10/2022 17:25:50;         472075;     156454011;            9;                  23736;                                     0,050280;        2568;               7973627;          1546;                 6321128;                 1500;                        6074947;              924;                    2845918;                                     0,468468;                        576;                              3229029;                                     0,531532;                  6;                        85195;                                     0,013478;               40;                     160986;                                     0,025468
       407;       545;         1;BR      ;30/10/2022 17:25:51;         472075;     156454011;           78;                  23814;                                     0,050445;       23227;               7996854;         17037;                 6338165;                16286;                        6091233;            12692;                    2858610;                                     0,469299;                       3594;                              3232623;                                     0,530701;                189;                        85384;                                     0,013471;              562;                     161548;                                     0,025488
       407;       545;         1;BR      ;30/10/2022 17:25:52;         472075;     156454011;           43;                  23857;                                     0,050536;       13219;               8010073;         10605;                 6348770;                10217;                        6101450;             5697;                    2864307;                                     0,469447;                       4520;                              3237143;                                     0,530553;                101;                        85485;                                     0,013465;              287;                     161835;                                     0,025491
       407;       545;         1;BR      ;30/10/2022 17:25:53;         472075;     156454011;           97;                  23954;                                     0,050742;       31249;               8041322;         24797;                 6373567;                23875;                        6125325;            15409;                    2879716;                                     0,470133;                       8466;                              3245609;                                     0,529867;                267;                        85752;                                     0,013454;              655;                     162490;                                     0,025494
       407;       545;         1;BR      ;30/10/2022 17:25:54;         472075;     156454011;          368;                  24322;                                     0,051521;      117174;               8158496;         95572;                 6469139;                92274;                        6217599;            37956;                    2917672;                                     0,469260;                      54318;                              3299927;                                     0,530740;               1385;                        87137;                                     0,013470;             1913;                     164403;                                     0,025413
       407;       545;         1;BR      ;30/10/2022 17:25:55;         472075;     156454011;           49;                  24371;                                     0,051625;       15739;               8174235;         12619;                 6481758;                12263;                        6229862;             4507;                    2922179;                                     0,469060;                       7756;                              3307683;                                     0,530940;                143;                        87280;                                     0,013465;              213;                     164616;                                     0,025397
       407;       545;         1;BR      ;30/10/2022 17:25:56;         472075;     156454011;           51;                  24422;                                     0,051733;       16775;               8191010;         13765;                 6495523;                13295;                        6243157;             5239;                    2927418;                                     0,468900;                       8056;                              3315739;                                     0,531100;                185;                        87465;                                     0,013465;              285;                     164901;                                     0,025387
       407;       545;         1;BR      ;30/10/2022 17:25:57;         472075;     156454011;          163;                  24585;                                     0,052079;       56050;               8247060;         44936;                 6540459;                43471;                        6286628;            17781;                    2945199;                                     0,468486;                      25690;                              3341429;                                     0,531514;                613;                        88078;                                     0,013467;              852;                     165753;                                     0,025343
       407;       545;         1;BR      ;30/10/2022 17:25:58;         472075;     156454011;          153;                  24738;                                     0,052403;       48057;               8295117;         38027;                 6578486;                36516;                        6323144;            14242;                    2959441;                                     0,468033;                      22274;                              3363703;                                     0,531967;                569;                        88647;                                     0,013475;              942;                     166695;                                     0,025339
       407;       545;         1;BR      ;30/10/2022 17:25:59;         472075;     156454011;           27;                  24765;                                     0,052460;       10218;               8305335;          8054;                 6586540;                 7912;                        6331056;             1872;                    2961313;                                     0,467744;                       6040;                              3369743;                                     0,532256;                 56;                        88703;                                     0,013467;               86;                     166781;                                     0,025321
       407;       545;         1;BR      ;30/10/2022 17:26:00;         472075;     156454011;           27;                  24792;                                     0,052517;        8733;               8314068;          7274;                 6593814;                 7032;                        6338088;             2724;                    2964037;                                     0,467655;                       4308;                              3374051;                                     0,532345;                104;                        88807;                                     0,013468;              138;                     166919;                                     0,025314
       407;       545;         1;BR      ;30/10/2022 17:26:01;         472075;     156454011;          146;                  24938;                                     0,052826;       44723;               8358791;         36016;                 6629830;                34587;                        6372675;            14827;                    2978864;                                     0,467443;                      19760;                              3393811;                                     0,532557;                524;                        89331;                                     0,013474;              905;                     167824;                                     0,025313
       407;       545;         1;BR      ;30/10/2022 17:26:02;         472075;     156454011;          268;                  25206;                                     0,053394;       84407;               8443198;         67844;                 6697674;                65290;                        6437965;            25098;                    3003962;                                     0,466601;                      40192;                              3434003;                                     0,533399;                914;                        90245;                                     0,013474;             1640;                     169464;                                     0,025302
       407;       545;         1;BR      ;30/10/2022 17:26:03;         472075;     156454011;          107;                  25313;                                     0,053621;       36451;               8479649;         29993;                 6727667;                29034;                        6466999;            10865;                    3014827;                                     0,466186;                      18169;                              3452172;                                     0,533814;                348;                        90593;                                     0,013466;              611;                     170075;                                     0,025280
       407;       545;         1;BR      ;30/10/2022 17:26:05;         472075;     156454011;           40;                  25353;                                     0,053705;       12806;               8492455;         10256;                 6737923;                 9908;                        6476907;             3799;                    3018626;                                     0,466060;                       6109;                              3458281;                                     0,533940;                116;                        90709;                                     0,013462;              232;                     170307;                                     0,025276
       407;       545;         1;BR      ;30/10/2022 17:26:06;         472075;     156454011;           21;                  25374;                                     0,053750;        6867;               8499322;          5635;                 6743558;                 5418;                        6482325;             1656;                    3020282;                                     0,465926;                       3762;                              3462043;                                     0,534074;                 94;                        90803;                                     0,013465;              123;                     170430;                                     0,025273
       407;       545;         1;BR      ;30/10/2022 17:26:07;         472075;     156454011;            8;                  25382;                                     0,053767;        2565;               8501887;          1783;                 6745341;                 1751;                        6484076;             1163;                    3021445;                                     0,465979;                        588;                              3462631;                                     0,534021;                  8;                        90811;                                     0,013463;               24;                     170454;                                     0,025270
       407;       545;         1;BR      ;30/10/2022 17:26:08;         472075;     156454011;          162;                  25544;                                     0,054110;       54328;               8556215;         41764;                 6787105;                40672;                        6524748;            21808;                    3043253;                                     0,466417;                      18864;                              3481495;                                     0,533583;                382;                        91193;                                     0,013436;              710;                     171164;                                     0,025219
       407;       545;         1;BR      ;30/10/2022 17:26:09;         472075;     156454011;          199;                  25743;                                     0,054532;       70704;               8626919;         56437;                 6843542;                54559;                        6579307;            26122;                    3069375;                                     0,466519;                      28437;                              3509932;                                     0,533481;                656;                        91849;                                     0,013421;             1222;                     172386;                                     0,025190
       407;       545;         1;BR      ;30/10/2022 17:26:10;         472075;     156454011;           89;                  25832;                                     0,054720;       29119;               8656038;         24671;                 6868213;                23181;                        6602488;            14333;                    3083708;                                     0,467052;                       8848;                              3518780;                                     0,532948;                316;                        92165;                                     0,013419;             1174;                     173560;                                     0,025270
       407;       545;         1;BR      ;30/10/2022 17:26:11;         472075;     156454011;          207;                  26039;                                     0,055159;       70043;               8726081;         57042;                 6925255;                54106;                        6656594;            27260;                    3110968;                                     0,467351;                      26846;                              3545626;                                     0,532649;                741;                        92906;                                     0,013416;             2195;                     175755;                                     0,025379
       407;       545;         1;BR      ;30/10/2022 17:26:12;         472075;     156454011;            7;                  26046;                                     0,055173;        2201;               8728282;          1619;                 6926874;                 1557;                        6658151;             1187;                    3112155;                                     0,467420;                        370;                              3545996;                                     0,532580;                  9;                        92915;                                     0,013414;               53;                     175808;                                     0,025381
       407;       545;         1;BR      ;30/10/2022 17:26:13;         472075;     156454011;          122;                  26168;                                     0,055432;       35451;               8763733;         28009;                 6954883;                27065;                        6685216;            12722;                    3124877;                                     0,467431;                      14343;                              3560339;                                     0,532569;                278;                        93193;                                     0,013400;              666;                     176474;                                     0,025374
       407;       545;         1;BR      ;30/10/2022 17:26:14;         472075;     156454011;          177;                  26345;                                     0,055807;       49267;               8813000;         38222;                 6993105;                36396;                        6721612;            16436;                    3141313;                                     0,467345;                      19960;                              3580299;                                     0,532655;                475;                        93668;                                     0,013394;             1351;                     177825;                                     0,025429
       407;       545;         1;BR      ;30/10/2022 17:26:15;         472075;     156454011;           19;                  26364;                                     0,055847;        6310;               8819310;          5288;                 6998393;                 4882;                        6726494;             3631;                    3144944;                                     0,467546;                       1251;                              3581550;                                     0,532454;                106;                        93774;                                     0,013399;              300;                     178125;                                     0,025452
       407;       545;         1;BR      ;30/10/2022 17:26:16;         472075;     156454011;          128;                  26492;                                     0,056118;       34612;               8853922;         26895;                 7025288;                25981;                        6752475;            12838;                    3157782;                                     0,467648;                      13143;                              3594693;                                     0,532352;                222;                        93996;                                     0,013380;              692;                     178817;                                     0,025453
       407;       545;         1;BR      ;30/10/2022 17:26:19;         472075;     156454011;           26;                  26518;                                     0,056173;        6544;               8860466;          5141;                 7030429;                 5006;                        6757481;             2536;                    3160318;                                     0,467677;                       2470;                              3597163;                                     0,532323;                 42;                        94038;                                     0,013376;               93;                     178910;                                     0,025448
       407;       545;         1;BR      ;30/10/2022 17:26:44;         472075;     156454011;          159;                  26677;                                     0,056510;       53655;               8914121;         42146;                 7072575;                39923;                        6797404;            27499;                    3187817;                                     0,468976;                      12424;                              3609587;                                     0,531024;                551;                        94589;                                     0,013374;             1672;                     180582;                                     0,025533
       407;       545;         1;BR      ;30/10/2022 17:26:45;         472075;     156454011;          169;                  26846;                                     0,056868;       53129;               8967250;         40067;                 7112642;                38532;                        6835936;            20886;                    3208703;                                     0,469388;                      17646;                              3627233;                                     0,530612;                514;                        95103;                                     0,013371;             1021;                     181603;                                     0,025532
       407;       545;         1;BR      ;30/10/2022 17:26:46;         472075;     156454011;          162;                  27008;                                     0,057211;       50245;               9017495;         39138;                 7151780;                37263;                        6873199;            15760;                    3224463;                                     0,469136;                      21503;                              3648736;                                     0,530864;                625;                        95728;                                     0,013385;             1250;                     182853;                                     0,025567
       407;       545;         1;BR      ;30/10/2022 17:26:47;         472075;     156454011;            4;                  27012;                                     0,057220;        1471;               9018966;          1231;                 7153011;                 1200;                        6874399;              436;                    3224899;                                     0,469117;                        764;                              3649500;                                     0,530883;                 14;                        95742;                                     0,013385;               17;                     182870;                                     0,025565
       407;       545;         1;BR      ;30/10/2022 17:26:48;         472075;     156454011;           67;                  27079;                                     0,057362;       21135;               9040101;         16986;                 7169997;                16387;                        6890786;            11968;                    3236867;                                     0,469738;                       4419;                              3653919;                                     0,530262;                180;                        95922;                                     0,013378;              419;                     183289;                                     0,025563
       407;       545;         1;BR      ;30/10/2022 17:26:49;         472075;     156454011;          100;                  27179;                                     0,057573;       32762;               9072863;         26491;                 7196488;                25287;                        6916073;            16336;                    3253203;                                     0,470383;                       8951;                              3662870;                                     0,529617;                332;                        96254;                                     0,013375;              872;                     184161;                                     0,025590
       407;       545;         1;BR      ;30/10/2022 17:26:50;         472075;     156454011;          138;                  27317;                                     0,057866;       48833;               9121696;         39206;                 7235694;                37715;                        6953788;            18996;                    3272199;                                     0,470564;                      18719;                              3681589;                                     0,529436;                459;                        96713;                                     0,013366;             1032;                     185193;                                     0,025594
       407;       545;         1;BR      ;30/10/2022 17:26:51;         472075;     156454011;           21;                  27338;                                     0,057910;        6870;               9128566;          5591;                 7241285;                 5426;                        6959214;             1886;                    3274085;                                     0,470468;                       3540;                              3685129;                                     0,529532;                 47;                        96760;                                     0,013362;              118;                     185311;                                     0,025591
       407;       545;         1;BR      ;30/10/2022 17:26:52;         472075;     156454011;            4;                  27342;                                     0,057919;        1134;               9129700;           935;                 7242220;                  924;                        6960138;              402;                    3274487;                                     0,470463;                        522;                              3685651;                                     0,529537;                  2;                        96762;                                     0,013361;                9;                     185320;                                     0,025589
       407;       545;         1;BR      ;30/10/2022 17:26:53;         472075;     156454011;          173;                  27515;                                     0,058285;       53210;               9182910;         42381;                 7284601;                41007;                        7001145;            24771;                    3299258;                                     0,471245;                      16236;                              3701887;                                     0,528755;                387;                        97149;                                     0,013336;              987;                     186307;                                     0,025575
       407;       545;         1;BR      ;30/10/2022 17:26:54;         472075;     156454011;           54;                  27569;                                     0,058400;       17264;               9200174;         14116;                 7298717;                13622;                        7014767;             9487;                    3308745;                                     0,471683;                       4135;                              3706022;                                     0,528317;                135;                        97284;                                     0,013329;              359;                     186666;                                     0,025575
       407;       545;         1;BR      ;30/10/2022 17:26:55;         472075;     156454011;          137;                  27706;                                     0,058690;       45995;               9246169;         37816;                 7336533;                36492;                        7051259;            15182;                    3323927;                                     0,471395;                      21310;                              3727332;                                     0,528605;                610;                        97894;                                     0,013343;              714;                     187380;                                     0,025541
       407;       545;         1;BR      ;30/10/2022 17:26:56;         472075;     156454011;            3;                  27709;                                     0,058696;         717;               9246886;           575;                 7337108;                  554;                        7051813;              426;                    3324353;                                     0,471418;                        128;                              3727460;                                     0,528582;                  4;                        97898;                                     0,013343;               17;                     187397;                                     0,025541
       407;       545;         1;BR      ;30/10/2022 17:26:57;         472075;     156454011;           30;                  27739;                                     0,058760;        8086;               9254972;          6259;                 7343367;                 6070;                        7057883;             4771;                    3329124;                                     0,471689;                       1299;                              3728759;                                     0,528311;                 52;                        97950;                                     0,013339;              137;                     187534;                                     0,025538
       407;       545;         1;BR      ;30/10/2022 17:26:58;         472075;     156454011;          144;                  27883;                                     0,059065;       43744;               9298716;         34604;                 7377971;                33533;                        7091416;            14544;                    3343668;                                     0,471509;                      18989;                              3747748;                                     0,528491;                414;                        98364;                                     0,013332;              657;                     188191;                                     0,025507
       407;       545;         1;BR      ;30/10/2022 17:26:59;         472075;     156454011;          177;                  28060;                                     0,059440;       56190;               9354906;         44955;                 7422926;                43483;                        7134899;            16117;                    3359785;                                     0,470895;                      27366;                              3775114;                                     0,529105;                637;                        99001;                                     0,013337;              835;                     189026;                                     0,025465
       407;       545;         1;BR      ;30/10/2022 17:27:00;         472075;     156454011;          123;                  28183;                                     0,059700;       38644;               9393550;         31204;                 7454130;                30290;                        7165189;            12781;                    3372566;                                     0,470688;                      17509;                              3792623;                                     0,529312;                317;                        99318;                                     0,013324;              597;                     189623;                                     0,025439
       407;       545;         1;BR      ;30/10/2022 17:27:01;         472075;     156454011;          103;                  28286;                                     0,059918;       33220;               9426770;         27349;                 7481479;                26218;                        7191407;             9795;                    3382361;                                     0,470334;                      16423;                              3809046;                                     0,529666;                456;                        99774;                                     0,013336;              675;                     190298;                                     0,025436
       407;       545;         1;BR      ;30/10/2022 17:27:02;         472075;     156454011;           75;                  28361;                                     0,060077;       24201;               9450971;         20074;                 7501553;                19314;                        7210721;             7542;                    3389903;                                     0,470120;                      11772;                              3820818;                                     0,529880;                269;                       100043;                                     0,013336;              491;                     190789;                                     0,025433
       407;       545;         1;BR      ;30/10/2022 17:27:03;         472075;     156454011;          215;                  28576;                                     0,060533;       67583;               9518554;         55061;                 7556614;                52782;                        7263503;            20342;                    3410245;                                     0,469504;                      32440;                              3853258;                                     0,530496;                837;                       100880;                                     0,013350;             1442;                     192231;                                     0,025439
       407;       545;         1;BR      ;30/10/2022 17:27:04;         472075;     156454011;           38;                  28614;                                     0,060613;       11100;               9529654;          8761;                 7565375;                 8356;                        7271859;             3298;                    3413543;                                     0,469418;                       5058;                              3858316;                                     0,530582;                123;                       101003;                                     0,013351;              282;                     192513;                                     0,025447
       407;       545;         1;BR      ;30/10/2022 17:27:05;         472075;     156454011;           30;                  28644;                                     0,060677;        9180;               9538834;          7217;                 7572592;                 6964;                        7278823;             3274;                    3416817;                                     0,469419;                       3690;                              3862006;                                     0,530581;                 91;                       101094;                                     0,013350;              162;                     192675;                                     0,025444
       407;       545;         1;BR      ;30/10/2022 17:27:06;         472075;     156454011;           21;                  28665;                                     0,060721;        6828;               9545662;          5155;                 7577747;                 5020;                        7283843;             2637;                    3419454;                                     0,469457;                       2383;                              3864389;                                     0,530543;                 61;                       101155;                                     0,013349;               74;                     192749;                                     0,025436
       407;       545;         1;BR      ;30/10/2022 17:27:07;         472075;     156454011;           57;                  28722;                                     0,060842;       17025;               9562687;         13088;                 7590835;                12632;                        7296475;             6397;                    3425851;                                     0,469521;                       6235;                              3870624;                                     0,530479;                170;                       101325;                                     0,013348;              286;                     193035;                                     0,025430
       407;       545;         1;BR      ;30/10/2022 17:27:08;         472075;     156454011;           55;                  28777;                                     0,060959;       19487;               9582174;         15344;                 7606179;                14922;                        7311397;             8032;                    3433883;                                     0,469662;                       6890;                              3877514;                                     0,530338;                164;                       101489;                                     0,013343;              258;                     193293;                                     0,025413
       407;       545;         1;BR      ;30/10/2022 17:27:09;         472075;     156454011;          208;                  28985;                                     0,061399;       70470;               9652644;         55571;                 7661750;                53795;                        7365192;            27406;                    3461289;                                     0,469952;                      26389;                              3903903;                                     0,530048;                561;                       102050;                                     0,013319;             1215;                     194508;                                     0,025387
       407;       545;         1;BR      ;30/10/2022 17:27:10;         472075;     156454011;          189;                  29174;                                     0,061800;       68097;               9720741;         57294;                 7719044;                54046;                        7419238;            25786;                    3487075;                                     0,470004;                      28260;                              3932163;                                     0,529996;                773;                       102823;                                     0,013321;             2475;                     196983;                                     0,025519
       407;       545;         1;BR      ;30/10/2022 17:27:13;         472075;     156454011;           64;                  29238;                                     0,061935;       19969;               9740710;         15293;                 7734337;                14290;                        7433528;            10938;                    3498013;                                     0,470572;                       3352;                              3935515;                                     0,529428;                191;                       103014;                                     0,013319;              812;                     197795;                                     0,025574
       407;       545;         1;BR      ;30/10/2022 17:27:14;         472075;     156454011;          153;                  29391;                                     0,062259;       45343;               9786053;         36293;                 7770630;                34681;                        7468209;            18688;                    3516701;                                     0,470889;                      15993;                              3951508;                                     0,529111;                392;                       103406;                                     0,013307;             1220;                     199015;                                     0,025611
       407;       545;         1;BR      ;30/10/2022 17:27:15;         472075;     156454011;          165;                  29556;                                     0,062609;       45830;               9831883;         35342;                 7805972;                33879;                        7502088;            14655;                    3531356;                                     0,470716;                      19224;                              3970732;                                     0,529284;                346;                       103752;                                     0,013291;             1117;                     200132;                                     0,025638
       407;       545;         1;BR      ;30/10/2022 17:27:18;         472075;     156454011;           15;                  29571;                                     0,062640;        3180;               9835063;          2447;                 7808419;                 2362;                        7504450;              822;                    3532178;                                     0,470678;                       1540;                              3972272;                                     0,529322;                 23;                       103775;                                     0,013290;               62;                     200194;                                     0,025638
       407;       545;         1;BR      ;30/10/2022 17:27:48;         472075;     156454011;          176;                  29747;                                     0,063013;       55727;               9890790;         43358;                 7851777;                41792;                        7546242;            22026;                    3554204;                                     0,470990;                      19766;                              3992038;                                     0,529010;                551;                       104326;                                     0,013287;             1015;                     201209;                                     0,025626
       407;       545;         1;BR      ;30/10/2022 17:27:49;         472075;     156454011;          153;                  29900;                                     0,063337;       49685;               9940475;         38996;                 7890773;                36826;                        7583068;            14301;                    3568505;                                     0,470589;                      22525;                              4014563;                                     0,529411;                694;                       105020;                                     0,013309;             1476;                     202685;                                     0,025686
       407;       545;         1;BR      ;30/10/2022 17:27:50;         472075;     156454011;            2;                  29902;                                     0,063342;         747;               9941222;           473;                 7891246;                  452;                        7583520;              181;                    3568686;                                     0,470584;                        271;                              4014834;                                     0,529416;                  8;                       105028;                                     0,013309;               13;                     202698;                                     0,025686
       407;       545;         1;BR      ;30/10/2022 17:27:51;         472075;     156454011;          114;                  30016;                                     0,063583;       34669;               9975891;         27935;                 7919181;                26831;                        7610351;            18199;                    3586885;                                     0,471317;                       8632;                              4023466;                                     0,528683;                292;                       105320;                                     0,013299;              812;                     203510;                                     0,025698
       407;       545;         1;BR      ;30/10/2022 17:27:52;         472075;     156454011;           16;                  30032;                                     0,063617;        5506;               9981397;          4385;                 7923566;                 4202;                        7614553;             2437;                    3589322;                                     0,471377;                       1765;                              4025231;                                     0,528623;                 69;                       105389;                                     0,013301;              114;                     203624;                                     0,025699
       407;       545;         1;BR      ;30/10/2022 17:27:53;         472075;     156454011;           12;                  30044;                                     0,063642;        3611;               9985008;          2924;                 7926490;                 2803;                        7617356;             1883;                    3591205;                                     0,471450;                        920;                              4026151;                                     0,528550;                 32;                       105421;                                     0,013300;               89;                     203713;                                     0,025700
       407;       545;         1;BR      ;30/10/2022 17:27:54;         472075;     156454011;           53;                  30097;                                     0,063755;       17528;              10002536;         14218;                 7940708;                13581;                        7630937;             8845;                    3600050;                                     0,471770;                       4736;                              4030887;                                     0,528230;                185;                       105606;                                     0,013299;              452;                     204165;                                     0,025711
       407;       545;         1;BR      ;30/10/2022 17:27:55;         472075;     156454011;          233;                  30330;                                     0,064248;       81179;              10083715;         65049;                 8005757;                62781;                        7693718;            27238;                    3627288;                                     0,471461;                      35543;                              4066430;                                     0,528539;                714;                       106320;                                     0,013280;             1554;                     205719;                                     0,025696
       407;       545;         1;BR      ;30/10/2022 17:27:56;         472075;     156454011;          145;                  30475;                                     0,064555;       51789;              10135504;         42136;                 8047893;                39494;                        7733212;            27681;                    3654969;                                     0,472633;                      11813;                              4078243;                                     0,527367;                627;                       106947;                                     0,013289;             2015;                     207734;                                     0,025812
       407;       545;         1;BR      ;30/10/2022 17:27:57;         472075;     156454011;            7;                  30482;                                     0,064570;        1934;              10137438;          1449;                 8049342;                 1367;                        7734579;             1072;                    3656041;                                     0,472688;                        295;                              4078538;                                     0,527312;                 12;                       106959;                                     0,013288;               70;                     207804;                                     0,025816
       407;       545;         1;BR      ;30/10/2022 17:27:58;         472075;     156454011;           38;                  30520;                                     0,064651;       11825;              10149263;          9670;                 8059012;                 9384;                        7743963;             5500;                    3661541;                                     0,472825;                       3884;                              4082422;                                     0,527175;                 95;                       107054;                                     0,013284;              191;                     207995;                                     0,025809
       407;       545;         1;BR      ;30/10/2022 17:27:59;         472075;     156454011;           62;                  30582;                                     0,064782;       19705;              10168968;         15005;                 8074017;                14503;                        7758466;            10401;                    3671942;                                     0,473282;                       4102;                              4086524;                                     0,526718;                120;                       107174;                                     0,013274;              382;                     208377;                                     0,025808
       407;       545;         1;BR      ;30/10/2022 17:28:00;         472075;     156454011;          207;                  30789;                                     0,065221;       68056;              10237024;         56135;                 8130152;                54164;                        7812630;            24216;                    3696158;                                     0,473100;                      29948;                              4116472;                                     0,526900;                794;                       107968;                                     0,013280;             1177;                     209554;                                     0,025775
       407;       545;         1;BR      ;30/10/2022 17:28:01;         472075;     156454011;           12;                  30801;                                     0,065246;        3451;              10240475;          2788;                 8132940;                 2705;                        7815335;             2126;                    3698284;                                     0,473209;                        579;                              4117051;                                     0,526791;                 24;                       107992;                                     0,013278;               59;                     209613;                                     0,025773
       407;       545;         1;BR      ;30/10/2022 17:28:02;         472075;     156454011;           25;                  30826;                                     0,065299;        7272;              10247747;          5571;                 8138511;                 5308;                        7820643;             3959;                    3702243;                                     0,473394;                       1349;                              4118400;                                     0,526606;                 54;                       108046;                                     0,013276;              209;                     209822;                                     0,025781
       407;       545;         1;BR      ;30/10/2022 17:28:03;         472075;     156454011;          142;                  30968;                                     0,065600;       43005;              10290752;         33452;                 8171963;                32427;                        7853070;            17687;                    3719930;                                     0,473691;                      14740;                              4133140;                                     0,526309;                310;                       108356;                                     0,013259;              715;                     210537;                                     0,025763
       407;       545;         1;BR      ;30/10/2022 17:28:04;         472075;     156454011;          193;                  31161;                                     0,066009;       64867;              10355619;         52397;                 8224360;                50501;                        7903571;            19296;                    3739226;                                     0,473106;                      31205;                              4164345;                                     0,526894;                771;                       109127;                                     0,013269;             1125;                     211662;                                     0,025736
       407;       545;         1;BR      ;30/10/2022 17:28:05;         472075;     156454011;           28;                  31189;                                     0,066068;        8309;              10363928;          5962;                 8230322;                 5822;                        7909393;             2358;                    3741584;                                     0,473056;                       3464;                              4167809;                                     0,526944;                 55;                       109182;                                     0,013266;               85;                     211747;                                     0,025728
       407;       545;         1;BR      ;30/10/2022 17:28:06;         472075;     156454011;           30;                  31219;                                     0,066131;        9128;              10373056;          7635;                 8237957;                 7384;                        7916777;             2779;                    3744363;                                     0,472966;                       4605;                              4172414;                                     0,527034;                 85;                       109267;                                     0,013264;              166;                     211913;                                     0,025724
       407;       545;         1;BR      ;30/10/2022 17:28:07;         472075;     156454011;           33;                  31252;                                     0,066201;       10589;              10383645;          8376;                 8246333;                 8168;                        7924945;             3200;                    3747563;                                     0,472882;                       4968;                              4177382;                                     0,527118;                 76;                       109343;                                     0,013260;              132;                     212045;                                     0,025714
       407;       545;         1;BR      ;30/10/2022 17:28:08;         472075;     156454011;           91;                  31343;                                     0,066394;       30027;              10413672;         23226;                 8269559;                22276;                        7947221;            10922;                    3758485;                                     0,472931;                      11354;                              4188736;                                     0,527069;                384;                       109727;                                     0,013269;              566;                     212611;                                     0,025710
       407;       545;         1;BR      ;30/10/2022 17:28:09;         472075;     156454011;          230;                  31573;                                     0,066881;       74369;              10488041;         60684;                 8330243;                58191;                        8005412;            23253;                    3781738;                                     0,472398;                      34938;                              4223674;                                     0,527602;                971;                       110698;                                     0,013289;             1522;                     214133;                                     0,025705
       407;       545;         1;BR      ;30/10/2022 17:28:10;         472075;     156454011;           53;                  31626;                                     0,066994;       14568;              10502609;         11752;                 8341995;                11268;                        8016680;             4933;                    3786671;                                     0,472349;                       6335;                              4230009;                                     0,527651;                194;                       110892;                                     0,013293;              290;                     214423;                                     0,025704
       407;       545;         1;BR      ;30/10/2022 17:28:11;         472075;     156454011;           68;                  31694;                                     0,067138;       22551;              10525160;         16792;                 8358787;                16228;                        8032908;             9816;                    3796487;                                     0,472617;                       6412;                              4236421;                                     0,527383;                195;                       111087;                                     0,013290;              369;                     214792;                                     0,025697
       407;       545;         1;BR      ;30/10/2022 17:28:12;         472075;     156454011;          131;                  31825;                                     0,067415;       43387;              10568547;         33974;                 8392761;                32807;                        8065715;            16518;                    3813005;                                     0,472742;                      16289;                              4252710;                                     0,527258;                426;                       111513;                                     0,013287;              741;                     215533;                                     0,025681
       407;       545;         1;BR      ;30/10/2022 17:28:13;         472075;     156454011;          106;                  31931;                                     0,067640;       34104;              10602651;         26563;                 8419324;                25653;                        8091368;            12153;                    3825158;                                     0,472746;                      13500;                              4266210;                                     0,527254;                302;                       111815;                                     0,013281;              608;                     216141;                                     0,025672
       407;       545;         1;BR      ;30/10/2022 17:28:14;         472075;     156454011;          145;                  32076;                                     0,067947;       49716;              10652367;         38751;                 8458075;                37478;                        8128846;            17706;                    3842864;                                     0,472744;                      19772;                              4285982;                                     0,527256;                465;                       112280;                                     0,013275;              808;                     216949;                                     0,025650
       407;       545;         1;BR      ;30/10/2022 17:28:15;         472075;     156454011;          160;                  32236;                                     0,068286;       58327;              10710694;         48669;                 8506744;                46163;                        8175009;            19840;                    3862704;                                     0,472501;                      26323;                              4312305;                                     0,527499;                632;                       112912;                                     0,013273;             1874;                     218823;                                     0,025723
       407;       545;         1;BR      ;30/10/2022 17:28:16;         472075;     156454011;            4;                  32240;                                     0,068294;        1027;              10711721;           833;                 8507577;                  800;                        8175809;              493;                    3863197;                                     0,472516;                        307;                              4312612;                                     0,527484;                 10;                       112922;                                     0,013273;               23;                     218846;                                     0,025724
       407;       545;         1;BR      ;30/10/2022 17:28:17;         472075;     156454011;           20;                  32260;                                     0,068337;        5899;              10717620;          4728;                 8512305;                 4487;                        8180296;             2588;                    3865785;                                     0,472573;                       1899;                              4314511;                                     0,527427;                 44;                       112966;                                     0,013271;              197;                     219043;                                     0,025733
       407;       545;         1;BR      ;30/10/2022 17:28:18;         472075;     156454011;           39;                  32299;                                     0,068419;       12495;              10730115;          9271;                 8521576;                 8778;                        8189074;             5348;                    3871133;                                     0,472719;                       3430;                              4317941;                                     0,527281;                 89;                       113055;                                     0,013267;              404;                     219447;                                     0,025752
       407;       545;         1;BR      ;30/10/2022 17:28:19;         472075;     156454011;           66;                  32365;                                     0,068559;       18684;              10748799;         14797;                 8536373;                14221;                        8203295;             8534;                    3879667;                                     0,472940;                       5687;                              4323628;                                     0,527060;                137;                       113192;                                     0,013260;              439;                     219886;                                     0,025759
       407;       545;         1;BR      ;30/10/2022 17:28:20;         472075;     156454011;          114;                  32479;                                     0,068801;       32240;              10781039;         25731;                 8562104;                24595;                        8227890;             9123;                    3888790;                                     0,472635;                      15472;                              4339100;                                     0,527365;                329;                       113521;                                     0,013259;              807;                     220693;                                     0,025776
       407;       545;         1;BR      ;30/10/2022 17:28:21;         472075;     156454011;            2;                  32481;                                     0,068805;         507;              10781546;           372;                 8562476;                  352;                        8228242;              165;                    3888955;                                     0,472635;                        187;                              4339287;                                     0,527365;                  3;                       113524;                                     0,013258;               17;                     220710;                                     0,025776
       407;       545;         1;BR      ;30/10/2022 17:28:22;         472075;     156454011;           81;                  32562;                                     0,068976;       21654;              10803200;         17265;                 8579741;                16592;                        8244834;            10869;                    3899824;                                     0,473002;                       5723;                              4345010;                                     0,526998;                161;                       113685;                                     0,013250;              512;                     221222;                                     0,025784
       407;       545;         1;BR      ;30/10/2022 17:28:23;         472075;     156454011;            2;                  32564;                                     0,068981;         595;              10803795;           470;                 8580211;                  458;                        8245292;              247;                    3900071;                                     0,473006;                        211;                              4345221;                                     0,526994;                  1;                       113686;                                     0,013250;               11;                     221233;                                     0,025784
       407;       545;         1;BR      ;30/10/2022 17:28:24;         472075;     156454011;            4;                  32568;                                     0,068989;        1007;              10804802;           783;                 8580994;                  753;                        8246045;              358;                    3900429;                                     0,473006;                        395;                              4345616;                                     0,526994;                 10;                       113696;                                     0,013250;               20;                     221253;                                     0,025784
       407;       545;         1;BR      ;30/10/2022 17:28:25;         472075;     156454011;           15;                  32583;                                     0,069021;        3854;              10808656;          2833;                 8583827;                 2730;                        8248775;             1008;                    3901437;                                     0,472972;                       1722;                              4347338;                                     0,527028;                 35;                       113731;                                     0,013249;               68;                     221321;                                     0,025783
       407;       545;         1;BR      ;30/10/2022 17:28:26;         472075;     156454011;           23;                  32606;                                     0,069070;        5650;              10814306;          4280;                 8588107;                 4140;                        8252915;             1528;                    3902965;                                     0,472920;                       2612;                              4349950;                                     0,527080;                 30;                       113761;                                     0,013246;              110;                     221431;                                     0,025783
       407;       545;         1;BR      ;30/10/2022 17:28:51;         472075;     156454011;          235;                  32841;                                     0,069567;       74824;              10889130;         58375;                 8646482;                56190;                        8309105;            33904;                    3936869;                                     0,473802;                      22286;                              4372236;                                     0,526198;                695;                       114456;                                     0,013237;             1490;                     222921;                                     0,025782
       407;       545;         1;BR      ;30/10/2022 17:28:52;         472075;     156454011;          174;                  33015;                                     0,069936;       59256;              10948386;         47340;                 8693822;                44847;                        8353952;            20158;                    3957027;                                     0,473671;                      24689;                              4396925;                                     0,526329;                819;                       115275;                                     0,013259;             1674;                     224595;                                     0,025834
       407;       545;         1;BR      ;30/10/2022 17:28:53;         472075;     156454011;           51;                  33066;                                     0,070044;       16019;              10964405;         12584;                 8706406;                11924;                        8365876;             4986;                    3962013;                                     0,473592;                       6938;                              4403863;                                     0,526408;                217;                       115492;                                     0,013265;              443;                     225038;                                     0,025847
       407;       545;         1;BR      ;30/10/2022 17:28:55;         472075;     156454011;           26;                  33092;                                     0,070099;        9749;              10974154;          7497;                 8713903;                 7116;                        8372992;             2957;                    3964970;                                     0,473543;                       4159;                              4408022;                                     0,526457;                139;                       115631;                                     0,013270;              242;                     225280;                                     0,025853
       407;       545;         1;BR      ;30/10/2022 17:28:56;         472075;     156454011;           46;                  33138;                                     0,070196;       15373;              10989527;         11787;                 8725690;                11196;                        8384188;             4781;                    3969751;                                     0,473481;                       6415;                              4414437;                                     0,526519;                177;                       115808;                                     0,013272;              414;                     225694;                                     0,025865
       407;       545;         1;BR      ;30/10/2022 17:28:57;         472075;     156454011;          199;                  33337;                                     0,070618;       67457;              11056984;         54432;                 8780122;                52275;                        8436463;            25221;                    3994972;                                     0,473536;                      27054;                              4441491;                                     0,526464;                642;                       116450;                                     0,013263;             1515;                     227209;                                     0,025878
       407;       545;         1;BR      ;30/10/2022 17:28:58;         472075;     156454011;          106;                  33443;                                     0,070843;       36168;              11093152;         28671;                 8808793;                27746;                        8464209;            15535;                    4010507;                                     0,473819;                      12211;                              4453702;                                     0,526181;                283;                       116733;                                     0,013252;              642;                     227851;                                     0,025866
       407;       545;         1;BR      ;30/10/2022 17:28:59;         472075;     156454011;          271;                  33714;                                     0,071417;       91729;              11184881;         75644;                 8884437;                71973;                        8536182;            38871;                    4049378;                                     0,474378;                      33102;                              4486804;                                     0,525622;               1134;                       117867;                                     0,013267;             2537;                     230388;                                     0,025932
       407;       545;         1;BR      ;30/10/2022 17:29:00;         472075;     156454011;           23;                  33737;                                     0,071465;        8699;              11193580;          6227;                 8890664;                 5866;                        8542048;             4291;                    4053669;                                     0,474555;                       1575;                              4488379;                                     0,525445;                 81;                       117948;                                     0,013267;              280;                     230668;                                     0,025945
       407;       545;         1;BR      ;30/10/2022 17:29:01;         472075;     156454011;           67;                  33804;                                     0,071607;       21486;              11215066;         17395;                 8908059;                16738;                        8558786;            11943;                    4065612;                                     0,475022;                       4795;                              4493174;                                     0,524978;                173;                       118121;                                     0,013260;              484;                     231152;                                     0,025949
       407;       545;         1;BR      ;30/10/2022 17:29:02;         472075;     156454011;           50;                  33854;                                     0,071713;       13302;              11228368;         10148;                 8918207;                 9838;                        8568624;             4444;                    4070056;                                     0,474995;                       5394;                              4498568;                                     0,525005;                130;                       118251;                                     0,013260;              180;                     231332;                                     0,025939
       407;       545;         1;BR      ;30/10/2022 17:29:03;         472075;     156454011;           40;                  33894;                                     0,071798;       12772;              11241140;         10289;                 8928496;                 9948;                        8578572;             3391;                    4073447;                                     0,474840;                       6557;                              4505125;                                     0,525160;                124;                       118375;                                     0,013258;              217;                     231549;                                     0,025934
       407;       545;         1;BR      ;30/10/2022 17:29:04;         472075;     156454011;           77;                  33971;                                     0,071961;       24158;              11265298;         19185;                 8947681;                18456;                        8597028;            10309;                    4083756;                                     0,475020;                       8147;                              4513272;                                     0,524980;                226;                       118601;                                     0,013255;              503;                     232052;                                     0,025934
       407;       545;         1;BR      ;30/10/2022 17:29:05;         472075;     156454011;          133;                  34104;                                     0,072243;       41686;              11306984;         33447;                 8981128;                32291;                        8629319;            12182;                    4095938;                                     0,474654;                      20109;                              4533381;                                     0,525346;                470;                       119071;                                     0,013258;              686;                     232738;                                     0,025914
       407;       545;         1;BR      ;30/10/2022 17:29:06;         472075;     156454011;           71;                  34175;                                     0,072393;       25590;              11332574;         20556;                 9001684;                19992;                        8649311;             7961;                    4103899;                                     0,474477;                      12031;                              4545412;                                     0,525523;                210;                       119281;                                     0,013251;              354;                     233092;                                     0,025894
       407;       545;         1;BR      ;30/10/2022 17:29:07;         472075;     156454011;           27;                  34202;                                     0,072450;        7993;              11340567;          6260;                 9007944;                 6077;                        8655388;             2512;                    4106411;                                     0,474434;                       3565;                              4548977;                                     0,525566;                 76;                       119357;                                     0,013250;              107;                     233199;                                     0,025888
       407;       545;         1;BR      ;30/10/2022 17:29:08;         472075;     156454011;           81;                  34283;                                     0,072622;       25541;              11366108;         20327;                 9028271;                19647;                        8675035;            10180;                    4116591;                                     0,474533;                       9467;                              4558444;                                     0,525467;                262;                       119619;                                     0,013249;              418;                     233617;                                     0,025876
       407;       545;         1;BR      ;30/10/2022 17:29:09;         472075;     156454011;          113;                  34396;                                     0,072861;       36590;              11402698;         29114;                 9057385;                27963;                        8702998;            11300;                    4127891;                                     0,474307;                      16663;                              4575107;                                     0,525693;                441;                       120060;                                     0,013255;              710;                     234327;                                     0,025871
       407;       545;         1;BR      ;30/10/2022 17:29:10;         472075;     156454011;          140;                  34536;                                     0,073158;       43860;              11446558;         35258;                 9092643;                33770;                        8736768;            13390;                    4141281;                                     0,474006;                      20380;                              4595487;                                     0,525994;                567;                       120627;                                     0,013266;              921;                     235248;                                     0,025872
       407;       545;         1;BR      ;30/10/2022 17:29:11;         472075;     156454011;           69;                  34605;                                     0,073304;       22213;              11468771;         17428;                 9110071;                16895;                        8753663;             8424;                    4149705;                                     0,474054;                       8471;                              4603958;                                     0,525946;                224;                       120851;                                     0,013266;              309;                     235557;                                     0,025857
       407;       545;         1;BR      ;30/10/2022 17:29:12;         472075;     156454011;           75;                  34680;                                     0,073463;       25906;              11494677;         20537;                 9130608;                19861;                        8773524;             9155;                    4158860;                                     0,474024;                      10706;                              4614664;                                     0,525976;                278;                       121129;                                     0,013266;              398;                     235955;                                     0,025842
       407;       545;         1;BR      ;30/10/2022 17:29:13;         472075;     156454011;          138;                  34818;                                     0,073755;       52213;              11546890;         42192;                 9172800;                41003;                        8814527;            21809;                    4180669;                                     0,474293;                      19194;                              4633858;                                     0,525707;                434;                       121563;                                     0,013253;              755;                     236710;                                     0,025806
       407;       545;         1;BR      ;30/10/2022 17:29:14;         472075;     156454011;          190;                  35008;                                     0,074158;       59949;              11606839;         47247;                 9220047;                45046;                        8859573;            17581;                    4198250;                                     0,473866;                      27465;                              4661323;                                     0,526134;                762;                       122325;                                     0,013267;             1439;                     238149;                                     0,025829
       407;       545;         1;BR      ;30/10/2022 17:29:15;         472075;     156454011;           65;                  35073;                                     0,074295;       23556;              11630395;         19494;                 9239541;                18548;                        8878121;             8047;                    4206297;                                     0,473782;                      10501;                              4671824;                                     0,526218;                226;                       122551;                                     0,013264;              720;                     238869;                                     0,025853
       407;       545;         1;BR      ;30/10/2022 17:29:16;         472075;     156454011;           54;                  35127;                                     0,074410;       18925;              11649320;         15825;                 9255366;                14865;                        8892986;             8072;                    4214369;                                     0,473898;                       6793;                              4678617;                                     0,526102;                199;                       122750;                                     0,013263;              761;                     239630;                                     0,025891
       407;       545;         1;BR      ;30/10/2022 17:29:17;         472075;     156454011;           60;                  35187;                                     0,074537;       18239;              11667559;         14947;                 9270313;                13991;                        8906977;            10400;                    4224769;                                     0,474321;                       3591;                              4682208;                                     0,525679;                187;                       122937;                                     0,013261;              769;                     240399;                                     0,025932
       407;       545;         1;BR      ;30/10/2022 17:29:18;         472075;     156454011;           67;                  35254;                                     0,074679;       19800;              11687359;         15409;                 9285722;                14873;                        8921850;             8250;                    4233019;                                     0,474455;                       6623;                              4688831;                                     0,525545;                111;                       123048;                                     0,013251;              425;                     240824;                                     0,025935
       407;       545;         1;BR      ;30/10/2022 17:29:19;         472075;     156454011;          213;                  35467;                                     0,075130;       62985;              11750344;         49831;                 9335553;                47747;                        8969597;            20141;                    4253160;                                     0,474175;                      27606;                              4716437;                                     0,525825;                539;                       123587;                                     0,013238;             1545;                     242369;                                     0,025962
       407;       545;         1;BR      ;30/10/2022 17:29:20;         472075;     156454011;           12;                  35479;                                     0,075155;        3811;              11754155;          3005;                 9338558;                 2800;                        8972397;             2163;                    4255323;                                     0,474268;                        637;                              4717074;                                     0,525732;                 30;                       123617;                                     0,013237;              175;                     242544;                                     0,025972
       407;       545;         1;BR      ;30/10/2022 17:29:22;         472075;     156454011;           81;                  35560;                                     0,075327;       21959;              11776114;         16630;                 9355188;                15875;                        8988272;             7585;                    4262908;                                     0,474274;                       8290;                              4725364;                                     0,525726;                179;                       123796;                                     0,013233;              576;                     243120;                                     0,025988
       407;       545;         1;BR      ;30/10/2022 17:29:23;         472075;     156454011;            1;                  35561;                                     0,075329;         209;              11776323;           158;                 9355346;                  158;                        8988430;               71;                    4262979;                                     0,474274;                         87;                              4725451;                                     0,525726;                  0;                       123796;                                     0,013233;                0;                     243120;                                     0,025987
       407;       545;         1;BR      ;30/10/2022 17:29:54;         472075;     156454011;          232;                  35793;                                     0,075821;       73256;              11849579;         56589;                 9411935;                54380;                        9042810;            29383;                    4292362;                                     0,474671;                      24997;                              4750448;                                     0,525329;                702;                       124498;                                     0,013228;             1507;                     244627;                                     0,025991
       407;       545;         1;BR      ;30/10/2022 17:29:55;         472075;     156454011;          208;                  36001;                                     0,076261;       69060;              11918639;         53743;                 9465678;                50948;                        9093758;            22874;                    4315236;                                     0,474527;                      28074;                              4778522;                                     0,525473;                917;                       125415;                                     0,013249;             1878;                     246505;                                     0,026042
       407;       545;         1;BR      ;30/10/2022 17:29:59;         472075;     156454011;           10;                  36011;                                     0,076282;        3299;              11921938;          2678;                 9468356;                 2573;                        9096331;             1489;                    4316725;                                     0,474557;                       1084;                              4779606;                                     0,525443;                 30;                       125445;                                     0,013249;               75;                     246580;                                     0,026043
       407;       545;         1;BR      ;30/10/2022 17:30:00;         472075;     156454011;          111;                  36122;                                     0,076518;       35496;              11957434;         27664;                 9496020;                26546;                        9122877;            12565;                    4329290;                                     0,474553;                      13981;                              4793587;                                     0,525447;                365;                       125810;                                     0,013249;              753;                     247333;                                     0,026046
       407;       545;         1;BR      ;30/10/2022 17:30:01;         472075;     156454011;           37;                  36159;                                     0,076596;       11453;              11968887;          9108;                 9505128;                 8575;                        9131452;             5637;                    4334927;                                     0,474725;                       2938;                              4796525;                                     0,525275;                106;                       125916;                                     0,013247;              427;                     247760;                                     0,026066
       407;       545;         1;BR      ;30/10/2022 17:30:02;         472075;     156454011;           24;                  36183;                                     0,076647;        9425;              11978312;          7755;                 9512883;                 7514;                        9138966;             4237;                    4339164;                                     0,474798;                       3277;                              4799802;                                     0,525202;                 75;                       125991;                                     0,013244;              166;                     247926;                                     0,026062
       407;       545;         1;BR      ;30/10/2022 17:30:03;         472075;     156454011;           64;                  36247;                                     0,076782;       19507;              11997819;         15979;                 9528862;                15294;                        9154260;            10660;                    4349824;                                     0,475169;                       4634;                              4804436;                                     0,524831;                178;                       126169;                                     0,013241;              507;                     248433;                                     0,026072
       407;       545;         1;BR      ;30/10/2022 17:30:04;         472075;     156454011;          169;                  36416;                                     0,077140;       55743;              12053562;         45602;                 9574464;                43864;                        9198124;            21009;                    4370833;                                     0,475187;                      22855;                              4827291;                                     0,524813;                653;                       126822;                                     0,013246;             1085;                     249518;                                     0,026061
       407;       545;         1;BR      ;30/10/2022 17:30:05;         472075;     156454011;           81;                  36497;                                     0,077312;       30709;              12084271;         25793;                 9600257;                24102;                        9222226;            16319;                    4387152;                                     0,475715;                       7783;                              4835074;                                     0,524285;                412;                       127234;                                     0,013253;             1279;                     250797;                                     0,026124
       407;       545;         1;BR      ;30/10/2022 17:30:08;         472075;     156454011;           41;                  36538;                                     0,077399;       12186;              12096457;          9245;                 9609502;                 8804;                        9231030;             6647;                    4393799;                                     0,475981;                       2157;                              4837231;                                     0,524019;                 97;                       127331;                                     0,013251;              344;                     251141;                                     0,026135
       407;       545;         1;BR      ;30/10/2022 17:30:09;         472075;     156454011;          144;                  36682;                                     0,077704;       44028;              12140485;         34544;                 9644046;                33161;                        9264191;            17641;                    4411440;                                     0,476182;                      15520;                              4852751;                                     0,523818;                439;                       127770;                                     0,013249;              944;                     252085;                                     0,026139
       407;       545;         1;BR      ;30/10/2022 17:30:10;         472075;     156454011;           86;                  36768;                                     0,077886;       29227;              12169712;         23834;                 9667880;                23005;                        9287196;             8420;                    4419860;                                     0,475909;                      14585;                              4867336;                                     0,524091;                340;                       128110;                                     0,013251;              489;                     252574;                                     0,026125
       407;       545;         1;BR      ;30/10/2022 17:30:11;         472075;     156454011;          116;                  36884;                                     0,078132;       35755;              12205467;         27510;                 9695390;                26869;                        9314065;             9743;                    4429603;                                     0,475582;                      17126;                              4884462;                                     0,524418;                219;                       128329;                                     0,013236;              422;                     252996;                                     0,026094
       407;       545;         1;BR      ;30/10/2022 17:30:12;         472075;     156454011;           87;                  36971;                                     0,078316;       28562;              12234029;         22330;                 9717720;                21539;                        9335604;            11634;                    4441237;                                     0,475731;                       9905;                              4894367;                                     0,524269;                278;                       128607;                                     0,013234;              513;                     253509;                                     0,026087
       407;       545;         1;BR      ;30/10/2022 17:30:13;         472075;     156454011;          126;                  37097;                                     0,078583;       43341;              12277370;         34814;                 9752534;                33511;                        9369115;            15204;                    4456441;                                     0,475652;                      18307;                              4912674;                                     0,524348;                500;                       129107;                                     0,013238;              803;                     254312;                                     0,026077
       407;       545;         1;BR      ;30/10/2022 17:30:14;         472075;     156454011;           91;                  37188;                                     0,078776;       28944;              12306314;         22691;                 9775225;                21806;                        9390921;             9562;                    4466003;                                     0,475566;                      12244;                              4924918;                                     0,524434;                355;                       129462;                                     0,013244;              530;                     254842;                                     0,026070
       407;       545;         1;BR      ;30/10/2022 17:30:15;         472075;     156454011;           98;                  37286;                                     0,078983;       35997;              12342311;         28975;                 9804200;                28128;                        9419049;            15067;                    4481070;                                     0,475745;                      13061;                              4937979;                                     0,524255;                305;                       129767;                                     0,013236;              542;                     255384;                                     0,026048
       407;       545;         1;BR      ;30/10/2022 17:30:16;         472075;     156454011;           53;                  37339;                                     0,079095;       16251;              12358562;         12321;                 9816521;                11904;                        9430953;             4378;                    4485448;                                     0,475609;                       7526;                              4945505;                                     0,524391;                133;                       129900;                                     0,013233;              284;                     255668;                                     0,026045
       407;       545;         1;BR      ;30/10/2022 17:30:17;         472075;     156454011;          123;                  37462;                                     0,079356;       41702;              12400264;         34012;                 9850533;                32296;                        9463249;            13289;                    4498737;                                     0,475390;                      19007;                              4964512;                                     0,524610;                493;                       130393;                                     0,013237;             1223;                     256891;                                     0,026079
       407;       545;         1;BR      ;30/10/2022 17:30:18;         472075;     156454011;           10;                  37472;                                     0,079377;        2680;              12402944;          2179;                 9852712;                 2079;                        9465328;              892;                    4499629;                                     0,475380;                       1187;                              4965699;                                     0,524620;                 26;                       130419;                                     0,013237;               74;                     256965;                                     0,026081
       407;       545;         1;BR      ;30/10/2022 17:30:19;         472075;     156454011;           45;                  37517;                                     0,079473;       14974;              12417918;         11367;                 9864079;                10799;                        9476127;             6718;                    4506347;                                     0,475547;                       4081;                              4969780;                                     0,524453;                144;                       130563;                                     0,013236;              424;                     257389;                                     0,026094
       407;       545;         1;BR      ;30/10/2022 17:30:20;         472075;     156454011;           53;                  37570;                                     0,079585;       20072;              12437990;         17167;                 9881246;                16269;                        9492396;             9076;                    4515423;                                     0,475688;                       7193;                              4976973;                                     0,524312;                189;                       130752;                                     0,013232;              709;                     258098;                                     0,026120
       407;       545;         1;BR      ;30/10/2022 17:30:21;         472075;     156454011;           12;                  37582;                                     0,079610;        3844;              12441834;          3121;                 9884367;                 2897;                        9495293;             1844;                    4517267;                                     0,475738;                       1053;                              4978026;                                     0,524262;                 56;                       130808;                                     0,013234;              168;                     258266;                                     0,026129
       407;       545;         1;BR      ;30/10/2022 17:30:22;         472075;     156454011;            7;                  37589;                                     0,079625;        2256;              12444090;          1960;                 9886327;                 1774;                        9497067;             1138;                    4518405;                                     0,475768;                        636;                              4978662;                                     0,524232;                 43;                       130851;                                     0,013236;              143;                     258409;                                     0,026138
       407;       545;         1;BR      ;30/10/2022 17:30:23;         472075;     156454011;          143;                  37732;                                     0,079928;       44527;              12488617;         35742;                 9922069;                33568;                        9530635;            21683;                    4540088;                                     0,476368;                      11885;                              4990547;                                     0,523632;                495;                       131346;                                     0,013238;             1679;                     260088;                                     0,026213
       407;       545;         1;BR      ;30/10/2022 17:30:24;         472075;     156454011;           70;                  37802;                                     0,080076;       19339;              12507956;         15771;                 9937840;                15269;                        9545904;             7096;                    4547184;                                     0,476349;                       8173;                              4998720;                                     0,523651;                132;                       131478;                                     0,013230;              370;                     260458;                                     0,026209
       407;       545;         1;BR      ;30/10/2022 17:30:25;         472075;     156454011;          134;                  37936;                                     0,080360;       38574;              12546530;         30677;                 9968517;                29413;                        9575317;            11183;                    4558367;                                     0,476054;                      18230;                              5016950;                                     0,523946;                347;                       131825;                                     0,013224;              917;                     261375;                                     0,026220
       407;       545;         1;BR      ;30/10/2022 17:30:28;         472075;     156454011;          102;                  38038;                                     0,080576;       27880;              12574410;         21018;                 9989535;                20295;                        9595612;            10010;                    4568377;                                     0,476090;                      10285;                              5027235;                                     0,523910;                187;                       132012;                                     0,013215;              536;                     261911;                                     0,026219
       407;       545;         1;BR      ;30/10/2022 17:30:31;         472075;     156454011;           12;                  38050;                                     0,080602;        3571;              12577981;          2679;                 9992214;                 2566;                        9598178;              909;                    4569286;                                     0,476058;                       1657;                              5028892;                                     0,523942;                 31;                       132043;                                     0,013215;               82;                     261993;                                     0,026220
       407;       545;         1;BR      ;30/10/2022 17:30:56;         472075;     156454011;          352;                  38402;                                     0,081347;      111474;              12689455;         89688;                10081902;                86648;                        9684826;            43553;                    4612839;                                     0,476295;                      43095;                              5071987;                                     0,523705;               1137;                       133180;                                     0,013210;             1903;                     263896;                                     0,026175
       407;       545;         1;BR      ;30/10/2022 17:30:57;         472075;     156454011;          170;                  38572;                                     0,081707;       52364;              12741819;         41398;                10123300;                39913;                        9724739;            20006;                    4632845;                                     0,476398;                      19907;                              5091894;                                     0,523602;                508;                       133688;                                     0,013206;              977;                     264873;                                     0,026165
       407;       545;         1;BR      ;30/10/2022 17:30:58;         472075;     156454011;          124;                  38696;                                     0,081970;       39831;              12781650;         31712;                10155012;                29946;                        9754685;            15091;                    4647936;                                     0,476482;                      14855;                              5106749;                                     0,523518;                563;                       134251;                                     0,013220;             1203;                     266076;                                     0,026201
       407;       545;         1;BR      ;30/10/2022 17:30:59;         472075;     156454011;           72;                  38768;                                     0,082123;       22865;              12804515;         17264;                10172276;                16372;                        9771057;             6903;                    4654839;                                     0,476391;                       9469;                              5116218;                                     0,523609;                287;                       134538;                                     0,013226;              605;                     266681;                                     0,026216
       407;       545;         1;BR      ;30/10/2022 17:31:00;         472075;     156454011;           25;                  38793;                                     0,082176;        7490;              12812005;          5194;                10177470;                 5012;                        9776069;             3094;                    4657933;                                     0,476463;                       1918;                              5118136;                                     0,523537;                 57;                       134595;                                     0,013225;              125;                     266806;                                     0,026215
       407;       545;         1;BR      ;30/10/2022 17:31:02;         472075;     156454011;           94;                  38887;                                     0,082375;       30170;              12842175;         24430;                10201900;                23439;                        9799508;            13704;                    4671637;                                     0,476722;                       9735;                              5127871;                                     0,523278;                306;                       134901;                                     0,013223;              685;                     267491;                                     0,026220
       407;       545;         1;BR      ;30/10/2022 17:31:03;         472075;     156454011;           59;                  38946;                                     0,082500;       22017;              12864192;         18163;                10220063;                17504;                        9817012;            10191;                    4681828;                                     0,476910;                       7313;                              5135184;                                     0,523090;                197;                       135098;                                     0,013219;              462;                     267953;                                     0,026218
       407;       545;         1;BR      ;30/10/2022 17:31:06;         472075;     156454011;           21;                  38967;                                     0,082544;        6533;              12870725;          5541;                10225604;                 5296;                        9822308;             3702;                    4685530;                                     0,477029;                       1594;                              5136778;                                     0,522971;                 52;                       135150;                                     0,013217;              193;                     268146;                                     0,026223
       407;       545;         1;BR      ;30/10/2022 17:31:07;         472075;     156454011;           42;                  39009;                                     0,082633;       13305;              12884030;         10648;                10236252;                10248;                        9832556;             6394;                    4691924;                                     0,477183;                       3854;                              5140632;                                     0,522817;                106;                       135256;                                     0,013213;              294;                     268440;                                     0,026224
       407;       545;         1;BR      ;30/10/2022 17:31:08;         472075;     156454011;          131;                  39140;                                     0,082911;       46271;              12930301;         37228;                10273480;                34846;                        9867402;            24510;                    4716434;                                     0,477981;                      10336;                              5150968;                                     0,522019;                572;                       135828;                                     0,013221;             1810;                     270250;                                     0,026306
       407;       545;         1;BR      ;30/10/2022 17:31:09;         472075;     156454011;            3;                  39143;                                     0,082917;         813;              12931114;           530;                10274010;                  516;                        9867918;              310;                    4716744;                                     0,477988;                        206;                              5151174;                                     0,522012;                  6;                       135834;                                     0,013221;                8;                     270258;                                     0,026305
       407;       545;         1;BR      ;30/10/2022 17:31:11;         472075;     156454011;           14;                  39157;                                     0,082947;        4423;              12935537;          3514;                10277524;                 3331;                        9871249;             2421;                    4719165;                                     0,478072;                        910;                              5152084;                                     0,521928;                 36;                       135870;                                     0,013220;              147;                     270405;                                     0,026310
       407;       545;         1;BR      ;30/10/2022 17:31:12;         472075;     156454011;           44;                  39201;                                     0,083040;       13066;              12948603;          9820;                10287344;                 9425;                        9880674;             4877;                    4724042;                                     0,478109;                       4548;                              5156632;                                     0,521891;                122;                       135992;                                     0,013219;              273;                     270678;                                     0,026312
       407;       545;         1;BR      ;30/10/2022 17:31:13;         472075;     156454011;          106;                  39307;                                     0,083264;       33706;              12982309;         26873;                10314217;                25931;                        9906605;            16426;                    4740468;                                     0,478516;                       9505;                              5166137;                                     0,521484;                266;                       136258;                                     0,013211;              676;                     271354;                                     0,026309
       407;       545;         1;BR      ;30/10/2022 17:31:14;         472075;     156454011;           72;                  39379;                                     0,083417;       21773;              13004082;         17291;                10331508;                16578;                        9923183;             9170;                    4749638;                                     0,478641;                       7408;                              5173545;                                     0,521359;                193;                       136451;                                     0,013207;              520;                     271874;                                     0,026315
       407;       545;         1;BR      ;30/10/2022 17:31:15;         472075;     156454011;          184;                  39563;                                     0,083807;       59511;              13063593;         48081;                10379589;                46473;                        9969656;            18607;                    4768245;                                     0,478276;                      27866;                              5201411;                                     0,521724;                625;                       137076;                                     0,013206;              983;                     272857;                                     0,026288
       407;       545;         1;BR      ;30/10/2022 17:31:16;         472075;     156454011;           21;                  39584;                                     0,083851;        6313;              13069906;          4935;                10384524;                 4800;                        9974456;             1640;                    4769885;                                     0,478210;                       3160;                              5204571;                                     0,521790;                 43;                       137119;                                     0,013204;               92;                     272949;                                     0,026284
       407;       545;         1;BR      ;30/10/2022 17:31:17;         472075;     156454011;           44;                  39628;                                     0,083944;       15348;              13085254;         12713;                10397237;                12377;                        9986833;             4485;                    4774370;                                     0,478066;                       7892;                              5212463;                                     0,521934;                132;                       137251;                                     0,013201;              204;                     273153;                                     0,026272
       407;       545;         1;BR      ;30/10/2022 17:31:18;         472075;     156454011;           94;                  39722;                                     0,084143;       29109;              13114363;         22827;                10420064;                22213;                       10009046;             8910;                    4783280;                                     0,477896;                      13303;                              5225766;                                     0,522104;                231;                       137482;                                     0,013194;              383;                     273536;                                     0,026251
       407;       545;         1;BR      ;30/10/2022 17:31:19;         472075;     156454011;          270;                  39992;                                     0,084715;       93329;              13207692;         73047;                10493111;                70536;                       10079582;            34178;                    4817458;                                     0,477942;                      36358;                              5262124;                                     0,522058;                961;                       138443;                                     0,013194;             1550;                     275086;                                     0,026216
       407;       545;         1;BR      ;30/10/2022 17:31:20;         472075;     156454011;          187;                  40179;                                     0,085111;       58178;              13265870;         46975;                10540086;                45245;                       10124827;            19386;                    4836844;                                     0,477721;                      25859;                              5287983;                                     0,522279;                653;                       139096;                                     0,013197;             1077;                     276163;                                     0,026201
       407;       545;         1;BR      ;30/10/2022 17:31:21;         472075;     156454011;          145;                  40324;                                     0,085419;       50474;              13316344;         40738;                10580824;                39262;                       10164089;            18803;                    4855647;                                     0,477726;                      20459;                              5308442;                                     0,522274;                566;                       139662;                                     0,013200;              910;                     277073;                                     0,026186
       407;       545;         1;BR      ;30/10/2022 17:31:22;         472075;     156454011;           33;                  40357;                                     0,085489;        9160;              13325504;          7067;                10587891;                 6838;                       10170927;             2238;                    4857885;                                     0,477625;                       4600;                              5313042;                                     0,522375;                 87;                       139749;                                     0,013199;              142;                     277215;                                     0,026182
       407;       545;         1;BR      ;30/10/2022 17:31:23;         472075;     156454011;          169;                  40526;                                     0,085847;       55212;              13380716;         43785;                10631676;                41775;                       10212702;            18409;                    4876294;                                     0,477473;                      23366;                              5336408;                                     0,522527;                528;                       140277;                                     0,013194;             1482;                     278697;                                     0,026214
       407;       545;         1;BR      ;30/10/2022 17:31:24;         472075;     156454011;           65;                  40591;                                     0,085984;       21831;              13402547;         17844;                10649520;                16953;                       10229655;             8482;                    4884776;                                     0,477511;                       8471;                              5344879;                                     0,522489;                322;                       140599;                                     0,013202;              569;                     279266;                                     0,026223
       407;       545;         1;BR      ;30/10/2022 17:31:25;         472075;     156454011;           58;                  40649;                                     0,086107;       19584;              13422131;         16240;                10665760;                15369;                       10245024;             8048;                    4892824;                                     0,477581;                       7321;                              5352200;                                     0,522419;                218;                       140817;                                     0,013203;              653;                     279919;                                     0,026245
       407;       545;         1;BR      ;30/10/2022 17:31:26;         472075;     156454011;          118;                  40767;                                     0,086357;       37216;              13459347;         28810;                10694570;                27054;                       10272078;            17674;                    4910498;                                     0,478043;                       9380;                              5361580;                                     0,521957;                353;                       141170;                                     0,013200;             1403;                     281322;                                     0,026305
       407;       545;         1;BR      ;30/10/2022 17:31:27;         472075;     156454011;           63;                  40830;                                     0,086490;       20374;              13479721;         16285;                10710855;                15428;                       10287506;             8237;                    4918735;                                     0,478127;                       7191;                              5368771;                                     0,521873;                223;                       141393;                                     0,013201;              634;                     281956;                                     0,026324
       407;       545;         1;BR      ;30/10/2022 17:31:28;         472075;     156454011;           66;                  40896;                                     0,086630;       19749;              13499470;         15796;                10726651;                15219;                       10302725;             6936;                    4925671;                                     0,478094;                       8283;                              5377054;                                     0,521906;                141;                       141534;                                     0,013195;              436;                     282392;                                     0,026326
       407;       545;         1;BR      ;30/10/2022 17:31:29;         472075;     156454011;           58;                  40954;                                     0,086753;       15747;              13515217;         12197;                10738848;                11735;                       10314460;             5586;                    4931257;                                     0,478092;                       6149;                              5383203;                                     0,521908;                125;                       141659;                                     0,013191;              337;                     282729;                                     0,026328
       407;       545;         1;BR      ;30/10/2022 17:31:30;         472075;     156454011;          114;                  41068;                                     0,086995;       32833;              13548050;         25929;                10764777;                24760;                       10339220;             9820;                    4941077;                                     0,477896;                      14940;                              5398143;                                     0,522104;                317;                       141976;                                     0,013189;              852;                     283581;                                     0,026343
       407;       545;         1;BR      ;30/10/2022 17:31:31;         472075;     156454011;           35;                  41103;                                     0,087069;        8809;              13556859;          6819;                10771596;                 6574;                       10345794;             2904;                    4943981;                                     0,477874;                       3670;                              5401813;                                     0,522126;                 48;                       142024;                                     0,013185;              197;                     283778;                                     0,026345
       407;       545;         1;BR      ;30/10/2022 17:31:32;         472075;     156454011;           31;                  41134;                                     0,087134;        9107;              13565966;          6845;                10778441;                 6610;                       10352404;             2386;                    4946367;                                     0,477799;                       4224;                              5406037;                                     0,522201;                 52;                       142076;                                     0,013181;              183;                     283961;                                     0,026345
       407;       545;         1;BR      ;30/10/2022 17:31:33;         472075;     156454011;            5;                  41139;                                     0,087145;        1255;              13567221;           928;                10779369;                  890;                       10353294;              393;                    4946760;                                     0,477796;                        497;                              5406534;                                     0,522204;                  8;                       142084;                                     0,013181;               30;                     283991;                                     0,026346
       407;       545;         1;BR      ;30/10/2022 17:32:00;         472075;     156454011;          231;                  41370;                                     0,087634;       72707;              13639928;         56449;                10835818;                54278;                       10407572;            31351;                    4978111;                                     0,478316;                      22927;                              5429461;                                     0,521684;                672;                       142756;                                     0,013174;             1499;                     285490;                                     0,026347
       407;       545;         1;BR      ;30/10/2022 17:32:01;         472075;     156454011;          359;                  41729;                                     0,088395;      118539;              13758467;         94445;                10930263;                89896;                       10497468;            44431;                    5022542;                                     0,478453;                      45465;                              5474926;                                     0,521547;               1449;                       144205;                                     0,013193;             3100;                     288590;                                     0,026403
       407;       545;         1;BR      ;30/10/2022 17:32:02;         472075;     156454011;           94;                  41823;                                     0,088594;       29857;              13788324;         23559;                10953822;                22325;                       10519793;             8407;                    5030949;                                     0,478237;                      13918;                              5488844;                                     0,521763;                405;                       144610;                                     0,013202;              829;                     289419;                                     0,026422
       407;       545;         1;BR      ;30/10/2022 17:32:05;         472075;     156454011;           37;                  41860;                                     0,088672;       12666;              13800990;          9865;                10963687;                 9489;                       10529282;             3346;                    5034295;                                     0,478123;                       6143;                              5494987;                                     0,521877;                132;                       144742;                                     0,013202;              244;                     289663;                                     0,026420
       407;       545;         1;BR      ;30/10/2022 17:32:06;         472075;     156454011;          154;                  42014;                                     0,088999;       51557;              13852547;         41184;                11004871;                39767;                       10569049;            19396;                    5053691;                                     0,478159;                      20371;                              5515358;                                     0,521841;                414;                       145156;                                     0,013190;             1003;                     290666;                                     0,026412
       407;       545;         1;BR      ;30/10/2022 17:32:07;         472075;     156454011;           14;                  42028;                                     0,089028;        4825;              13857372;          3713;                11008584;                 3446;                       10572495;             2778;                    5056469;                                     0,478266;                        668;                              5516026;                                     0,521734;                 43;                       145199;                                     0,013190;              224;                     290890;                                     0,026424
       407;       545;         1;BR      ;30/10/2022 17:32:08;         472075;     156454011;           54;                  42082;                                     0,089143;       16025;              13873397;         12564;                11021148;                12159;                       10584654;             6600;                    5063069;                                     0,478341;                       5559;                              5521585;                                     0,521659;                126;                       145325;                                     0,013186;              279;                     291169;                                     0,026419
       407;       545;         1;BR      ;30/10/2022 17:32:09;         472075;     156454011;           87;                  42169;                                     0,089327;       26318;              13899715;         21055;                11042203;                20199;                       10604853;            12452;                    5075521;                                     0,478604;                       7747;                              5529332;                                     0,521396;                201;                       145526;                                     0,013179;              655;                     291824;                                     0,026428
       407;       545;         1;BR      ;30/10/2022 17:32:10;         472075;     156454011;          180;                  42349;                                     0,089708;       57685;              13957400;         46599;                11088802;                44904;                       10649757;            22509;                    5098030;                                     0,478699;                      22395;                              5551727;                                     0,521301;                636;                       146162;                                     0,013181;             1059;                     292883;                                     0,026413
       407;       545;         1;BR      ;30/10/2022 17:32:11;         472075;     156454011;          126;                  42475;                                     0,089975;       47004;              14004404;         38799;                11127601;                35878;                       10685635;            26204;                    5124234;                                     0,479544;                       9674;                              5561401;                                     0,520456;                657;                       146819;                                     0,013194;             2264;                     295147;                                     0,026524
       407;       545;         1;BR      ;30/10/2022 17:32:12;         472075;     156454011;            3;                  42478;                                     0,089981;         813;              14005217;           637;                11128238;                  608;                       10686243;              438;                    5124672;                                     0,479558;                        170;                              5561571;                                     0,520442;                  8;                       146827;                                     0,013194;               21;                     295168;                                     0,026524
       407;       545;         1;BR      ;30/10/2022 17:32:13;         472075;     156454011;           15;                  42493;                                     0,090013;        5692;              14010909;          4338;                11132576;                 4154;                       10690397;             2837;                    5127509;                                     0,479637;                       1317;                              5562888;                                     0,520363;                 45;                       146872;                                     0,013193;              139;                     295307;                                     0,026526
       407;       545;         1;BR      ;30/10/2022 17:32:14;         472075;     156454011;           88;                  42581;                                     0,090200;       27026;              14037935;         20438;                11153014;                19349;                       10709746;            13357;                    5140866;                                     0,480018;                       5992;                              5568880;                                     0,519982;                206;                       147078;                                     0,013187;              883;                     296190;                                     0,026557
       407;       545;         1;BR      ;30/10/2022 17:32:15;         472075;     156454011;           33;                  42614;                                     0,090270;        9768;              14047703;          7526;                11160540;                 7274;                       10717020;             3099;                    5143965;                                     0,479981;                       4175;                              5573055;                                     0,520019;                 86;                       147164;                                     0,013186;              166;                     296356;                                     0,026554
       407;       545;         1;BR      ;30/10/2022 17:32:16;         472075;     156454011;          125;                  42739;                                     0,090534;       38780;              14086483;         30888;                11191428;                29689;                       10746709;            20994;                    5164959;                                     0,480608;                       8695;                              5581750;                                     0,519392;                289;                       147453;                                     0,013176;              910;                     297266;                                     0,026562
       407;       545;         1;BR      ;30/10/2022 17:32:17;         472075;     156454011;           98;                  42837;                                     0,090742;       31627;              14118110;         25360;                11216788;                24557;                       10771266;             8903;                    5173862;                                     0,480339;                      15654;                              5597404;                                     0,519661;                321;                       147774;                                     0,013174;              482;                     297748;                                     0,026545
       407;       545;         1;BR      ;30/10/2022 17:32:18;         472075;     156454011;           82;                  42919;                                     0,090916;       25461;              14143571;         20146;                11236934;                19538;                       10790804;             7846;                    5181708;                                     0,480197;                      11692;                              5609096;                                     0,519803;                221;                       147995;                                     0,013170;              387;                     298135;                                     0,026532
       407;       545;         1;BR      ;30/10/2022 17:32:19;         472075;     156454011;          119;                  43038;                                     0,091168;       37817;              14181388;         29814;                11266748;                28779;                       10819583;            11026;                    5192734;                                     0,479938;                      17753;                              5626849;                                     0,520062;                434;                       148429;                                     0,013174;              601;                     298736;                                     0,026515
       407;       545;         1;BR      ;30/10/2022 17:32:20;         472075;     156454011;           73;                  43111;                                     0,091322;       25880;              14207268;         20537;                11287285;                20075;                       10839658;            10089;                    5202823;                                     0,479980;                       9986;                              5636835;                                     0,520020;                188;                       148617;                                     0,013167;              274;                     299010;                                     0,026491
       407;       545;         1;BR      ;30/10/2022 17:32:21;         472075;     156454011;           49;                  43160;                                     0,091426;       17061;              14224329;         13147;                11300432;                12810;                       10852468;             6360;                    5209183;                                     0,480000;                       6450;                              5643285;                                     0,520000;                135;                       148752;                                     0,013163;              202;                     299212;                                     0,026478
       407;       545;         1;BR      ;30/10/2022 17:32:22;         472075;     156454011;          119;                  43279;                                     0,091678;       35800;              14260129;         27853;                11328285;                27060;                       10879528;            12406;                    5221589;                                     0,479946;                      14654;                              5657939;                                     0,520054;                320;                       149072;                                     0,013159;              473;                     299685;                                     0,026455
       407;       545;         1;BR      ;30/10/2022 17:32:23;         472075;     156454011;          112;                  43391;                                     0,091915;       40080;              14300209;         32430;                11360715;                31178;                       10910706;            16047;                    5237636;                                     0,480046;                      15131;                              5673070;                                     0,519954;                534;                       149606;                                     0,013169;              718;                     300403;                                     0,026442
       407;       545;         1;BR      ;30/10/2022 17:32:25;         472075;     156454011;            1;                  43392;                                     0,091918;         432;              14300641;           367;                11361082;                  352;                       10911058;              204;                    5237840;                                     0,480049;                        148;                              5673218;                                     0,519951;                  6;                       149612;                                     0,013169;                9;                     300412;                                     0,026442
       407;       545;         1;BR      ;30/10/2022 17:32:26;         472075;     156454011;           70;                  43462;                                     0,092066;       21942;              14322583;         17792;                11378874;                17132;                       10928190;             6715;                    5244555;                                     0,479911;                      10417;                              5683635;                                     0,520089;                261;                       149873;                                     0,013171;              399;                     300811;                                     0,026436
       407;       545;         1;BR      ;30/10/2022 17:32:27;         472075;     156454011;          191;                  43653;                                     0,092470;       59977;              14382560;         49572;                11428446;                47427;                       10975617;            18498;                    5263053;                                     0,479522;                      28929;                              5712564;                                     0,520478;                853;                       150726;                                     0,013189;             1292;                     302103;                                     0,026434
       407;       545;         1;BR      ;30/10/2022 17:32:28;         472075;     156454011;            4;                  43657;                                     0,092479;        1278;              14383838;          1009;                11429455;                  956;                       10976573;              565;                    5263618;                                     0,479532;                        391;                              5712955;                                     0,520468;                 14;                       150740;                                     0,013189;               39;                     302142;                                     0,026435
       407;       545;         1;BR      ;30/10/2022 17:32:29;         472075;     156454011;           72;                  43729;                                     0,092631;       22351;              14406189;         16942;                11446397;                16334;                       10992907;             6739;                    5270357;                                     0,479433;                       9595;                              5722550;                                     0,520567;                163;                       150903;                                     0,013183;              445;                     302587;                                     0,026435
       407;       545;         1;BR      ;30/10/2022 17:32:30;         472075;     156454011;          143;                  43872;                                     0,092934;       50209;              14456398;         40621;                11487018;                38436;                       11031343;            17850;                    5288207;                                     0,479380;                      20586;                              5743136;                                     0,520620;                528;                       151431;                                     0,013183;             1657;                     304244;                                     0,026486
       407;       545;         1;BR      ;30/10/2022 17:32:31;         472075;     156454011;          128;                  44000;                                     0,093206;       40042;              14496440;         32496;                11519514;                30541;                       11061884;            19715;                    5307922;                                     0,479839;                      10826;                              5753962;                                     0,520161;                413;                       151844;                                     0,013181;             1542;                     305786;                                     0,026545
       407;       545;         1;BR      ;30/10/2022 17:32:32;         472075;     156454011;          194;                  44194;                                     0,093616;       62339;              14558779;         49330;                11568844;                46727;                       11108611;            19361;                    5327283;                                     0,479563;                      27366;                              5781328;                                     0,520437;                816;                       152660;                                     0,013196;             1787;                     307573;                                     0,026586
       407;       545;         1;BR      ;30/10/2022 17:32:33;         472075;     156454011;           18;                  44212;                                     0,093655;        5136;              14563915;          3996;                11572840;                 3864;                       11112475;             1948;                    5329231;                                     0,479572;                       1916;                              5783244;                                     0,520428;                 37;                       152697;                                     0,013194;               95;                     307668;                                     0,026585
       407;       545;         1;BR      ;30/10/2022 17:32:34;         472075;     156454011;           38;                  44250;                                     0,093735;       12279;              14576194;          9883;                11582723;                 9580;                       11122055;             4129;                    5333360;                                     0,479530;                       5451;                              5788695;                                     0,520470;                 95;                       152792;                                     0,013191;              208;                     307876;                                     0,026581
       407;       545;         1;BR      ;30/10/2022 17:32:35;         472075;     156454011;          150;                  44400;                                     0,094053;       42618;              14618812;         32516;                11615239;                31217;                       11153272;            14231;                    5347591;                                     0,479464;                      16986;                              5805681;                                     0,520536;                348;                       153140;                                     0,013184;              951;                     308827;                                     0,026588
       407;       545;         1;BR      ;30/10/2022 17:32:36;         472075;     156454011;          171;                  44571;                                     0,094415;       48830;              14667642;         38792;                11654031;                36923;                       11190195;            14143;                    5361734;                                     0,479146;                      22780;                              5828461;                                     0,520854;                517;                       153657;                                     0,013185;             1352;                     310179;                                     0,026616
       407;       545;         1;BR      ;30/10/2022 17:33:04;         472075;     156454011;          166;                  44737;                                     0,094767;       54304;              14721946;         41260;                11695291;                39693;                       11229888;            20820;                    5382554;                                     0,479306;                      18873;                              5847334;                                     0,520694;                552;                       154209;                                     0,013186;             1015;                     311194;                                     0,026608
       407;       545;         1;BR      ;30/10/2022 17:33:05;         472075;     156454011;           96;                  44833;                                     0,094970;       32611;              14754557;         25558;                11720849;                24628;                       11254516;            10472;                    5393026;                                     0,479188;                      14156;                              5861490;                                     0,520812;                316;                       154525;                                     0,013184;              614;                     311808;                                     0,026603
       407;       545;         1;BR      ;30/10/2022 17:33:06;         472075;     156454011;          142;                  44975;                                     0,095271;       48043;              14802600;         37164;                11758013;                34944;                       11289460;            14190;                    5407216;                                     0,478961;                      20754;                              5882244;                                     0,521039;                733;                       155258;                                     0,013204;             1487;                     313295;                                     0,026645
       407;       545;         1;BR      ;30/10/2022 17:33:07;         472075;     156454011;           64;                  45039;                                     0,095406;       20837;              14823437;         15398;                11773411;                14612;                       11304072;             5294;                    5412510;                                     0,478811;                       9318;                              5891562;                                     0,521189;                268;                       155526;                                     0,013210;              518;                     313813;                                     0,026654
       407;       545;         1;BR      ;30/10/2022 17:33:10;         472075;     156454011;           13;                  45052;                                     0,095434;        3302;              14826739;          2583;                11775994;                 2488;                       11306560;             1822;                    5414332;                                     0,478866;                        666;                              5892228;                                     0,521134;                 27;                       155553;                                     0,013209;               68;                     313881;                                     0,026654
       407;       545;         1;BR      ;30/10/2022 17:33:11;         472075;     156454011;          247;                  45299;                                     0,095957;       82616;              14909355;         65986;                11841980;                63653;                       11370213;            28730;                    5443062;                                     0,478712;                      34923;                              5927151;                                     0,521288;                775;                       156328;                                     0,013201;             1558;                     315439;                                     0,026637
       407;       545;         1;BR      ;30/10/2022 17:33:12;         472075;     156454011;          152;                  45451;                                     0,096279;       52238;              14961593;         42695;                11884675;                41213;                       11411426;            19389;                    5462451;                                     0,478683;                      21824;                              5948975;                                     0,521317;                570;                       156898;                                     0,013202;              912;                     316351;                                     0,026618
       407;       545;         1;BR      ;30/10/2022 17:33:14;         472075;     156454011;           24;                  45475;                                     0,096330;        7061;              14968654;          5058;                11889733;                 4940;                       11416366;             3545;                    5465996;                                     0,478786;                       1395;                              5950370;                                     0,521214;                 34;                       156932;                                     0,013199;               84;                     316435;                                     0,026614
       407;       545;         1;BR      ;30/10/2022 17:33:15;         472075;     156454011;           59;                  45534;                                     0,096455;       19597;              14988251;         15752;                11905485;                15019;                       11431385;            11866;                    5477862;                                     0,479195;                       3153;                              5953523;                                     0,520805;                153;                       157085;                                     0,013194;              580;                     317015;                                     0,026628
       407;       545;         1;BR      ;30/10/2022 17:33:16;         472075;     156454011;           29;                  45563;                                     0,096516;        9192;              14997443;          7581;                11913066;                 7315;                       11438700;             5100;                    5482962;                                     0,479334;                       2215;                              5955738;                                     0,520666;                 57;                       157142;                                     0,013191;              209;                     317224;                                     0,026628
       407;       545;         1;BR      ;30/10/2022 17:33:17;         472075;     156454011;           38;                  45601;                                     0,096597;       12503;              15009946;          9230;                11922296;                 8733;                       11447433;             5847;                    5488809;                                     0,479479;                       2886;                              5958624;                                     0,520521;                104;                       157246;                                     0,013189;              393;                     317617;                                     0,026641
       407;       545;         1;BR      ;30/10/2022 17:33:18;         472075;     156454011;          170;                  45771;                                     0,096957;       63299;              15073245;         51414;                11973710;                48234;                       11495667;            34082;                    5522891;                                     0,480432;                      14152;                              5972776;                                     0,519568;                750;                       157996;                                     0,013195;             2430;                     320047;                                     0,026729
       407;       545;         1;BR      ;30/10/2022 17:33:19;         472075;     156454011;           49;                  45820;                                     0,097061;       13961;              15087206;         10759;                11984469;                10362;                       11506029;             7453;                    5530344;                                     0,480647;                       2909;                              5975685;                                     0,519353;                106;                       158102;                                     0,013192;              291;                     320338;                                     0,026729
       407;       545;         1;BR      ;30/10/2022 17:33:20;         472075;     156454011;           17;                  45837;                                     0,097097;        5595;              15092801;          4254;                11988723;                 4104;                       11510133;             1141;                    5531485;                                     0,480575;                       2963;                              5978648;                                     0,519425;                 58;                       158160;                                     0,013192;               92;                     320430;                                     0,026728
       407;       545;         1;BR      ;30/10/2022 17:33:22;         472075;     156454011;           26;                  45863;                                     0,097152;        7021;              15099822;          5419;                11994142;                 5241;                       11515374;             3937;                    5535422;                                     0,480698;                       1304;                              5979952;                                     0,519302;                 53;                       158213;                                     0,013191;              125;                     320555;                                     0,026726
       407;       545;         1;BR      ;30/10/2022 17:33:23;         472075;     156454011;           59;                  45922;                                     0,097277;       19472;              15119294;         15743;                12009885;                15165;                       11530539;             9603;                    5545025;                                     0,480899;                       5562;                              5985514;                                     0,519101;                195;                       158408;                                     0,013190;              383;                     320938;                                     0,026723
       407;       545;         1;BR      ;30/10/2022 17:33:24;         472075;     156454011;           64;                  45986;                                     0,097412;       19904;              15139198;         15958;                12025843;                15459;                       11545998;             6359;                    5551384;                                     0,480806;                       9100;                              5994614;                                     0,519194;                209;                       158617;                                     0,013190;              290;                     321228;                                     0,026711
       407;       545;         1;BR      ;30/10/2022 17:33:25;         472075;     156454011;           67;                  46053;                                     0,097554;       21865;              15161063;         17801;                12043644;                17265;                       11563263;             6542;                    5557926;                                     0,480654;                      10723;                              6005337;                                     0,519346;                200;                       158817;                                     0,013187;              336;                     321564;                                     0,026700
       407;       545;         1;BR      ;30/10/2022 17:33:26;         472075;     156454011;          108;                  46161;                                     0,097783;       35280;              15196343;         28030;                12071674;                27021;                       11590284;            11560;                    5569486;                                     0,480531;                      15461;                              6020798;                                     0,519469;                338;                       159155;                                     0,013184;              671;                     322235;                                     0,026693
       407;       545;         1;BR      ;30/10/2022 17:33:27;         472075;     156454011;          169;                  46330;                                     0,098141;       55382;              15251725;         44418;                12116092;                42703;                       11632987;            18264;                    5587750;                                     0,480337;                      24439;                              6045237;                                     0,519663;                675;                       159830;                                     0,013192;             1040;                     323275;                                     0,026681
       407;       545;         1;BR      ;30/10/2022 17:33:28;         472075;     156454011;          172;                  46502;                                     0,098506;       54733;              15306458;         43123;                12159215;                42052;                       11675039;            16134;                    5603884;                                     0,479988;                      25918;                              6071155;                                     0,520012;                420;                       160250;                                     0,013179;              651;                     323926;                                     0,026640
       407;       545;         1;BR      ;30/10/2022 17:33:29;         472075;     156454011;           60;                  46562;                                     0,098633;       20309;              15326767;         15203;                12174418;                14794;                       11689833;             6580;                    5610464;                                     0,479944;                       8214;                              6079369;                                     0,520056;                135;                       160385;                                     0,013174;              274;                     324200;                                     0,026630
       407;       545;         1;BR      ;30/10/2022 17:33:30;         472075;     156454011;            5;                  46567;                                     0,098643;        1559;              15328326;          1287;                12175705;                 1243;                       11691076;              811;                    5611275;                                     0,479962;                        432;                              6079801;                                     0,520038;                 17;                       160402;                                     0,013174;               27;                     324227;                                     0,026629
       407;       545;         1;BR      ;30/10/2022 17:33:31;         472075;     156454011;            6;                  46573;                                     0,098656;        2134;              15330460;          1593;                12177298;                 1552;                       11692628;              866;                    5612141;                                     0,479973;                        686;                              6080487;                                     0,520027;                 21;                       160423;                                     0,013174;               20;                     324247;                                     0,026627
       407;       545;         1;BR      ;30/10/2022 17:33:32;         472075;     156454011;           49;                  46622;                                     0,098760;       15839;              15346299;         11780;                12189078;                11539;                       11704167;             4673;                    5616814;                                     0,479899;                       6866;                              6087353;                                     0,520101;                 75;                       160498;                                     0,013167;              166;                     324413;                                     0,026615
       407;       545;         1;BR      ;30/10/2022 17:33:33;         472075;     156454011;          201;                  46823;                                     0,099186;       68047;              15414346;         55121;                12244199;                53092;                       11757259;            24167;                    5640981;                                     0,479787;                      28925;                              6116278;                                     0,520213;                819;                       161317;                                     0,013175;             1210;                     325623;                                     0,026594
       407;       545;         1;BR      ;30/10/2022 17:33:34;         472075;     156454011;           95;                  46918;                                     0,099387;       29533;              15443879;         24145;                12268344;                23079;                       11780338;             8617;                    5649598;                                     0,479579;                      14462;                              6130740;                                     0,520421;                435;                       161752;                                     0,013185;              631;                     326254;                                     0,026593
       407;       545;         1;BR      ;30/10/2022 17:33:35;         472075;     156454011;            8;                  46926;                                     0,099404;        2179;              15446058;          1738;                12270082;                 1659;                       11781997;              661;                    5650259;                                     0,479567;                        998;                              6131738;                                     0,520433;                 35;                       161787;                                     0,013185;               44;                     326298;                                     0,026593
       407;       545;         1;BR      ;30/10/2022 17:33:36;         472075;     156454011;           43;                  46969;                                     0,099495;       13002;              15459060;         10168;                12280250;                 9776;                       11791773;             4202;                    5654461;                                     0,479526;                       5574;                              6137312;                                     0,520474;                127;                       161914;                                     0,013185;              265;                     326563;                                     0,026593
       407;       545;         1;BR      ;30/10/2022 17:33:37;         472075;     156454011;          161;                  47130;                                     0,099836;       56409;              15515469;         46086;                12326336;                43441;                       11835214;            22784;                    5677245;                                     0,479691;                      20657;                              6157969;                                     0,520309;                592;                       162506;                                     0,013184;             2053;                     328616;                                     0,026660
       407;       545;         1;BR      ;30/10/2022 17:33:38;         472075;     156454011;           15;                  47145;                                     0,099868;        4533;              15520002;          3402;                12329738;                 3202;                       11838416;             2117;                    5679362;                                     0,479740;                       1085;                              6159054;                                     0,520260;                 47;                       162553;                                     0,013184;              153;                     328769;                                     0,026665
       407;       545;         1;BR      ;30/10/2022 17:33:40;         472075;     156454011;           36;                  47181;                                     0,099944;       10923;              15530925;          8822;                12338560;                 8365;                       11846781;             4482;                    5683844;                                     0,479780;                       3883;                              6162937;                                     0,520220;                101;                       162654;                                     0,013183;              356;                     329125;                                     0,026675
       407;       545;         1;BR      ;30/10/2022 17:33:41;         472075;     156454011;          171;                  47352;                                     0,100306;       51337;              15582262;         41913;                12380473;                39667;                       11886448;            20535;                    5704379;                                     0,479906;                      19132;                              6182069;                                     0,520094;                658;                       163312;                                     0,013191;             1588;                     330713;                                     0,026712
       407;       545;         1;BR      ;30/10/2022 17:33:42;         472075;     156454011;           88;                  47440;                                     0,100493;       27607;              15609869;         21648;                12402121;                20671;                       11907119;             8829;                    5713208;                                     0,479814;                      11842;                              6193911;                                     0,520186;                331;                       163643;                                     0,013195;              646;                     331359;                                     0,026718
       407;       545;         1;BR      ;30/10/2022 17:33:43;         472075;     156454011;          194;                  47634;                                     0,100903;       56544;              15666413;         44104;                12446225;                42315;                       11949434;            17214;                    5730422;                                     0,479556;                      25101;                              6219012;                                     0,520444;                475;                       164118;                                     0,013186;             1314;                     332673;                                     0,026729
       407;       545;         1;BR      ;30/10/2022 17:33:45;         472075;     156454011;            8;                  47642;                                     0,100920;        1824;              15668237;          1421;                12447646;                 1376;                       11950810;              563;                    5730985;                                     0,479548;                        813;                              6219825;                                     0,520452;                  7;                       164125;                                     0,013185;               38;                     332711;                                     0,026729
       407;       545;         1;BR      ;30/10/2022 17:33:47;         472075;     156454011;           15;                  47657;                                     0,100952;        4378;              15672615;          3501;                12451147;                 3342;                       11954152;             1546;                    5732531;                                     0,479543;                       1796;                              6221621;                                     0,520457;                 61;                       164186;                                     0,013186;               98;                     332809;                                     0,026729
       407;       545;         1;BR      ;30/10/2022 17:34:07;         472075;     156454011;          157;                  47814;                                     0,101285;       52355;              15724970;         40910;                12492057;                38741;                       11992893;            23158;                    5755689;                                     0,479925;                      15583;                              6237204;                                     0,520075;                544;                       164730;                                     0,013187;             1625;                     334434;                                     0,026772
       407;       545;         1;BR      ;30/10/2022 17:34:08;         472075;     156454011;          235;                  48049;                                     0,101783;       77963;              15802933;         60020;                12552077;                57715;                       12050608;            29590;                    5785279;                                     0,480082;                      28125;                              6265329;                                     0,519918;                788;                       165518;                                     0,013187;             1517;                     335951;                                     0,026765
       407;       545;         1;BR      ;30/10/2022 17:34:09;         472075;     156454011;          205;                  48254;                                     0,102217;       67554;              15870487;         52391;                12604468;                49156;                       12099764;            20944;                    5806223;                                     0,479862;                      28212;                              6293541;                                     0,520138;               1077;                       166595;                                     0,013217;             2158;                     338109;                                     0,026825
       407;       545;         1;BR      ;30/10/2022 17:34:10;         472075;     156454011;           55;                  48309;                                     0,102333;       18629;              15889116;         14483;                12618951;                13739;                       12113503;             5928;                    5812151;                                     0,479808;                       7811;                              6301352;                                     0,520192;                224;                       166819;                                     0,013220;              520;                     338629;                                     0,026835
       407;       545;         1;BR      ;30/10/2022 17:34:11;         472075;     156454011;           83;                  48392;                                     0,102509;       25973;              15915089;         20907;                12639858;                20190;                       12133693;            12201;                    5824352;                                     0,480015;                       7989;                              6309341;                                     0,519985;                272;                       167091;                                     0,013219;              445;                     339074;                                     0,026826
       407;       545;         1;BR      ;30/10/2022 17:34:12;         472075;     156454011;          231;                  48623;                                     0,102998;       78323;              15993412;         63019;                12702877;                60630;                       12194323;            26980;                    5851332;                                     0,479841;                      33650;                              6342991;                                     0,520159;                897;                       167988;                                     0,013224;             1492;                     340566;                                     0,026810
       407;       545;         1;BR      ;30/10/2022 17:34:13;         472075;     156454011;            3;                  48626;                                     0,103005;         896;              15994308;           725;                12703602;                  696;                       12195019;              319;                    5851651;                                     0,479839;                        377;                              6343368;                                     0,520161;                  9;                       167997;                                     0,013224;               20;                     340586;                                     0,026810
       407;       545;         1;BR      ;30/10/2022 17:34:14;         472075;     156454011;           23;                  48649;                                     0,103054;        6365;              16000673;          5186;                12708788;                 4984;                       12200003;             2932;                    5854583;                                     0,479884;                       2052;                              6345420;                                     0,520116;                 58;                       168055;                                     0,013224;              144;                     340730;                                     0,026811
       407;       545;         1;BR      ;30/10/2022 17:34:15;         472075;     156454011;          115;                  48764;                                     0,103297;       39197;              16039870;         31401;                12740189;                30178;                       12230181;            17352;                    5871935;                                     0,480118;                      12826;                              6358246;                                     0,519882;                349;                       168404;                                     0,013218;              874;                     341604;                                     0,026813
       407;       545;         1;BR      ;30/10/2022 17:34:16;         472075;     156454011;           19;                  48783;                                     0,103337;        6158;              16046028;          5142;                12745331;                 4874;                       12235055;             3359;                    5875294;                                     0,480202;                       1515;                              6359761;                                     0,519798;                 62;                       168466;                                     0,013218;              206;                     341810;                                     0,026818
       407;       545;         1;BR      ;30/10/2022 17:34:21;         472075;     156454011;           41;                  48824;                                     0,103424;       13206;              16059234;         10803;                12756134;                10316;                       12245371;             7464;                    5882758;                                     0,480407;                       2852;                              6362613;                                     0,519593;                121;                       168587;                                     0,013216;              366;                     342176;                                     0,026824
       407;       545;         1;BR      ;30/10/2022 17:34:22;         472075;     156454011;           37;                  48861;                                     0,103503;       12698;              16071932;         10037;                12766171;                 9512;                       12254883;             7159;                    5889917;                                     0,480618;                       2353;                              6364966;                                     0,519382;                112;                       168699;                                     0,013215;              413;                     342589;                                     0,026836
       407;       545;         1;BR      ;30/10/2022 17:34:23;         472075;     156454011;           41;                  48902;                                     0,103589;       13103;              16085035;         10155;                12776326;                 9566;                       12264449;             7247;                    5897164;                                     0,480834;                       2319;                              6367285;                                     0,519166;                136;                       168835;                                     0,013215;              453;                     343042;                                     0,026850
       407;       545;         1;BR      ;30/10/2022 17:34:24;         472075;     156454011;           25;                  48927;                                     0,103642;        8461;              16093496;          7044;                12783370;                 6825;                       12271274;             4465;                    5901629;                                     0,480930;                       2360;                              6369645;                                     0,519070;                 66;                       168901;                                     0,013213;              153;                     343195;                                     0,026847
       407;       545;         1;BR      ;30/10/2022 17:34:25;         472075;     156454011;            5;                  48932;                                     0,103653;        1350;              16094846;          1078;                12784448;                 1042;                       12272316;              819;                    5902448;                                     0,480956;                        223;                              6369868;                                     0,519044;                 11;                       168912;                                     0,013212;               25;                     343220;                                     0,026847
       407;       545;         1;BR      ;30/10/2022 17:34:26;         472075;     156454011;           27;                  48959;                                     0,103710;        7292;              16102138;          5804;                12790252;                 5615;                       12277931;             4596;                    5907044;                                     0,481111;                       1019;                              6370887;                                     0,518889;                 40;                       168952;                                     0,013209;              149;                     343369;                                     0,026846
       407;       545;         1;BR      ;30/10/2022 17:34:27;         472075;     156454011;           77;                  49036;                                     0,103873;       22745;              16124883;         18044;                12808296;                17486;                       12295417;             9617;                    5916661;                                     0,481209;                       7869;                              6378756;                                     0,518791;                203;                       169155;                                     0,013207;              355;                     343724;                                     0,026836
       407;       545;         1;BR      ;30/10/2022 17:34:28;         472075;     156454011;          271;                  49307;                                     0,104447;       87628;              16212511;         71089;                12879385;                68601;                       12364018;            25560;                    5942221;                                     0,480606;                      43041;                              6421797;                                     0,519394;                935;                       170090;                                     0,013206;             1553;                     345277;                                     0,026809
       407;       545;         1;BR      ;30/10/2022 17:34:29;         472075;     156454011;           77;                  49384;                                     0,104610;       25547;              16238058;         20786;                12900171;                20055;                       12384073;             7168;                    5949389;                                     0,480406;                      12887;                              6434684;                                     0,519594;                255;                       170345;                                     0,013205;              476;                     345753;                                     0,026802
       407;       545;         1;BR      ;30/10/2022 17:34:30;         472075;     156454011;          104;                  49488;                                     0,104831;       33353;              16271411;         26377;                12926548;                25770;                       12409843;             9079;                    5958468;                                     0,480140;                      16691;                              6451375;                                     0,519860;                212;                       170557;                                     0,013194;              395;                     346148;                                     0,026778
       407;       545;         1;BR      ;30/10/2022 17:34:31;         472075;     156454011;           98;                  49586;                                     0,105038;       33694;              16305105;         26072;                12952620;                25383;                       12435226;            13099;                    5971567;                                     0,480214;                      12284;                              6463659;                                     0,519786;                268;                       170825;                                     0,013188;              421;                     346569;                                     0,026757
       407;       545;         1;BR      ;30/10/2022 17:34:32;         472075;     156454011;          112;                  49698;                                     0,105276;       39968;              16345073;         31405;                12984025;                30458;                       12465684;            15802;                    5987369;                                     0,480308;                      14656;                              6478315;                                     0,519692;                355;                       171180;                                     0,013184;              592;                     347161;                                     0,026738
       407;       545;         1;BR      ;30/10/2022 17:34:33;         472075;     156454011;          166;                  49864;                                     0,105627;       52914;              16397987;         42069;                13026094;                40379;                       12506063;            17303;                    6004672;                                     0,480141;                      23076;                              6501391;                                     0,519859;                688;                       171868;                                     0,013194;             1002;                     348163;                                     0,026728
       407;       545;         1;BR      ;30/10/2022 17:34:34;         472075;     156454011;          179;                  50043;                                     0,106006;       56725;              16454712;         46651;                13072745;                44925;                       12550988;            17852;                    6022524;                                     0,479845;                      27073;                              6528464;                                     0,520155;                673;                       172541;                                     0,013199;             1053;                     349216;                                     0,026713
       407;       545;         1;BR      ;30/10/2022 17:34:35;         472075;     156454011;            8;                  50051;                                     0,106023;        2239;              16456951;          1758;                13074503;                 1690;                       12552678;              475;                    6022999;                                     0,479818;                       1215;                              6529679;                                     0,520182;                 28;                       172569;                                     0,013199;               40;                     349256;                                     0,026713
       407;       545;         1;BR      ;30/10/2022 17:34:36;         472075;     156454011;           37;                  50088;                                     0,106102;       10591;              16467542;          7789;                13082292;                 7516;                       12560194;             2911;                    6025910;                                     0,479762;                       4605;                              6534284;                                     0,520238;                 81;                       172650;                                     0,013197;              192;                     349448;                                     0,026712
       407;       545;         1;BR      ;30/10/2022 17:34:37;         472075;     156454011;          148;                  50236;                                     0,106415;       49153;              16516695;         40079;                13122371;                37789;                       12597983;            22053;                    6047963;                                     0,480074;                      15736;                              6550020;                                     0,519926;                469;                       173119;                                     0,013193;             1821;                     351269;                                     0,026769
       407;       545;         1;BR      ;30/10/2022 17:34:38;         472075;     156454011;           74;                  50310;                                     0,106572;       23928;              16540623;         19660;                13142031;                18788;                       12616771;             7224;                    6055187;                                     0,479932;                      11564;                              6561584;                                     0,520068;                343;                       173462;                                     0,013199;              529;                     351798;                                     0,026769
       407;       545;         1;BR      ;30/10/2022 17:34:39;         472075;     156454011;          116;                  50426;                                     0,106818;       35175;              16575798;         27996;                13170027;                26926;                       12643697;            12232;                    6067419;                                     0,479877;                      14694;                              6576278;                                     0,520123;                329;                       173791;                                     0,013196;              741;                     352539;                                     0,026768
       407;       545;         1;BR      ;30/10/2022 17:34:40;         472075;     156454011;           39;                  50465;                                     0,106900;       11491;              16587289;          9129;                13179156;                 8822;                       12652519;             4415;                    6071834;                                     0,479891;                       4407;                              6580685;                                     0,520109;                 98;                       173889;                                     0,013194;              209;                     352748;                                     0,026766
       407;       545;         1;BR      ;30/10/2022 17:34:41;         472075;     156454011;          102;                  50567;                                     0,107116;       30107;              16617396;         24045;                13203201;                22954;                       12675473;             8199;                    6080033;                                     0,479669;                      14755;                              6595440;                                     0,520331;                299;                       174188;                                     0,013193;              792;                     353540;                                     0,026777
       407;       545;         1;BR      ;30/10/2022 17:34:43;         472075;     156454011;           41;                  50608;                                     0,107203;       12674;              16630070;         10127;                13213328;                 9550;                       12685023;             6201;                    6086234;                                     0,479797;                       3349;                              6598789;                                     0,520203;                124;                       174312;                                     0,013192;              453;                     353993;                                     0,026791
       407;       545;         1;BR      ;30/10/2022 17:34:44;         472075;     156454011;           18;                  50626;                                     0,107241;        4889;              16634959;          3818;                13217146;                 3685;                       12688708;             1284;                    6087518;                                     0,479759;                       2401;                              6601190;                                     0,520241;                 29;                       174341;                                     0,013191;              104;                     354097;                                     0,026791
       407;       545;         1;BR      ;30/10/2022 17:35:11;         472075;     156454011;          266;                  50892;                                     0,107805;       82094;              16717053;         63110;                13280256;                60885;                       12749593;            33111;                    6120629;                                     0,480065;                      27774;                              6628964;                                     0,519935;                795;                       175136;                                     0,013188;             1430;                     355527;                                     0,026771
       407;       545;         1;BR      ;30/10/2022 17:35:12;         472075;     156454011;          217;                  51109;                                     0,108265;       73314;              16790367;         57639;                13337895;                54479;                       12804072;            23325;                    6143954;                                     0,479844;                      31154;                              6660118;                                     0,520156;               1041;                       176177;                                     0,013209;             2119;                     357646;                                     0,026814
       407;       545;         1;BR      ;30/10/2022 17:35:13;         472075;     156454011;           81;                  51190;                                     0,108436;       27556;              16817923;         21517;                13359412;                20358;                       12824430;             7897;                    6151851;                                     0,479698;                      12461;                              6672579;                                     0,520302;                364;                       176541;                                     0,013215;              795;                     358441;                                     0,026831
       407;       545;         1;BR      ;30/10/2022 17:35:15;         472075;     156454011;            4;                  51194;                                     0,108445;        1193;              16819116;           998;                13360410;                  971;                       12825401;              468;                    6152319;                                     0,479698;                        503;                              6673082;                                     0,520302;                  9;                       176550;                                     0,013214;               18;                     358459;                                     0,026830
       407;       545;         1;BR      ;30/10/2022 17:35:16;         472075;     156454011;          131;                  51325;                                     0,108722;       41207;              16860323;         32816;                13393226;                31577;                       12856978;            17109;                    6169428;                                     0,479851;                      14468;                              6687550;                                     0,520149;                444;                       176994;                                     0,013215;              795;                     359254;                                     0,026824
       407;       545;         1;BR      ;30/10/2022 17:35:17;         472075;     156454011;          163;                  51488;                                     0,109067;       53394;              16913717;         42405;                13435631;                40960;                       12897938;            17113;                    6186541;                                     0,479653;                      23847;                              6711397;                                     0,520347;                514;                       177508;                                     0,013212;              931;                     360185;                                     0,026808
       407;       545;         1;BR      ;30/10/2022 17:35:18;         472075;     156454011;           59;                  51547;                                     0,109192;       21866;              16935583;         17776;                13453407;                17137;                       12915075;             9366;                    6195907;                                     0,479742;                       7771;                              6719168;                                     0,520258;                178;                       177686;                                     0,013208;              461;                     360646;                                     0,026807
       407;       545;         1;BR      ;30/10/2022 17:35:19;         472075;     156454011;            1;                  51548;                                     0,109195;         349;              16935932;           289;                13453696;                  258;                       12915333;              181;                    6196088;                                     0,479747;                         77;                              6719245;                                     0,520253;                  5;                       177691;                                     0,013208;               26;                     360672;                                     0,026808
       407;       545;         1;BR      ;30/10/2022 17:35:20;         472075;     156454011;            7;                  51555;                                     0,109209;        1872;              16937804;          1512;                13455208;                 1441;                       12916774;              843;                    6196931;                                     0,479758;                        598;                              6719843;                                     0,520242;                 10;                       177701;                                     0,013207;               61;                     360733;                                     0,026810
       407;       545;         1;BR      ;30/10/2022 17:35:21;         472075;     156454011;            7;                  51562;                                     0,109224;        2146;              16939950;          1718;                13456926;                 1641;                       12918415;             1325;                    6198256;                                     0,479800;                        316;                              6720159;                                     0,520200;                 15;                       177716;                                     0,013206;               62;                     360795;                                     0,026811
       407;       545;         1;BR      ;30/10/2022 17:35:22;         472075;     156454011;           23;                  51585;                                     0,109273;        7911;              16947861;          6470;                13463396;                 6057;                       12924472;             4557;                    6202813;                                     0,479928;                       1500;                              6721659;                                     0,520072;                 85;                       177801;                                     0,013206;              328;                     361123;                                     0,026823
       407;       545;         1;BR      ;30/10/2022 17:35:23;         472075;     156454011;           36;                  51621;                                     0,109349;       12014;              16959875;         10173;                13473569;                 9517;                       12933989;             6441;                    6209254;                                     0,480073;                       3076;                              6724735;                                     0,519927;                133;                       177934;                                     0,013206;              523;                     361646;                                     0,026841
       407;       545;         1;BR      ;30/10/2022 17:35:24;         472075;     156454011;            5;                  51626;                                     0,109360;        1863;              16961738;          1580;                13475149;                 1489;                       12935478;              823;                    6210077;                                     0,480081;                        666;                              6725401;                                     0,519919;                 18;                       177952;                                     0,013206;               73;                     361719;                                     0,026843
       407;       545;         1;BR      ;30/10/2022 17:35:25;         472075;     156454011;           68;                  51694;                                     0,109504;       20735;              16982473;         16037;                13491186;                15514;                       12950992;             9742;                    6219819;                                     0,480258;                       5772;                              6731173;                                     0,519742;                191;                       178143;                                     0,013204;              332;                     362051;                                     0,026836
       407;       545;         1;BR      ;30/10/2022 17:35:26;         472075;     156454011;          108;                  51802;                                     0,109733;       37390;              17019863;         29372;                13520558;                27647;                       12978639;            18633;                    6238452;                                     0,480671;                       9014;                              6740187;                                     0,519329;                421;                       178564;                                     0,013207;             1304;                     363355;                                     0,026874
       407;       545;         1;BR      ;30/10/2022 17:35:27;         472075;     156454011;           39;                  51841;                                     0,109815;       12902;              17032765;          9443;                13530001;                 8880;                       12987519;             6533;                    6244985;                                     0,480845;                       2347;                              6742534;                                     0,519155;                 96;                       178660;                                     0,013205;              467;                     363822;                                     0,026890
       407;       545;         1;BR      ;30/10/2022 17:35:29;         472075;     156454011;           42;                  51883;                                     0,109904;       12946;              17045711;         10266;                13540267;                 9763;                       12997282;             7173;                    6252158;                                     0,481036;                       2590;                              6745124;                                     0,518964;                120;                       178780;                                     0,013204;              383;                     364205;                                     0,026898
       407;       545;         1;BR      ;30/10/2022 17:35:30;         472075;     156454011;           13;                  51896;                                     0,109932;        4158;              17049869;          3227;                13543494;                 3079;                       13000361;             2364;                    6254522;                                     0,481104;                        715;                              6745839;                                     0,518896;                 51;                       178831;                                     0,013204;               97;                     364302;                                     0,026899
       407;       545;         1;BR      ;30/10/2022 17:35:33;         472075;     156454011;           44;                  51940;                                     0,110025;       12706;              17062575;         10329;                13553823;                10008;                       13010369;             8088;                    6262610;                                     0,481355;                       1920;                              6747759;                                     0,518645;                 85;                       178916;                                     0,013200;              236;                     364538;                                     0,026896
       407;       545;         1;BR      ;30/10/2022 17:35:34;         472075;     156454011;          266;                  52206;                                     0,110588;       86301;              17148876;         69732;                13623555;                67560;                       13077929;            33349;                    6295959;                                     0,481419;                      34211;                              6781970;                                     0,518581;                793;                       179709;                                     0,013191;             1379;                     365917;                                     0,026859
       407;       545;         1;BR      ;30/10/2022 17:35:35;         472075;     156454011;          265;                  52471;                                     0,111150;       90471;              17239347;         72832;                13696387;                70101;                       13148030;            28893;                    6324852;                                     0,481049;                      41208;                              6823178;                                     0,518951;                985;                       180694;                                     0,013193;             1746;                     367663;                                     0,026844
       407;       545;         1;BR      ;30/10/2022 17:35:36;         472075;     156454011;          137;                  52608;                                     0,111440;       43453;              17282800;         34553;                13730940;                33598;                       13181628;            12395;                    6337247;                                     0,480764;                      21203;                              6844381;                                     0,519236;                360;                       181054;                                     0,013186;              595;                     368258;                                     0,026820
       407;       545;         1;BR      ;30/10/2022 17:35:37;         472075;     156454011;           44;                  52652;                                     0,111533;       13838;              17296638;         10750;                13741690;                10422;                       13192050;             5326;                    6342573;                                     0,480788;                       5096;                              6849477;                                     0,519212;                107;                       181161;                                     0,013183;              221;                     368479;                                     0,026815
       407;       545;         1;BR      ;30/10/2022 17:35:38;         472075;     156454011;           28;                  52680;                                     0,111592;        9014;              17305652;          6819;                13748509;                 6648;                       13198698;             3820;                    6346393;                                     0,480835;                       2828;                              6852305;                                     0,519165;                 54;                       181215;                                     0,013181;              117;                     368596;                                     0,026810
       407;       545;         1;BR      ;30/10/2022 17:35:39;         472075;     156454011;           94;                  52774;                                     0,111792;       32540;              17338192;         24753;                13773262;                24150;                       13222848;            11363;                    6357756;                                     0,480816;                      12787;                              6865092;                                     0,519184;                239;                       181454;                                     0,013174;              364;                     368960;                                     0,026788
       407;       545;         1;BR      ;30/10/2022 17:35:40;         472075;     156454011;          161;                  52935;                                     0,112133;       56049;              17394241;         45215;                13818477;                43627;                       13266475;            21392;                    6379148;                                     0,480847;                      22235;                              6887327;                                     0,519153;                625;                       182079;                                     0,013176;              963;                     369923;                                     0,026770
       407;       545;         1;BR      ;30/10/2022 17:35:41;         472075;     156454011;           59;                  52994;                                     0,112258;       19102;              17413343;         15785;                13834262;                15146;                       13281621;             5471;                    6384619;                                     0,480711;                       9675;                              6897002;                                     0,519289;                252;                       182331;                                     0,013180;              387;                     370310;                                     0,026768
       407;       545;         1;BR      ;30/10/2022 17:35:42;         472075;     156454011;           26;                  53020;                                     0,112313;        8109;              17421452;          6589;                13840851;                 6321;                       13287942;             2629;                    6387248;                                     0,480680;                       3692;                              6900694;                                     0,519320;                119;                       182450;                                     0,013182;              149;                     370459;                                     0,026766
       407;       545;         1;BR      ;30/10/2022 17:35:43;         472075;     156454011;           16;                  53036;                                     0,112347;        4620;              17426072;          3957;                13844808;                 3790;                       13291732;             1617;                    6388865;                                     0,480665;                       2173;                              6902867;                                     0,519335;                 67;                       182517;                                     0,013183;              100;                     370559;                                     0,026765
       407;       545;         1;BR      ;30/10/2022 17:35:44;         472075;     156454011;           73;                  53109;                                     0,112501;       22181;              17448253;         17770;                13862578;                17165;                       13308897;             5653;                    6394518;                                     0,480469;                      11512;                              6914379;                                     0,519531;                235;                       182752;                                     0,013183;              370;                     370929;                                     0,026758
       407;       545;         1;BR      ;30/10/2022 17:35:45;         472075;     156454011;          156;                  53265;                                     0,112832;       54520;              17502773;         44467;                13907045;                41889;                       13350786;            22711;                    6417229;                                     0,480663;                      19178;                              6933557;                                     0,519337;                622;                       183374;                                     0,013186;             1956;                     372885;                                     0,026813
       407;       545;         1;BR      ;30/10/2022 17:35:46;         472075;     156454011;           97;                  53362;                                     0,113037;       29719;              17532492;         24156;                13931201;                23221;                       13374007;            10317;                    6427546;                                     0,480600;                      12904;                              6946461;                                     0,519400;                303;                       183677;                                     0,013185;              632;                     373517;                                     0,026812
       407;       545;         1;BR      ;30/10/2022 17:35:47;         472075;     156454011;            3;                  53365;                                     0,113043;         807;              17533299;           603;                13931804;                  567;                       13374574;              333;                    6427879;                                     0,480604;                        234;                              6946695;                                     0,519396;                  6;                       183683;                                     0,013184;               30;                     373547;                                     0,026813
       407;       545;         1;BR      ;30/10/2022 17:35:48;         472075;     156454011;            8;                  53373;                                     0,113060;        2218;              17535517;          1718;                13933522;                 1640;                       13376214;              568;                    6428447;                                     0,480588;                       1072;                              6947767;                                     0,519412;                 27;                       183710;                                     0,013185;               51;                     373598;                                     0,026813
       407;       545;         1;BR      ;30/10/2022 17:35:49;         472075;     156454011;          124;                  53497;                                     0,113323;       39711;              17575228;         31399;                13964921;                29681;                       13405895;            15728;                    6444175;                                     0,480697;                      13953;                              6961720;                                     0,519303;                472;                       184182;                                     0,013189;             1246;                     374844;                                     0,026842
       407;       545;         1;BR      ;30/10/2022 17:35:50;         472075;     156454011;            1;                  53498;                                     0,113325;         205;              17575433;           163;                13965084;                  158;                       13406053;               70;                    6444245;                                     0,480697;                         88;                              6961808;                                     0,519303;                  1;                       184183;                                     0,013189;                4;                     374848;                                     0,026842
       407;       545;         1;BR      ;30/10/2022 17:35:51;         472075;     156454011;          237;                  53735;                                     0,113827;       66547;              17641980;         52457;                14017541;                50155;                       13456208;            19948;                    6464193;                                     0,480387;                      30207;                              6992015;                                     0,519613;                648;                       184831;                                     0,013186;             1654;                     376502;                                     0,026859
       407;       545;         1;BR      ;30/10/2022 17:35:55;         472075;     156454011;            1;                  53736;                                     0,113829;         322;              17642302;           244;                14017785;                  229;                       13456437;              116;                    6464309;                                     0,480388;                        113;                              6992128;                                     0,519612;                  2;                       184833;                                     0,013186;               13;                     376515;                                     0,026860
       407;       545;         1;BR      ;30/10/2022 17:36:14;         472075;     156454011;          251;                  53987;                                     0,114361;       80114;              17722416;         63016;                14080801;                60609;                       13517046;            31183;                    6495492;                                     0,480541;                      29426;                              7021554;                                     0,519459;                878;                       185711;                                     0,013189;             1529;                     378044;                                     0,026848
       407;       545;         1;BR      ;30/10/2022 17:36:15;         472075;     156454011;          179;                  54166;                                     0,114740;       59710;              17782126;         45508;                14126309;                43468;                       13560514;            20892;                    6516384;                                     0,480541;                      22576;                              7044130;                                     0,519459;                695;                       186406;                                     0,013196;             1345;                     379389;                                     0,026857
       407;       545;         1;BR      ;30/10/2022 17:36:16;         472075;     156454011;          181;                  54347;                                     0,115124;       61267;              17843393;         48398;                14174707;                45403;                       13605917;            20206;                    6536590;                                     0,480423;                      25197;                              7069327;                                     0,519577;                959;                       187365;                                     0,013218;             2036;                     381425;                                     0,026909
       407;       545;         1;BR      ;30/10/2022 17:36:17;         472075;     156454011;           30;                  54377;                                     0,115187;        9707;              17853100;          8098;                14182805;                 7816;                       13613733;             3873;                    6540463;                                     0,480431;                       3943;                              7073270;                                     0,519569;                104;                       187469;                                     0,013218;              178;                     381603;                                     0,026906
       407;       545;         1;BR      ;30/10/2022 17:36:18;         472075;     156454011;           39;                  54416;                                     0,115270;       12683;              17865783;         10407;                14193212;                10033;                       13623766;             7017;                    6547480;                                     0,480593;                       3016;                              7076286;                                     0,519407;                122;                       187591;                                     0,013217;              252;                     381855;                                     0,026904
       407;       545;         1;BR      ;30/10/2022 17:36:19;         472075;     156454011;           99;                  54515;                                     0,115480;       32422;              17898205;         25982;                14219194;                25123;                       13648889;            11521;                    6559001;                                     0,480552;                      13602;                              7089888;                                     0,519448;                319;                       187910;                                     0,013215;              540;                     382395;                                     0,026893
       407;       545;         1;BR      ;30/10/2022 17:36:20;         472075;     156454011;          136;                  54651;                                     0,115768;       45885;              17944090;         36073;                14255267;                34859;                       13683748;            15450;                    6574451;                                     0,480457;                      19409;                              7109297;                                     0,519543;                394;                       188304;                                     0,013209;              820;                     383215;                                     0,026882
       407;       545;         1;BR      ;30/10/2022 17:36:21;         472075;     156454011;           82;                  54733;                                     0,115941;       28957;              17973047;         23722;                14278989;                22707;                       13706455;            14893;                    6589344;                                     0,480748;                       7814;                              7117111;                                     0,519252;                276;                       188580;                                     0,013207;              739;                     383954;                                     0,026889
       407;       545;         1;BR      ;30/10/2022 17:36:22;         472075;     156454011;           46;                  54779;                                     0,116039;       13870;              17986917;         11224;                14290213;                10702;                       13717157;             5310;                    6594654;                                     0,480760;                       5392;                              7122503;                                     0,519240;                133;                       188713;                                     0,013206;              389;                     384343;                                     0,026896
       407;       545;         1;BR      ;30/10/2022 17:36:23;         472075;     156454011;            1;                  54780;                                     0,116041;         372;              17987289;           324;                14290537;                  311;                       13717468;              162;                    6594816;                                     0,480760;                        149;                              7122652;                                     0,519240;                  3;                       188716;                                     0,013206;               10;                     384353;                                     0,026896
       407;       545;         1;BR      ;30/10/2022 17:36:25;         472075;     156454011;           13;                  54793;                                     0,116068;        4052;              17991341;          3353;                14293890;                 3100;                       13720568;             2313;                    6597129;                                     0,480820;                        787;                              7123439;                                     0,519180;                 52;                       188768;                                     0,013206;              201;                     384554;                                     0,026903
       407;       545;         1;BR      ;30/10/2022 17:36:26;         472075;     156454011;           29;                  54822;                                     0,116130;        8958;              18000299;          6795;                14300685;                 6457;                       13727025;             4692;                    6601821;                                     0,480936;                       1765;                              7125204;                                     0,519064;                 92;                       188860;                                     0,013206;              246;                     384800;                                     0,026908
       407;       545;         1;BR      ;30/10/2022 17:36:27;         472075;     156454011;          120;                  54942;                                     0,116384;       42008;              18042307;         33848;                14334533;                31603;                       13758628;            23448;                    6625269;                                     0,481536;                       8155;                              7133359;                                     0,518464;                509;                       189369;                                     0,013211;             1736;                     386536;                                     0,026965
       407;       545;         1;BR      ;30/10/2022 17:36:28;         472075;     156454011;           30;                  54972;                                     0,116448;        8969;              18051276;          7065;                14341598;                 6739;                       13765367;             4831;                    6630100;                                     0,481651;                       1908;                              7135267;                                     0,518349;                 85;                       189454;                                     0,013210;              241;                     386777;                                     0,026969
       407;       545;         1;BR      ;30/10/2022 17:36:29;         472075;     156454011;            2;                  54974;                                     0,116452;         637;              18051913;           496;                14342094;                  475;                       13765842;              361;                    6630461;                                     0,481660;                        114;                              7135381;                                     0,518340;                  9;                       189463;                                     0,013210;               12;                     386789;                                     0,026969
       407;       545;         1;BR      ;30/10/2022 17:36:31;         472075;     156454011;           81;                  55055;                                     0,116623;       25624;              18077537;         20787;                14362881;                19904;                       13785746;            14815;                    6645276;                                     0,482040;                       5089;                              7140470;                                     0,517960;                233;                       189696;                                     0,013207;              650;                     387439;                                     0,026975
       407;       545;         1;BR      ;30/10/2022 17:36:32;         472075;     156454011;          126;                  55181;                                     0,116890;       41655;              18119192;         33274;                14396155;                32185;                       13817931;            12114;                    6657390;                                     0,481794;                      20071;                              7160541;                                     0,518206;                431;                       190127;                                     0,013207;              658;                     388097;                                     0,026958
       407;       545;         1;BR      ;30/10/2022 17:36:33;         472075;     156454011;           10;                  55191;                                     0,116912;        2995;              18122187;          2494;                14398649;                 2429;                       13820360;             1691;                    6659081;                                     0,481831;                        738;                              7161279;                                     0,518169;                 24;                       190151;                                     0,013206;               41;                     388138;                                     0,026957
       407;       545;         1;BR      ;30/10/2022 17:36:34;         472075;     156454011;           38;                  55229;                                     0,116992;       12582;              18134769;         10185;                14408834;                 9783;                       13830143;             3872;                    6662953;                                     0,481770;                       5911;                              7167190;                                     0,518230;                139;                       190290;                                     0,013206;              263;                     388401;                                     0,026956
       407;       545;         1;BR      ;30/10/2022 17:36:35;         472075;     156454011;          154;                  55383;                                     0,117318;       50834;              18185603;         41577;                14450411;                40245;                       13870388;            17966;                    6680919;                                     0,481668;                      22279;                              7189469;                                     0,518332;                501;                       190791;                                     0,013203;              831;                     389232;                                     0,026936
       407;       545;         1;BR      ;30/10/2022 17:36:36;         472075;     156454011;          339;                  55722;                                     0,118036;      116059;              18301662;         93365;                14543776;                89863;                       13960251;            35390;                    6716309;                                     0,481102;                      54473;                              7243942;                                     0,518898;               1335;                       192126;                                     0,013210;             2167;                     391399;                                     0,026912
       407;       545;         1;BR      ;30/10/2022 17:36:37;         472075;     156454011;          126;                  55848;                                     0,118303;       43466;              18345128;         33827;                14577603;                32979;                       13993230;            15226;                    6731535;                                     0,481057;                      17753;                              7261695;                                     0,518943;                338;                       192464;                                     0,013203;              510;                     391909;                                     0,026884
       407;       545;         1;BR      ;30/10/2022 17:36:38;         472075;     156454011;           95;                  55943;                                     0,118504;       32054;              18377182;         24950;                14602553;                23997;                       14017227;            12396;                    6743931;                                     0,481117;                      11601;                              7273296;                                     0,518883;                391;                       192855;                                     0,013207;              562;                     392471;                                     0,026877
       407;       545;         1;BR      ;30/10/2022 17:36:39;         472075;     156454011;          147;                  56090;                                     0,118816;       43855;              18421037;         35766;                14638319;                34187;                       14051414;            14120;                    6758051;                                     0,480952;                      20067;                              7293363;                                     0,519048;                628;                       193483;                                     0,013218;              951;                     393422;                                     0,026876
       407;       545;         1;BR      ;30/10/2022 17:36:40;         472075;     156454011;           69;                  56159;                                     0,118962;       23396;              18444433;         18454;                14656773;                17635;                       14069049;             7020;                    6765071;                                     0,480848;                      10615;                              7303978;                                     0,519152;                304;                       193787;                                     0,013222;              515;                     393937;                                     0,026877
       407;       545;         1;BR      ;30/10/2022 17:36:41;         472075;     156454011;           77;                  56236;                                     0,119125;       26207;              18470640;         21142;                14677915;                20131;                       14089180;             7933;                    6773004;                                     0,480724;                      12198;                              7316176;                                     0,519276;                254;                       194041;                                     0,013220;              757;                     394694;                                     0,026890
       407;       545;         1;BR      ;30/10/2022 17:36:45;         472075;     156454011;           18;                  56254;                                     0,119163;        6370;              18477010;          4736;                14682651;                 4537;                       14093717;             3237;                    6776241;                                     0,480799;                       1300;                              7317476;                                     0,519201;                 20;                       194061;                                     0,013217;              179;                     394873;                                     0,026894
       407;       545;         1;BR      ;30/10/2022 17:36:46;         472075;     156454011;           85;                  56339;                                     0,119343;       28024;              18505034;         21793;                14704444;                20397;                       14114114;            13652;                    6789893;                                     0,481071;                       6745;                              7324221;                                     0,518929;                238;                       194299;                                     0,013214;             1158;                     396031;                                     0,026933
       407;       545;         1;BR      ;30/10/2022 17:36:47;         472075;     156454011;          192;                  56531;                                     0,119750;       58187;              18563221;         47523;                14751967;                44851;                       14158965;            27402;                    6817295;                                     0,481483;                      17449;                              7341670;                                     0,518517;                601;                       194900;                                     0,013212;             2071;                     398102;                                     0,026986
       407;       545;         1;BR      ;30/10/2022 17:36:48;         472075;     156454011;           96;                  56627;                                     0,119953;       32040;              18595261;         25782;                14777749;                24521;                       14183486;            11256;                    6828551;                                     0,481444;                      13265;                              7354935;                                     0,518556;                418;                       195318;                                     0,013217;              843;                     398945;                                     0,026996
       407;       545;         1;BR      ;30/10/2022 17:36:50;         472075;     156454011;           47;                  56674;                                     0,120053;       13239;              18608500;         10295;                14788044;                 9757;                       14193243;             5888;                    6834439;                                     0,481528;                       3869;                              7358804;                                     0,518472;                121;                       195439;                                     0,013216;              417;                     399362;                                     0,027006
       407;       545;         1;BR      ;30/10/2022 17:36:51;         472075;     156454011;          112;                  56786;                                     0,120290;       31466;              18639966;         25051;                14813095;                23925;                       14217168;             9780;                    6844219;                                     0,481405;                      14145;                              7372949;                                     0,518595;                306;                       195745;                                     0,013214;              820;                     400182;                                     0,027015
       407;       545;         1;BR      ;30/10/2022 17:36:55;         472075;     156454011;            4;                  56790;                                     0,120299;        1081;              18641047;           815;                14813910;                  776;                       14217944;              394;                    6844613;                                     0,481407;                        382;                              7373331;                                     0,518593;                  9;                       195754;                                     0,013214;               30;                     400212;                                     0,027016
       407;       545;         1;BR      ;30/10/2022 17:37:17;         472075;     156454011;          217;                  57007;                                     0,120758;       67280;              18708327;         53636;                14867546;                51641;                       14269585;            32314;                    6876927;                                     0,481929;                      19327;                              7392658;                                     0,518071;                709;                       196463;                                     0,013214;             1286;                     401498;                                     0,027005
       407;       545;         1;BR      ;30/10/2022 17:37:18;         472075;     156454011;          208;                  57215;                                     0,121199;       69045;              18777372;         54166;                14921712;                52133;                       14321718;            24403;                    6901330;                                     0,481879;                      27730;                              7420388;                                     0,518121;                692;                       197155;                                     0,013213;             1341;                     402839;                                     0,026997
       407;       545;         1;BR      ;30/10/2022 17:37:19;         472075;     156454011;          273;                  57488;                                     0,121777;       93152;              18870524;         72442;                14994154;                68389;                       14390107;            29301;                    6930631;                                     0,481625;                      39088;                              7459476;                                     0,518375;               1318;                       198473;                                     0,013237;             2735;                     405574;                                     0,027049
       407;       545;         1;BR      ;30/10/2022 17:37:20;         472075;     156454011;           45;                  57533;                                     0,121873;       14828;              18885352;         11049;                15005203;                10434;                       14400541;             4539;                    6935170;                                     0,481591;                       5895;                              7465371;                                     0,518409;                220;                       198693;                                     0,013242;              395;                     405969;                                     0,027055
       407;       545;         1;BR      ;30/10/2022 17:37:21;         472075;     156454011;           16;                  57549;                                     0,121906;        5450;              18890802;          4023;                15009226;                 3749;                       14404290;             1713;                    6936883;                                     0,481585;                       2036;                              7467407;                                     0,518415;                 78;                       198771;                                     0,013243;              196;                     406165;                                     0,027061
       407;       545;         1;BR      ;30/10/2022 17:37:22;         472075;     156454011;           69;                  57618;                                     0,122053;       23750;              18914552;         18753;                15027979;                18078;                       14422368;             7946;                    6944829;                                     0,481532;                      10132;                              7477539;                                     0,518468;                247;                       199018;                                     0,013243;              428;                     406593;                                     0,027056
       407;       545;         1;BR      ;30/10/2022 17:37:23;         472075;     156454011;          155;                  57773;                                     0,122381;       49833;              18964385;         40451;                15068430;                39018;                       14461386;            19164;                    6963993;                                     0,481558;                      19854;                              7497393;                                     0,518442;                485;                       199503;                                     0,013240;              948;                     407541;                                     0,027046
       407;       545;         1;BR      ;30/10/2022 17:37:24;         472075;     156454011;           51;                  57824;                                     0,122489;       16802;              18981187;         13262;                15081692;                12562;                       14473948;             6785;                    6970778;                                     0,481609;                       5777;                              7503170;                                     0,518391;                162;                       199665;                                     0,013239;              538;                     408079;                                     0,027058
       407;       545;         1;BR      ;30/10/2022 17:37:25;         472075;     156454011;            1;                  57825;                                     0,122491;         299;              18981486;           248;                15081940;                  229;                       14474177;              196;                    6970974;                                     0,481615;                         33;                              7503203;                                     0,518385;                  1;                       199666;                                     0,013239;               18;                     408097;                                     0,027059
       407;       545;         1;BR      ;30/10/2022 17:37:26;         472075;     156454011;            8;                  57833;                                     0,122508;        2655;              18984141;          2012;                15083952;                 1901;                       14476078;             1518;                    6972492;                                     0,481656;                        383;                              7503586;                                     0,518344;                 27;                       199693;                                     0,013239;               84;                     408181;                                     0,027061
       407;       545;         1;BR      ;30/10/2022 17:37:27;         472075;     156454011;           34;                  57867;                                     0,122580;       10858;              18994999;          7953;                15091905;                 7555;                       14483633;             4937;                    6977429;                                     0,481746;                       2618;                              7506204;                                     0,518254;                 95;                       199788;                                     0,013238;              303;                     408484;                                     0,027066
       407;       545;         1;BR      ;30/10/2022 17:37:28;         472075;     156454011;          189;                  58056;                                     0,122980;       65084;              19060083;         53019;                15144924;                49968;                       14533601;            36566;                    7013995;                                     0,482605;                      13402;                              7519606;                                     0,517395;                713;                       200501;                                     0,013239;             2338;                     410822;                                     0,027126
       407;       545;         1;BR      ;30/10/2022 17:37:29;         472075;     156454011;           16;                  58072;                                     0,123014;        5777;              19065860;          4478;                15149402;                 4253;                       14537854;             3159;                    7017154;                                     0,482682;                       1094;                              7520700;                                     0,517318;                 56;                       200557;                                     0,013239;              169;                     410991;                                     0,027129
       407;       545;         1;BR      ;30/10/2022 17:37:32;         472075;     156454011;           30;                  58102;                                     0,123078;        9451;              19075311;          7378;                15156780;                 7035;                       14544889;             5187;                    7022341;                                     0,482805;                       1848;                              7522548;                                     0,517195;                100;                       200657;                                     0,013239;              243;                     411234;                                     0,027132
       407;       545;         1;BR      ;30/10/2022 17:37:33;         472075;     156454011;           73;                  58175;                                     0,123233;       22973;              19098284;         18518;                15175298;                17906;                       14562795;            10847;                    7033188;                                     0,482956;                       7059;                              7529607;                                     0,517044;                192;                       200849;                                     0,013235;              420;                     411654;                                     0,027127
       407;       545;         1;BR      ;30/10/2022 17:37:34;         472075;     156454011;          150;                  58325;                                     0,123550;       51343;              19149627;         41274;                15216572;                39937;                       14602732;            14057;                    7047245;                                     0,482598;                      25880;                              7555487;                                     0,517402;                513;                       201362;                                     0,013233;              824;                     412478;                                     0,027107
       407;       545;         1;BR      ;30/10/2022 17:37:35;         472075;     156454011;          132;                  58457;                                     0,123830;       45175;              19194802;         37348;                15253920;                35764;                       14638496;            12584;                    7059829;                                     0,482278;                      23180;                              7578667;                                     0,517722;                604;                       201966;                                     0,013240;              980;                     413458;                                     0,027105
       407;       545;         1;BR      ;30/10/2022 17:37:36;         472075;     156454011;          115;                  58572;                                     0,124074;       38414;              19233216;         31377;                15285297;                30357;                       14668853;            11904;                    7071733;                                     0,482092;                      18453;                              7597120;                                     0,517908;                366;                       202332;                                     0,013237;              654;                     414112;                                     0,027092
       407;       545;         1;BR      ;30/10/2022 17:37:37;         472075;     156454011;           54;                  58626;                                     0,124188;       16732;              19249948;         13553;                15298850;                13164;                       14682017;             5874;                    7077607;                                     0,482060;                       7290;                              7604410;                                     0,517940;                153;                       202485;                                     0,013235;              236;                     414348;                                     0,027084
       407;       545;         1;BR      ;30/10/2022 17:37:38;         472075;     156454011;          114;                  58740;                                     0,124429;       36896;              19286844;         28696;                15327546;                27968;                       14709985;            10328;                    7087935;                                     0,481845;                      17640;                              7622050;                                     0,518155;                285;                       202770;                                     0,013229;              443;                     414791;                                     0,027062
       407;       545;         1;BR      ;30/10/2022 17:37:39;         472075;     156454011;          121;                  58861;                                     0,124686;       45652;              19332496;         35700;                15363246;                34754;                       14744739;            17127;                    7105062;                                     0,481871;                      17627;                              7639677;                                     0,518129;                363;                       203133;                                     0,013222;              583;                     415374;                                     0,027037
       407;       545;         1;BR      ;30/10/2022 17:37:40;         472075;     156454011;          156;                  59017;                                     0,125016;       49522;              19382018;         39553;                15402799;                37998;                       14782737;            15943;                    7121005;                                     0,481711;                      22055;                              7661732;                                     0,518289;                631;                       203764;                                     0,013229;              924;                     416298;                                     0,027027
       407;       545;         1;BR      ;30/10/2022 17:37:41;         472075;     156454011;           89;                  59106;                                     0,125205;       26505;              19408523;         22010;                15424809;                21119;                       14803856;             7888;                    7128893;                                     0,481556;                      13231;                              7674963;                                     0,518444;                350;                       204114;                                     0,013233;              541;                     416839;                                     0,027024
       407;       545;         1;BR      ;30/10/2022 17:37:42;         472075;     156454011;           41;                  59147;                                     0,125292;       12202;              19420725;          9461;                15434270;                 9044;                       14812900;             3608;                    7132501;                                     0,481506;                       5436;                              7680399;                                     0,518494;                168;                       204282;                                     0,013236;              249;                     417088;                                     0,027024
       407;       545;         1;BR      ;30/10/2022 17:37:43;         472075;     156454011;           14;                  59161;                                     0,125321;        3861;              19424586;          3084;                15437354;                 2997;                       14815897;             1009;                    7133510;                                     0,481477;                       1988;                              7682387;                                     0,518523;                 30;                       204312;                                     0,013235;               57;                     417145;                                     0,027022
       407;       545;         1;BR      ;30/10/2022 17:37:44;         472075;     156454011;          103;                  59264;                                     0,125539;       34745;              19459331;         28192;                15465546;                26863;                       14842760;            12673;                    7146183;                                     0,481459;                      14190;                              7696577;                                     0,518541;                350;                       204662;                                     0,013233;              979;                     418124;                                     0,027036
       407;       545;         1;BR      ;30/10/2022 17:37:45;         472075;     156454011;           74;                  59338;                                     0,125696;       22481;              19481812;         18147;                15483693;                17260;                       14860020;            10835;                    7157018;                                     0,481629;                       6425;                              7703002;                                     0,518371;                199;                       204861;                                     0,013231;              688;                     418812;                                     0,027049
       407;       545;         1;BR      ;30/10/2022 17:37:46;         472075;     156454011;          107;                  59445;                                     0,125923;       32908;              19514720;         26696;                15510389;                25357;                       14885377;            12480;                    7169498;                                     0,481647;                      12877;                              7715879;                                     0,518353;                420;                       205281;                                     0,013235;              919;                     419731;                                     0,027061
       407;       545;         1;BR      ;30/10/2022 17:37:47;         472075;     156454011;           73;                  59518;                                     0,126077;       22179;              19536899;         16924;                15527313;                16136;                       14901513;             7317;                    7176815;                                     0,481617;                       8819;                              7724698;                                     0,518383;                262;                       205543;                                     0,013238;              526;                     420257;                                     0,027066
       407;       545;         1;BR      ;30/10/2022 17:37:48;         472075;     156454011;          116;                  59634;                                     0,126323;       33434;              19570333;         25590;                15552903;                24539;                       14926052;            11571;                    7188386;                                     0,481600;                      12968;                              7737666;                                     0,518400;                274;                       205817;                                     0,013233;              777;                     421034;                                     0,027071
       407;       545;         1;BR      ;30/10/2022 17:37:49;         472075;     156454011;           12;                  59646;                                     0,126349;        3659;              19573992;          2768;                15555671;                 2644;                       14928696;             1213;                    7189599;                                     0,481596;                       1431;                              7739097;                                     0,518404;                 27;                       205844;                                     0,013233;               97;                     421131;                                     0,027073
       407;       545;         1;BR      ;30/10/2022 17:37:51;         472075;     156454011;           18;                  59664;                                     0,126387;        5472;              19579464;          4518;                15560189;                 4255;                       14932951;             2899;                    7192498;                                     0,481653;                       1356;                              7740453;                                     0,518347;                 60;                       205904;                                     0,013233;              203;                     421334;                                     0,027078
       407;       545;         1;BR      ;30/10/2022 17:37:53;         472075;     156454011;           17;                  59681;                                     0,126423;        5069;              19584533;          4306;                15564495;                 4037;                       14936988;             2902;                    7195400;                                     0,481717;                       1135;                              7741588;                                     0,518283;                 59;                       205963;                                     0,013233;              210;                     421544;                                     0,027084
       407;       545;         1;BR      ;30/10/2022 17:37:54;         472075;     156454011;           15;                  59696;                                     0,126454;        4596;              19589129;          3853;                15568348;                 3613;                       14940601;             2802;                    7198202;                                     0,481788;                        811;                              7742399;                                     0,518212;                 55;                       206018;                                     0,013233;              185;                     421729;                                     0,027089
       407;       545;         1;BR      ;30/10/2022 17:38:20;         472075;     156454011;           59;                  59755;                                     0,126579;       17151;              19606280;         13539;                15581887;                13112;                       14953713;             9621;                    7207823;                                     0,482009;                       3491;                              7745890;                                     0,517991;                131;                       206149;                                     0,013230;              296;                     422025;                                     0,027084
       407;       545;         1;BR      ;30/10/2022 17:38:21;         472075;     156454011;          331;                  60086;                                     0,127281;      107339;              19713619;         84672;                15666559;                81302;                       15035015;            43236;                    7251059;                                     0,482278;                      38066;                              7783956;                                     0,517722;               1028;                       207177;                                     0,013224;             2342;                     424367;                                     0,027087
       407;       545;         1;BR      ;30/10/2022 17:38:22;         472075;     156454011;          183;                  60269;                                     0,127668;       61815;              19775434;         48340;                15714899;                46435;                       15081450;            18848;                    7269907;                                     0,482043;                      27587;                              7811543;                                     0,517957;                697;                       207874;                                     0,013228;             1208;                     425575;                                     0,027081
       407;       545;         1;BR      ;30/10/2022 17:38:23;         472075;     156454011;          209;                  60478;                                     0,128111;       72117;              19847551;         57196;                15772095;                53690;                       15135140;            24837;                    7294744;                                     0,481974;                      28853;                              7840396;                                     0,518026;               1143;                       209017;                                     0,013252;             2363;                     427938;                                     0,027133
       407;       545;         1;BR      ;30/10/2022 17:38:24;         472075;     156454011;           56;                  60534;                                     0,128230;       17597;              19865148;         13078;                15785173;                12324;                       15147464;             4874;                    7299618;                                     0,481904;                       7450;                              7847846;                                     0,518096;                281;                       209298;                                     0,013259;              473;                     428411;                                     0,027140
       407;       545;         1;BR      ;30/10/2022 17:38:25;         472075;     156454011;           80;                  60614;                                     0,128399;       24969;              19890117;         19433;                15804606;                18383;                       15165847;             7552;                    7307170;                                     0,481817;                      10831;                              7858677;                                     0,518183;                370;                       209668;                                     0,013266;              680;                     429091;                                     0,027150
       407;       545;         1;BR      ;30/10/2022 17:38:26;         472075;     156454011;           21;                  60635;                                     0,128444;        8020;              19898137;          5848;                15810454;                 5583;                       15171430;             2265;                    7309435;                                     0,481789;                       3318;                              7861995;                                     0,518211;                 93;                       209761;                                     0,013267;              172;                     429263;                                     0,027151
       407;       545;         1;BR      ;30/10/2022 17:38:27;         472075;     156454011;           40;                  60675;                                     0,128528;       11997;              19910134;          9752;                15820206;                 9466;                       15180896;             3985;                    7313420;                                     0,481752;                       5481;                              7867476;                                     0,518248;                 98;                       209859;                                     0,013265;              188;                     429451;                                     0,027146
       407;       545;         1;BR      ;30/10/2022 17:38:28;         472075;     156454011;          112;                  60787;                                     0,128766;       36638;              19946772;         29766;                15849972;                28735;                       15209631;            16442;                    7329862;                                     0,481922;                      12293;                              7879769;                                     0,518078;                298;                       210157;                                     0,013259;              733;                     430184;                                     0,027141
       407;       545;         1;BR      ;30/10/2022 17:38:29;         472075;     156454011;          107;                  60894;                                     0,128992;       39057;              19985829;         32055;                15882027;                29785;                       15239416;            21845;                    7351707;                                     0,482414;                       7940;                              7887709;                                     0,517586;                508;                       210665;                                     0,013264;             1762;                     431946;                                     0,027197
       407;       545;         1;BR      ;30/10/2022 17:38:30;         472075;     156454011;            7;                  60901;                                     0,129007;        1722;              19987551;          1384;                15883411;                 1314;                       15240730;              627;                    7352334;                                     0,482414;                        687;                              7888396;                                     0,517586;                 17;                       210682;                                     0,013264;               53;                     431999;                                     0,027198
       407;       545;         1;BR      ;30/10/2022 17:38:31;         472075;     156454011;           28;                  60929;                                     0,129066;        8306;              19995857;          5802;                15889213;                 5524;                       15246254;             3691;                    7356025;                                     0,482481;                       1833;                              7890229;                                     0,517519;                 65;                       210747;                                     0,013264;              213;                     432212;                                     0,027202
       407;       545;         1;BR      ;30/10/2022 17:38:32;         472075;     156454011;          101;                  61030;                                     0,129280;       31740;              20027597;         24584;                15913797;                23110;                       15269364;            14148;                    7370173;                                     0,482677;                       8962;                              7899191;                                     0,517323;                380;                       211127;                                     0,013267;             1094;                     433306;                                     0,027228
       407;       545;         1;BR      ;30/10/2022 17:38:33;         472075;     156454011;           67;                  61097;                                     0,129422;       22779;              20050376;         17985;                15931782;                17108;                       15286472;            12399;                    7382572;                                     0,482948;                       4709;                              7903900;                                     0,517052;                205;                       211332;                                     0,013265;              672;                     433978;                                     0,027240
       407;       545;         1;BR      ;30/10/2022 17:38:34;         472075;     156454011;           15;                  61112;                                     0,129454;        4273;              20054649;          3265;                15935047;                 3131;                       15289603;             2453;                    7385025;                                     0,483010;                        678;                              7904578;                                     0,516990;                 44;                       211376;                                     0,013265;               90;                     434068;                                     0,027240
       407;       545;         1;BR      ;30/10/2022 17:38:35;         472075;     156454011;           21;                  61133;                                     0,129498;        6373;              20061022;          5115;                15940162;                 4928;                       15294531;             3690;                    7388715;                                     0,483095;                       1238;                              7905816;                                     0,516905;                 48;                       211424;                                     0,013264;              139;                     434207;                                     0,027240
       407;       545;         1;BR      ;30/10/2022 17:38:36;         472075;     156454011;          174;                  61307;                                     0,129867;       56035;              20117057;         45653;                15985815;                44265;                       15338796;            17884;                    7406599;                                     0,482867;                      26381;                              7932197;                                     0,517133;                515;                       211939;                                     0,013258;              873;                     435080;                                     0,027217
       407;       545;         1;BR      ;30/10/2022 17:38:37;         472075;     156454011;          137;                  61444;                                     0,130157;       45636;              20162693;         37139;                16022954;                36027;                       15374823;            14585;                    7421184;                                     0,482684;                      21442;                              7953639;                                     0,517316;                433;                       212372;                                     0,013254;              679;                     435759;                                     0,027196
       407;       545;         1;BR      ;30/10/2022 17:38:38;         472075;     156454011;          199;                  61643;                                     0,130579;       66699;              20229392;         54144;                16077098;                51940;                       15426763;            21086;                    7442270;                                     0,482426;                      30854;                              7984493;                                     0,517574;                867;                       213239;                                     0,013264;             1337;                     437096;                                     0,027187
       407;       545;         1;BR      ;30/10/2022 17:38:39;         472075;     156454011;          115;                  61758;                                     0,130822;       37147;              20266539;         29483;                16106581;                28687;                       15455450;            11556;                    7453826;                                     0,482278;                      17131;                              8001624;                                     0,517722;                255;                       213494;                                     0,013255;              541;                     437637;                                     0,027171
       407;       545;         1;BR      ;30/10/2022 17:38:40;         472075;     156454011;           85;                  61843;                                     0,131002;       28241;              20294780;         21997;                16128578;                21459;                       15476909;            11694;                    7465520;                                     0,482365;                       9765;                              8011389;                                     0,517635;                218;                       213712;                                     0,013251;              320;                     437957;                                     0,027154
       407;       545;         1;BR      ;30/10/2022 17:38:41;         472075;     156454011;          116;                  61959;                                     0,131248;       40535;              20335315;         31600;                16160178;                30472;                       15507381;            15319;                    7480839;                                     0,482405;                      15153;                              8026542;                                     0,517595;                425;                       214137;                                     0,013251;              703;                     438660;                                     0,027145
       407;       545;         1;BR      ;30/10/2022 17:38:42;         472075;     156454011;           99;                  62058;                                     0,131458;       32739;              20368054;         26775;                16186953;                25622;                       15533003;            10006;                    7490845;                                     0,482253;                      15616;                              8042158;                                     0,517747;                464;                       214601;                                     0,013258;              689;                     439349;                                     0,027142
       407;       545;         1;BR      ;30/10/2022 17:38:43;         472075;     156454011;           39;                  62097;                                     0,131541;       11776;              20379830;          8984;                16195937;                 8705;                       15541708;             2810;                    7493655;                                     0,482164;                       5895;                              8048053;                                     0,517836;                 92;                       214693;                                     0,013256;              187;                     439536;                                     0,027139
       407;       545;         1;BR      ;30/10/2022 17:38:44;         472075;     156454011;           59;                  62156;                                     0,131666;       20144;              20399974;         16142;                16212079;                15394;                       15557102;             7274;                    7500929;                                     0,482155;                       8120;                              8056173;                                     0,517845;                219;                       214912;                                     0,013256;              529;                     440065;                                     0,027144
       407;       545;         1;BR      ;30/10/2022 17:38:45;         472075;     156454011;           72;                  62228;                                     0,131818;       23698;              20423672;         19125;                16231204;                18030;                       15575132;            12799;                    7513728;                                     0,482418;                       5231;                              8061404;                                     0,517582;                194;                       215106;                                     0,013253;              901;                     440966;                                     0,027168
       407;       545;         1;BR      ;30/10/2022 17:38:46;         472075;     156454011;           81;                  62309;                                     0,131990;       24607;              20448279;         20113;                16251317;                19171;                       15594303;            10696;                    7524424;                                     0,482511;                       8475;                              8069879;                                     0,517489;                230;                       215336;                                     0,013250;              712;                     441678;                                     0,027178
       407;       545;         1;BR      ;30/10/2022 17:38:47;         472075;     156454011;          106;                  62415;                                     0,132214;       34665;              20482944;         27622;                16278939;                26339;                       15620642;            10392;                    7534816;                                     0,482363;                      15947;                              8085826;                                     0,517637;                443;                       215779;                                     0,013255;              840;                     442518;                                     0,027183
       407;       545;         1;BR      ;30/10/2022 17:38:48;         472075;     156454011;           12;                  62427;                                     0,132240;        2574;              20485518;          2071;                16281010;                 1953;                       15622595;              719;                    7535535;                                     0,482348;                       1234;                              8087060;                                     0,517652;                 40;                       215819;                                     0,013256;               78;                     442596;                                     0,027185
       407;       545;         1;BR      ;30/10/2022 17:38:49;         472075;     156454011;           94;                  62521;                                     0,132439;       27700;              20513218;         21695;                16302705;                20730;                       15643325;             8689;                    7544224;                                     0,482265;                      12041;                              8099101;                                     0,517735;                255;                       216074;                                     0,013254;              710;                     443306;                                     0,027192
       407;       545;         1;BR      ;30/10/2022 17:38:50;         472075;     156454011;           53;                  62574;                                     0,132551;       14659;              20527877;         11672;                16314377;                11104;                       15654429;             5143;                    7549367;                                     0,482251;                       5961;                              8105062;                                     0,517749;                177;                       216251;                                     0,013255;              391;                     443697;                                     0,027197
       407;       545;         1;BR      ;30/10/2022 17:38:54;         472075;     156454011;            4;                  62578;                                     0,132559;        1433;              20529310;           842;                16315219;                  805;                       15655234;              587;                    7549954;                                     0,482264;                        218;                              8105280;                                     0,517736;                 11;                       216262;                                     0,013255;               26;                     443723;                                     0,027197
       407;       545;         1;BR      ;30/10/2022 17:39:25;         472075;     156454011;          242;                  62820;                                     0,133072;       76358;              20605668;         59798;                16375017;                57786;                       15713020;            32577;                    7582531;                                     0,482564;                      25209;                              8130489;                                     0,517436;                690;                       216952;                                     0,013249;             1322;                     445045;                                     0,027178
       407;       545;         1;BR      ;30/10/2022 17:39:26;         472075;     156454011;          175;                  62995;                                     0,133443;       55603;              20661271;         42729;                16417746;                41307;                       15754327;            23763;                    7606294;                                     0,482807;                      17544;                              8148033;                                     0,517193;                496;                       217448;                                     0,013245;              926;                     445971;                                     0,027164
       407;       545;         1;BR      ;30/10/2022 17:39:27;         472075;     156454011;          201;                  63196;                                     0,133869;       69685;              20730956;         54168;                16471914;                51336;                       15805663;            23703;                    7629997;                                     0,482738;                      27633;                              8175666;                                     0,517262;                859;                       218307;                                     0,013253;             1973;                     447944;                                     0,027194
       407;       545;         1;BR      ;30/10/2022 17:39:28;         472075;     156454011;          149;                  63345;                                     0,134184;       48627;              20779583;         37996;                16509910;                35905;                       15841568;            12914;                    7642911;                                     0,482459;                      22991;                              8198657;                                     0,517541;                661;                       218968;                                     0,013263;             1430;                     449374;                                     0,027218
       407;       545;         1;BR      ;30/10/2022 17:39:29;         472075;     156454011;           39;                  63384;                                     0,134267;       13478;              20793061;         10896;                16520806;                10322;                       15851890;             4430;                    7647341;                                     0,482425;                       5892;                              8204549;                                     0,517575;                186;                       219154;                                     0,013265;              388;                     449762;                                     0,027224
       407;       545;         1;BR      ;30/10/2022 17:39:30;         472075;     156454011;            6;                  63390;                                     0,134280;        1586;              20794647;          1206;                16522012;                 1152;                       15853042;              369;                    7647710;                                     0,482413;                        783;                              8205332;                                     0,517587;                 17;                       219171;                                     0,013265;               37;                     449799;                                     0,027224
       407;       545;         1;BR      ;30/10/2022 17:39:31;         472075;     156454011;           66;                  63456;                                     0,134419;       20777;              20815424;         16460;                16538472;                15789;                       15868831;             6817;                    7654527;                                     0,482362;                       8972;                              8214304;                                     0,517638;                255;                       219426;                                     0,013268;              416;                     450215;                                     0,027222
       407;       545;         1;BR      ;30/10/2022 17:39:32;         472075;     156454011;          138;                  63594;                                     0,134712;       47670;              20863094;         38752;                16577224;                37430;                       15906261;            15311;                    7669838;                                     0,482190;                      22119;                              8236423;                                     0,517810;                398;                       219824;                                     0,013261;              924;                     451139;                                     0,027214
       407;       545;         1;BR      ;30/10/2022 17:39:33;         472075;     156454011;          150;                  63744;                                     0,135029;       49084;              20912178;         40851;                16618075;                38177;                       15944438;            25477;                    7695315;                                     0,482633;                      12700;                              8249123;                                     0,517367;                597;                       220421;                                     0,013264;             2077;                     453216;                                     0,027272
       407;       545;         1;BR      ;30/10/2022 17:39:34;         472075;     156454011;           27;                  63771;                                     0,135087;        9715;              20921893;          7813;                16625888;                 7383;                       15951821;             5087;                    7700402;                                     0,482729;                       2296;                              8251419;                                     0,517271;                116;                       220537;                                     0,013265;              314;                     453530;                                     0,027279
       407;       545;         1;BR      ;30/10/2022 17:39:35;         472075;     156454011;            3;                  63774;                                     0,135093;        1080;              20922973;           893;                16626781;                  825;                       15952646;              654;                    7701056;                                     0,482745;                        171;                              8251590;                                     0,517255;                  8;                       220545;                                     0,013264;               60;                     453590;                                     0,027281
       407;       545;         1;BR      ;30/10/2022 17:39:37;         472075;     156454011;            8;                  63782;                                     0,135110;        2744;              20925717;          2341;                16629122;                 2198;                       15954844;             1622;                    7702678;                                     0,482780;                        576;                              8252166;                                     0,517220;                 27;                       220572;                                     0,013264;              116;                     453706;                                     0,027284
       407;       545;         1;BR      ;30/10/2022 17:39:38;         472075;     156454011;           52;                  63834;                                     0,135220;       15768;              20941485;         13095;                16642217;                12568;                       15967412;             9305;                    7711983;                                     0,482983;                       3263;                              8255429;                                     0,517017;                143;                       220715;                                     0,013262;              384;                     454090;                                     0,027285
       407;       545;         1;BR      ;30/10/2022 17:39:39;         472075;     156454011;           42;                  63876;                                     0,135309;       14168;              20955653;         10623;                16652840;                 9941;                       15977353;             6764;                    7718747;                                     0,483105;                       3177;                              8258606;                                     0,516895;                126;                       220841;                                     0,013261;              556;                     454646;                                     0,027301
       407;       545;         1;BR      ;30/10/2022 17:39:40;         472075;     156454011;           11;                  63887;                                     0,135332;        3584;              20959237;          2988;                16655828;                 2768;                       15980121;             1874;                    7720621;                                     0,483139;                        894;                              8259500;                                     0,516861;                 56;                       220897;                                     0,013262;              164;                     454810;                                     0,027306
       407;       545;         1;BR      ;30/10/2022 17:39:41;         472075;     156454011;           15;                  63902;                                     0,135364;        5449;              20964686;          4434;                16660262;                 4150;                       15984271;             2701;                    7723322;                                     0,483183;                       1449;                              8260949;                                     0,516817;                 59;                       220956;                                     0,013262;              225;                     455035;                                     0,027313
       407;       545;         1;BR      ;30/10/2022 17:39:42;         472075;     156454011;           39;                  63941;                                     0,135447;       13986;              20978672;         11395;                16671657;                10702;                       15994973;             7293;                    7730615;                                     0,483315;                       3409;                              8264358;                                     0,516685;                148;                       221104;                                     0,013262;              545;                     455580;                                     0,027327
       407;       545;         1;BR      ;30/10/2022 17:39:43;         472075;     156454011;          106;                  64047;                                     0,135671;       33413;              21012085;         26452;                16698109;                25218;                       16020191;            18727;                    7749342;                                     0,483723;                       6491;                              8270849;                                     0,516277;                304;                       221408;                                     0,013259;              930;                     456510;                                     0,027339
       407;       545;         1;BR      ;30/10/2022 17:39:44;         472075;     156454011;          172;                  64219;                                     0,136036;       57955;              21070040;         47135;                16745244;                45775;                       16065966;            14974;                    7764316;                                     0,483277;                      30801;                              8301650;                                     0,516723;                537;                       221945;                                     0,013254;              823;                     457333;                                     0,027311
       407;       545;         1;BR      ;30/10/2022 17:39:45;         472075;     156454011;          166;                  64385;                                     0,136387;       57717;              21127757;         46661;                16791905;                44903;                       16110869;            17716;                    7782032;                                     0,483030;                      27187;                              8328837;                                     0,516970;                697;                       222642;                                     0,013259;             1061;                     458394;                                     0,027299
       407;       545;         1;BR      ;30/10/2022 17:39:46;         472075;     156454011;          141;                  64526;                                     0,136686;       45551;              21173308;         35300;                16827205;                34174;                       16145043;            13386;                    7795418;                                     0,482837;                      20788;                              8349625;                                     0,517163;                387;                       223029;                                     0,013254;              739;                     459133;                                     0,027285
       407;       545;         1;BR      ;30/10/2022 17:39:47;         472075;     156454011;          139;                  64665;                                     0,136980;       50022;              21223330;         39974;                16867179;                38920;                       16183963;            19882;                    7815300;                                     0,482904;                      19038;                              8368663;                                     0,517096;                389;                       223418;                                     0,013246;              665;                     459798;                                     0,027260
       407;       545;         1;BR      ;30/10/2022 17:39:48;         472075;     156454011;           45;                  64710;                                     0,137076;       15191;              21238521;         12256;                16879435;                11704;                       16195667;             5076;                    7820376;                                     0,482868;                       6628;                              8375291;                                     0,517132;                236;                       223654;                                     0,013250;              316;                     460114;                                     0,027259
       407;       545;         1;BR      ;30/10/2022 17:39:49;         472075;     156454011;           73;                  64783;                                     0,137230;       23301;              21261822;         18777;                16898212;                17935;                       16213602;             8828;                    7829204;                                     0,482879;                       9107;                              8384398;                                     0,517121;                327;                       223981;                                     0,013255;              515;                     460629;                                     0,027259
       407;       545;         1;BR      ;30/10/2022 17:39:50;         472075;     156454011;          109;                  64892;                                     0,137461;       33354;              21295176;         26112;                16924324;                25199;                       16238801;            11302;                    7840506;                                     0,482825;                      13897;                              8398295;                                     0,517175;                331;                       224312;                                     0,013254;              582;                     461211;                                     0,027251
       407;       545;         1;BR      ;30/10/2022 17:39:51;         472075;     156454011;          145;                  65037;                                     0,137768;       45390;              21340566;         36005;                16960329;                34534;                       16273335;            13574;                    7854080;                                     0,482635;                      20960;                              8419255;                                     0,517365;                525;                       224837;                                     0,013257;              946;                     462157;                                     0,027249
       407;       545;         1;BR      ;30/10/2022 17:39:52;         472075;     156454011;           72;                  65109;                                     0,137921;       24479;              21365045;         19776;                16980105;                18771;                       16292106;             8227;                    7862307;                                     0,482584;                      10544;                              8429799;                                     0,517416;                269;                       225106;                                     0,013257;              736;                     462893;                                     0,027261
       407;       545;         1;BR      ;30/10/2022 17:39:53;         472075;     156454011;           25;                  65134;                                     0,137974;        8442;              21373487;          6056;                16986161;                 5673;                       16297779;             4157;                    7866464;                                     0,482671;                       1516;                              8431315;                                     0,517329;                 66;                       225172;                                     0,013256;              317;                     463210;                                     0,027270
       407;       545;         1;BR      ;30/10/2022 17:39:54;         472075;     156454011;          141;                  65275;                                     0,138273;       45879;              21419366;         37245;                17023406;                34820;                       16332599;            23576;                    7890040;                                     0,483085;                      11244;                              8442559;                                     0,516915;                474;                       225646;                                     0,013255;             1951;                     465161;                                     0,027325
       407;       545;         1;BR      ;30/10/2022 17:39:55;         472075;     156454011;          207;                  65482;                                     0,138711;       66912;              21486278;         52829;                17076235;                50574;                       16383173;            23664;                    7913704;                                     0,483039;                      26910;                              8469469;                                     0,516961;                680;                       226326;                                     0,013254;             1575;                     466736;                                     0,027332
       407;       545;         1;BR      ;30/10/2022 17:39:56;         472075;     156454011;          116;                  65598;                                     0,138957;       36411;              21522689;         29024;                17105259;                27713;                       16410886;            11601;                    7925305;                                     0,482930;                      16112;                              8485581;                                     0,517070;                431;                       226757;                                     0,013257;              880;                     467616;                                     0,027338
       407;       545;         1;BR      ;30/10/2022 17:39:57;         472075;     156454011;           17;                  65615;                                     0,138993;        5345;              21528034;          4126;                17109385;                 3979;                       16414865;             1182;                    7926487;                                     0,482885;                       2797;                              8488378;                                     0,517115;                 41;                       226798;                                     0,013256;              106;                     467722;                                     0,027337
       407;       545;         1;BR      ;30/10/2022 17:39:58;         472075;     156454011;          188;                  65803;                                     0,139391;       56109;              21584143;         44092;                17153477;                42273;                       16457138;            16012;                    7942499;                                     0,482617;                      26261;                              8514639;                                     0,517383;                482;                       227280;                                     0,013250;             1337;                     469059;                                     0,027345
       407;       545;         1;BR      ;30/10/2022 17:40:01;         472075;     156454011;           15;                  65818;                                     0,139423;        3808;              21587951;          2821;                17156298;                 2701;                       16459839;             1103;                    7943602;                                     0,482605;                       1598;                              8516237;                                     0,517395;                 39;                       227319;                                     0,013250;               81;                     469140;                                     0,027345
       407;       545;         1;BR      ;30/10/2022 17:40:29;         472075;     156454011;          120;                  65938;                                     0,139677;       35824;              21623775;         27867;                17184165;                26833;                       16486672;            14121;                    7957723;                                     0,482676;                      12712;                              8528949;                                     0,517324;                354;                       227673;                                     0,013249;              680;                     469820;                                     0,027340
       407;       545;         1;BR      ;30/10/2022 17:40:30;         472075;     156454011;          256;                  66194;                                     0,140219;       86609;              21710384;         66357;                17250522;                63699;                       16550371;            31745;                    7989468;                                     0,482736;                      31954;                              8560903;                                     0,517264;                856;                       228529;                                     0,013248;             1802;                     471622;                                     0,027340
       407;       545;         1;BR      ;30/10/2022 17:40:31;         472075;     156454011;          293;                  66487;                                     0,140840;       98877;              21809261;         78880;                17329402;                74386;                       16624757;            31500;                    8020968;                                     0,482471;                      42886;                              8603789;                                     0,517529;               1383;                       229912;                                     0,013267;             3111;                     474733;                                     0,027395
       407;       545;         1;BR      ;30/10/2022 17:40:32;         472075;     156454011;           96;                  66583;                                     0,141043;       29820;              21839081;         23446;                17352848;                22238;                       16646995;             8655;                    8029623;                                     0,482347;                      13583;                              8617372;                                     0,517653;                439;                       230351;                                     0,013275;              769;                     475502;                                     0,027402
       407;       545;         1;BR      ;30/10/2022 17:40:33;         472075;     156454011;            9;                  66592;                                     0,141062;        3279;              21842360;          2595;                17355443;                 2449;                       16649444;              755;                    8030378;                                     0,482321;                       1694;                              8619066;                                     0,517679;                 54;                       230405;                                     0,013276;               92;                     475594;                                     0,027403
       407;       545;         1;BR      ;30/10/2022 17:40:34;         472075;     156454011;          167;                  66759;                                     0,141416;       47616;              21889976;         38753;                17394196;                37304;                       16686748;            25444;                    8055822;                                     0,482768;                      11860;                              8630926;                                     0,517232;                436;                       230841;                                     0,013271;             1013;                     476607;                                     0,027400
       407;       545;         1;BR      ;30/10/2022 17:40:35;         472075;     156454011;          226;                  66985;                                     0,141895;       77331;              21967307;         62522;                17456718;                60421;                       16747169;            24682;                    8080504;                                     0,482500;                      35739;                              8666665;                                     0,517500;                747;                       231588;                                     0,013266;             1354;                     477961;                                     0,027380
       407;       545;         1;BR      ;30/10/2022 17:40:36;         472075;     156454011;           38;                  67023;                                     0,141975;       11999;              21979306;          9784;                17466502;                 9443;                       16756612;             5814;                    8086318;                                     0,482575;                       3629;                              8670294;                                     0,517425;                 97;                       231685;                                     0,013265;              244;                     478205;                                     0,027378
       407;       545;         1;BR      ;30/10/2022 17:40:37;         472075;     156454011;           94;                  67117;                                     0,142174;       26044;              22005350;         19344;                17485846;                18726;                       16775338;             9581;                    8095899;                                     0,482607;                       9145;                              8679439;                                     0,517393;                217;                       231902;                                     0,013262;              401;                     478606;                                     0,027371
       407;       545;         1;BR      ;30/10/2022 17:40:38;         472075;     156454011;           51;                  67168;                                     0,142282;       15231;              22020581;         12588;                17498434;                11836;                       16787174;             7397;                    8103296;                                     0,482708;                       4439;                              8683878;                                     0,517292;                214;                       232116;                                     0,013265;              538;                     479144;                                     0,027382
       407;       545;         1;BR      ;30/10/2022 17:40:39;         472075;     156454011;           10;                  67178;                                     0,142304;        3444;              22024025;          2698;                17501132;                 2554;                       16789728;             2085;                    8105381;                                     0,482758;                        469;                              8684347;                                     0,517242;                 40;                       232156;                                     0,013265;              104;                     479248;                                     0,027384
       407;       545;         1;BR      ;30/10/2022 17:40:40;         472075;     156454011;            2;                  67180;                                     0,142308;         460;              22024485;           387;                17501519;                  372;                       16790100;              227;                    8105608;                                     0,482761;                        145;                              8684492;                                     0,517239;                  5;                       232161;                                     0,013265;               10;                     479258;                                     0,027384
       407;       545;         1;BR      ;30/10/2022 17:40:41;         472075;     156454011;           59;                  67239;                                     0,142433;       19896;              22044381;         15461;                17516980;                14844;                       16804944;             8764;                    8114372;                                     0,482856;                       6080;                              8690572;                                     0,517144;                150;                       232311;                                     0,013262;              467;                     479725;                                     0,027386
       407;       545;         1;BR      ;30/10/2022 17:40:42;         472075;     156454011;          154;                  67393;                                     0,142759;       50865;              22095246;         40592;                17557572;                38297;                       16843241;            28367;                    8142739;                                     0,483443;                       9930;                              8700502;                                     0,516557;                506;                       232817;                                     0,013260;             1789;                     481514;                                     0,027425
       407;       545;         1;BR      ;30/10/2022 17:40:43;         472075;     156454011;           24;                  67417;                                     0,142810;        7726;              22102972;          6432;                17564004;                 6078;                       16849319;             3851;                    8146590;                                     0,483497;                       2227;                              8702729;                                     0,516503;                 90;                       232907;                                     0,013260;              264;                     481778;                                     0,027430
       407;       545;         1;BR      ;30/10/2022 17:40:44;         472075;     156454011;            3;                  67420;                                     0,142816;         713;              22103685;           601;                17564605;                  558;                       16849877;              415;                    8147005;                                     0,483505;                        143;                              8702872;                                     0,516495;                 11;                       232918;                                     0,013261;               32;                     481810;                                     0,027431
       407;       545;         1;BR      ;30/10/2022 17:40:45;         472075;     156454011;           12;                  67432;                                     0,142842;        3412;              22107097;          2847;                17567452;                 2682;                       16852559;             1773;                    8148778;                                     0,483534;                        909;                              8703781;                                     0,516466;                 33;                       232951;                                     0,013260;              132;                     481942;                                     0,027434
       407;       545;         1;BR      ;30/10/2022 17:40:46;         472075;     156454011;           31;                  67463;                                     0,142907;        9215;              22116312;          7147;                17574599;                 6801;                       16859360;             5394;                    8154172;                                     0,483658;                       1407;                              8705188;                                     0,516342;                 77;                       233028;                                     0,013259;              269;                     482211;                                     0,027438
       407;       545;         1;BR      ;30/10/2022 17:40:47;         472075;     156454011;          100;                  67563;                                     0,143119;       31954;              22148266;         25731;                17600330;                24870;                       16884230;            10032;                    8164204;                                     0,483540;                      14838;                              8720026;                                     0,516460;                346;                       233374;                                     0,013260;              515;                     482726;                                     0,027427
       407;       545;         1;BR      ;30/10/2022 17:40:48;         472075;     156454011;          186;                  67749;                                     0,143513;       61993;              22210259;         50793;                17651123;                48851;                       16933081;            17695;                    8181899;                                     0,483190;                      31156;                              8751182;                                     0,516810;                763;                       234137;                                     0,013265;             1179;                     483905;                                     0,027415
       407;       545;         1;BR      ;30/10/2022 17:40:49;         472075;     156454011;           10;                  67759;                                     0,143534;        3524;              22213783;          2950;                17654073;                 2848;                       16935929;              673;                    8182572;                                     0,483149;                       2175;                              8753357;                                     0,516851;                 24;                       234161;                                     0,013264;               78;                     483983;                                     0,027415
       407;       545;         1;BR      ;30/10/2022 17:40:50;         472075;     156454011;           16;                  67775;                                     0,143568;        4633;              22218416;          3643;                17657716;                 3527;                       16939456;             1753;                    8184325;                                     0,483152;                       1774;                              8755131;                                     0,516848;                 46;                       234207;                                     0,013264;               70;                     484053;                                     0,027413
       407;       545;         1;BR      ;30/10/2022 17:40:51;         472075;     156454011;           96;                  67871;                                     0,143772;       31900;              22250316;         25219;                17682935;                24133;                       16963589;            11113;                    8195438;                                     0,483119;                      13020;                              8768151;                                     0,516881;                294;                       234501;                                     0,013261;              792;                     484845;                                     0,027419
       407;       545;         1;BR      ;30/10/2022 17:40:52;         472075;     156454011;          116;                  67987;                                     0,144017;       37626;              22287942;         29638;                17712573;                28924;                       16992513;            12389;                    8207827;                                     0,483026;                      16535;                              8784686;                                     0,516974;                273;                       234774;                                     0,013255;              441;                     485286;                                     0,027398
       407;       545;         1;BR      ;30/10/2022 17:40:53;         472075;     156454011;          111;                  68098;                                     0,144253;       36834;              22324776;         28374;                17740947;                27704;                       17020217;            15826;                    8223653;                                     0,483170;                      11878;                              8796564;                                     0,516830;                240;                       235014;                                     0,013247;              430;                     485716;                                     0,027378
       407;       545;         1;BR      ;30/10/2022 17:40:54;         472075;     156454011;          250;                  68348;                                     0,144782;       80560;              22405336;         64142;                17805089;                61824;                       17082041;            28415;                    8252068;                                     0,483084;                      33409;                              8829973;                                     0,516916;                915;                       235929;                                     0,013251;             1403;                     487119;                                     0,027358
       407;       545;         1;BR      ;30/10/2022 17:40:55;         472075;     156454011;          118;                  68466;                                     0,145032;       36614;              22441950;         29667;                17834756;                28211;                       17110252;            11423;                    8263491;                                     0,482956;                      16788;                              8846761;                                     0,517044;                564;                       236493;                                     0,013260;              892;                     488011;                                     0,027363
       407;       545;         1;BR      ;30/10/2022 17:40:56;         472075;     156454011;           50;                  68516;                                     0,145138;       18431;              22460381;         15328;                17850084;                14511;                       17124763;             6360;                    8269851;                                     0,482918;                       8151;                              8854912;                                     0,517082;                173;                       236666;                                     0,013259;              644;                     488655;                                     0,027376
       407;       545;         1;BR      ;30/10/2022 17:40:57;         472075;     156454011;           30;                  68546;                                     0,145202;        9990;              22470371;          7810;                17857894;                 7301;                       17132064;             5151;                    8275002;                                     0,483013;                       2150;                              8857062;                                     0,516987;                111;                       236777;                                     0,013259;              398;                     489053;                                     0,027386
       407;       545;         1;BR      ;30/10/2022 17:40:58;         472075;     156454011;           20;                  68566;                                     0,145244;        7185;              22477556;          5666;                17863560;                 5364;                       17137428;             2720;                    8277722;                                     0,483020;                       2644;                              8859706;                                     0,516980;                 75;                       236852;                                     0,013259;              227;                     489280;                                     0,027390
       407;       545;         1;BR      ;30/10/2022 17:40:59;         472075;     156454011;          112;                  68678;                                     0,145481;       35416;              22512972;         29353;                17892913;                27547;                       17164975;            18640;                    8296362;                                     0,483331;                       8907;                              8868613;                                     0,516669;                386;                       237238;                                     0,013259;             1420;                     490700;                                     0,027424
       407;       545;         1;BR      ;30/10/2022 17:41:00;         472075;     156454011;          150;                  68828;                                     0,145799;       47401;              22560373;         37478;                17930391;                35842;                       17200817;            14898;                    8311260;                                     0,483190;                      20944;                              8889557;                                     0,516810;                555;                       237793;                                     0,013262;             1081;                     491781;                                     0,027427
       407;       545;         1;BR      ;30/10/2022 17:41:01;         472075;     156454011;          118;                  68946;                                     0,146049;       34956;              22595329;         27560;                17957951;                26226;                       17227043;            11258;                    8322518;                                     0,483108;                      14968;                              8904525;                                     0,516892;                379;                       238172;                                     0,013263;              955;                     492736;                                     0,027438
       407;       545;         1;BR      ;30/10/2022 17:41:03;         472075;     156454011;           11;                  68957;                                     0,146072;        3018;              22598347;          2396;                17960347;                 2311;                       17229354;              948;                    8323466;                                     0,483098;                       1363;                              8905888;                                     0,516902;                 19;                       238191;                                     0,013262;               66;                     492802;                                     0,027438
       407;       545;         1;BR      ;30/10/2022 17:41:04;         472075;     156454011;            3;                  68960;                                     0,146078;        1088;              22599435;           846;                17961193;                  806;                       17230160;              355;                    8323821;                                     0,483096;                        451;                              8906339;                                     0,516904;                 20;                       238211;                                     0,013263;               20;                     492822;                                     0,027438
       407;       545;         1;BR      ;30/10/2022 17:41:05;         472075;     156454011;            5;                  68965;                                     0,146089;        1120;              22600555;           862;                17962055;                  829;                       17230989;              354;                    8324175;                                     0,483093;                        475;                              8906814;                                     0,516907;                  5;                       238216;                                     0,013262;               28;                     492850;                                     0,027438
       407;       545;         1;BR      ;30/10/2022 17:41:32;         472075;     156454011;          232;                  69197;                                     0,146581;       72747;              22673302;         57310;                18019365;                55109;                       17286098;            34396;                    8358571;                                     0,483543;                      20713;                              8927527;                                     0,516457;                686;                       238902;                                     0,013258;             1515;                     494365;                                     0,027435
       407;       545;         1;BR      ;30/10/2022 17:41:33;         472075;     156454011;          325;                  69522;                                     0,147269;      108513;              22781815;         83984;                18103349;                80728;                       17366826;            39523;                    8398094;                                     0,483571;                      41205;                              8968732;                                     0,516429;               1085;                       239987;                                     0,013256;             2171;                     496536;                                     0,027428
       407;       545;         1;BR      ;30/10/2022 17:41:34;         472075;     156454011;          286;                  69808;                                     0,147875;       91781;              22873596;         71776;                18175125;                67984;                       17434810;            33678;                    8431772;                                     0,483617;                      34306;                              9003038;                                     0,516383;               1242;                       241229;                                     0,013272;             2550;                     499086;                                     0,027460
       407;       545;         1;BR      ;30/10/2022 17:41:35;         472075;     156454011;           94;                  69902;                                     0,148074;       30892;              22904488;         23688;                18198813;                22426;                       17457236;             8647;                    8440419;                                     0,483491;                      13779;                              9016817;                                     0,516509;                380;                       241609;                                     0,013276;              882;                     499968;                                     0,027473
       407;       545;         1;BR      ;30/10/2022 17:41:37;         472075;     156454011;            7;                  69909;                                     0,148089;        2366;              22906854;          1784;                18200597;                 1662;                       17458898;              629;                    8441048;                                     0,483481;                       1033;                              9017850;                                     0,516519;                 55;                       241664;                                     0,013278;               67;                     500035;                                     0,027474
       407;       545;         1;BR      ;30/10/2022 17:41:38;         472075;     156454011;           39;                  69948;                                     0,148171;       12955;              22919809;         10108;                18210705;                 9643;                       17468541;             3282;                    8444330;                                     0,483402;                       6361;                              9024211;                                     0,516598;                156;                       241820;                                     0,013279;              309;                     500344;                                     0,027475
       407;       545;         1;BR      ;30/10/2022 17:41:39;         472075;     156454011;           31;                  69979;                                     0,148237;        9989;              22929798;          7891;                18218596;                 7625;                       17476166;             2510;                    8446840;                                     0,483335;                       5115;                              9029326;                                     0,516665;                116;                       241936;                                     0,013280;              150;                     500494;                                     0,027472
       407;       545;         1;BR      ;30/10/2022 17:41:40;         472075;     156454011;          218;                  70197;                                     0,148699;       71517;              23001315;         57302;                18275898;                55393;                       17531559;            22890;                    8469730;                                     0,483113;                      32503;                              9061829;                                     0,516887;                664;                       242600;                                     0,013274;             1245;                     501739;                                     0,027454
       407;       545;         1;BR      ;30/10/2022 17:41:41;         472075;     156454011;           74;                  70271;                                     0,148856;       26850;              23028165;         22394;                18298292;                21045;                       17552604;            14887;                    8484617;                                     0,483382;                       6158;                              9067987;                                     0,516618;                314;                       242914;                                     0,013275;             1035;                     502774;                                     0,027477
       407;       545;         1;BR      ;30/10/2022 17:41:42;         472075;     156454011;           11;                  70282;                                     0,148879;        3372;              23031537;          2543;                18300835;                 2411;                       17555015;             1684;                    8486301;                                     0,483412;                        727;                              9068714;                                     0,516588;                 35;                       242949;                                     0,013275;               97;                     502871;                                     0,027478
       407;       545;         1;BR      ;30/10/2022 17:41:43;         472075;     156454011;           15;                  70297;                                     0,148911;        4833;              23036370;          3878;                18304713;                 3661;                       17558676;             2685;                    8488986;                                     0,483464;                        976;                              9069690;                                     0,516536;                 61;                       243010;                                     0,013276;              156;                     503027;                                     0,027481
       407;       545;         1;BR      ;30/10/2022 17:41:44;         472075;     156454011;           13;                  70310;                                     0,148938;        3654;              23040024;          2956;                18307669;                 2861;                       17561537;             2287;                    8491273;                                     0,483515;                        574;                              9070264;                                     0,516485;                 30;                       243040;                                     0,013275;               65;                     503092;                                     0,027480
       407;       545;         1;BR      ;30/10/2022 17:41:45;         472075;     156454011;           52;                  70362;                                     0,149048;       15512;              23055536;         11880;                18319549;                11315;                       17572852;             8375;                    8499648;                                     0,483681;                       2940;                              9073204;                                     0,516319;                130;                       243170;                                     0,013274;              435;                     503527;                                     0,027486
       407;       545;         1;BR      ;30/10/2022 17:41:46;         472075;     156454011;           83;                  70445;                                     0,149224;       24142;              23079678;         19023;                18338572;                18292;                       17591144;            12633;                    8512281;                                     0,483896;                       5659;                              9078863;                                     0,516104;                196;                       243366;                                     0,013271;              535;                     504062;                                     0,027486
       407;       545;         1;BR      ;30/10/2022 17:41:47;         472075;     156454011;          114;                  70559;                                     0,149466;       36518;              23116196;         29093;                18367665;                27572;                       17618716;            20349;                    8532630;                                     0,484294;                       7223;                              9086086;                                     0,515706;                368;                       243734;                                     0,013270;             1153;                     505215;                                     0,027506
       407;       545;         1;BR      ;30/10/2022 17:41:48;         472075;     156454011;           42;                  70601;                                     0,149555;       13431;              23129627;         11292;                18378957;                10672;                       17629388;             6259;                    8538889;                                     0,484355;                       4413;                              9090499;                                     0,515645;                146;                       243880;                                     0,013270;              474;                     505689;                                     0,027515
       407;       545;         1;BR      ;30/10/2022 17:41:49;         472075;     156454011;          135;                  70736;                                     0,149841;       46335;              23175962;         37266;                18416223;                36236;                       17665624;            11965;                    8550854;                                     0,484039;                      24271;                              9114770;                                     0,515961;                432;                       244312;                                     0,013266;              598;                     506287;                                     0,027491
       407;       545;         1;BR      ;30/10/2022 17:41:50;         472075;     156454011;          171;                  70907;                                     0,150203;       56646;              23232608;         46208;                18462431;                44750;                       17710374;            18453;                    8569307;                                     0,483858;                      26297;                              9141067;                                     0,516142;                599;                       244911;                                     0,013265;              859;                     507146;                                     0,027469
       407;       545;         1;BR      ;30/10/2022 17:41:51;         472075;     156454011;          217;                  71124;                                     0,150663;       72025;              23304633;         58312;                18520743;                56031;                       17766405;            21583;                    8590890;                                     0,483547;                      34448;                              9175515;                                     0,516453;                880;                       245791;                                     0,013271;             1401;                     508547;                                     0,027458
       407;       545;         1;BR      ;30/10/2022 17:41:52;         472075;     156454011;          138;                  71262;                                     0,150955;       47133;              23351766;         36858;                18557601;                35886;                       17802291;            14486;                    8605376;                                     0,483386;                      21400;                              9196915;                                     0,516614;                369;                       246160;                                     0,013265;              603;                     509150;                                     0,027436
       407;       545;         1;BR      ;30/10/2022 17:41:53;         472075;     156454011;           53;                  71315;                                     0,151067;       17325;              23369091;         13398;                18570999;                13090;                       17815381;             6182;                    8611558;                                     0,483378;                       6908;                              9203823;                                     0,516622;                117;                       246277;                                     0,013261;              191;                     509341;                                     0,027427
       407;       545;         1;BR      ;30/10/2022 17:41:54;         472075;     156454011;            9;                  71324;                                     0,151086;        2733;              23371824;          2103;                18573102;                 2042;                       17817423;             1322;                    8612880;                                     0,483397;                        720;                              9204543;                                     0,516603;                 21;                       246298;                                     0,013261;               40;                     509381;                                     0,027426
       407;       545;         1;BR      ;30/10/2022 17:41:55;         472075;     156454011;          131;                  71455;                                     0,151364;       45637;              23417461;         34829;                18607931;                33895;                       17851318;            16608;                    8629488;                                     0,483409;                      17287;                              9221830;                                     0,516591;                341;                       246639;                                     0,013255;              593;                     509974;                                     0,027406
       407;       545;         1;BR      ;30/10/2022 17:41:56;         472075;     156454011;          199;                  71654;                                     0,151785;       66449;              23483910;         51989;                18659920;                49766;                       17901084;            22911;                    8652399;                                     0,483345;                      26855;                              9248685;                                     0,516655;                846;                       247485;                                     0,013263;             1377;                     511351;                                     0,027404
       407;       545;         1;BR      ;30/10/2022 17:41:57;         472075;     156454011;           60;                  71714;                                     0,151912;       19571;              23503481;         16138;                18676058;                15429;                       17916513;             5900;                    8658299;                                     0,483258;                       9529;                              9258214;                                     0,516742;                264;                       247749;                                     0,013266;              445;                     511796;                                     0,027404
       407;       545;         1;BR      ;30/10/2022 17:41:59;         472075;     156454011;           37;                  71751;                                     0,151991;       12348;              23515829;          9283;                18685341;                 8814;                       17925327;             4543;                    8662842;                                     0,483274;                       4271;                              9262485;                                     0,516726;                151;                       247900;                                     0,013267;              318;                     512114;                                     0,027407
       407;       545;         1;BR      ;30/10/2022 17:42:00;         472075;     156454011;          102;                  71853;                                     0,152207;       33037;              23548866;         26395;                18711736;                25169;                       17950496;            12265;                    8675107;                                     0,483280;                      12904;                              9275389;                                     0,516720;                310;                       248210;                                     0,013265;              916;                     513030;                                     0,027418
       407;       545;         1;BR      ;30/10/2022 17:42:01;         472075;     156454011;          140;                  71993;                                     0,152503;       43973;              23592839;         35564;                18747300;                33646;                       17984142;            20497;                    8695604;                                     0,483515;                      13149;                              9288538;                                     0,516485;                468;                       248678;                                     0,013265;             1450;                     514480;                                     0,027443
       407;       545;         1;BR      ;30/10/2022 17:42:02;         472075;     156454011;          233;                  72226;                                     0,152997;       71762;              23664601;         57130;                18804430;                54525;                       18038667;            23288;                    8718892;                                     0,483345;                      31237;                              9319775;                                     0,516655;                871;                       249549;                                     0,013271;             1734;                     516214;                                     0,027452
       407;       545;         1;BR      ;30/10/2022 17:42:03;         472075;     156454011;           10;                  72236;                                     0,153018;        3558;              23668159;          2591;                18807021;                 2474;                       18041141;             1179;                    8720071;                                     0,483344;                       1295;                              9321070;                                     0,516656;                 31;                       249580;                                     0,013271;               86;                     516300;                                     0,027453
       407;       545;         1;BR      ;30/10/2022 17:42:04;         472075;     156454011;           31;                  72267;                                     0,153084;        8876;              23677035;          6795;                18813816;                 6421;                       18047562;             3930;                    8724001;                                     0,483389;                       2491;                              9323561;                                     0,516611;                 91;                       249671;                                     0,013271;              283;                     516583;                                     0,027458
       407;       545;         1;BR      ;30/10/2022 17:42:05;         472075;     156454011;          134;                  72401;                                     0,153368;       40103;              23717138;         31397;                18845213;                30033;                       18077595;            11592;                    8735593;                                     0,483228;                      18441;                              9342002;                                     0,516772;                414;                       250085;                                     0,013270;              950;                     517533;                                     0,027462
       407;       545;         1;BR      ;30/10/2022 17:42:06;         472075;     156454011;            8;                  72409;                                     0,153385;        2458;              23719596;          1909;                18847122;                 1842;                       18079437;              614;                    8736207;                                     0,483212;                       1228;                              9343230;                                     0,516788;                 12;                       250097;                                     0,013270;               55;                     517588;                                     0,027462
       407;       545;         1;BR      ;30/10/2022 17:42:07;         472075;     156454011;           12;                  72421;                                     0,153410;        3256;              23722852;          2595;                18849717;                 2498;                       18081935;              673;                    8736880;                                     0,483183;                       1825;                              9345055;                                     0,516817;                 38;                       250135;                                     0,013270;               59;                     517647;                                     0,027462
       407;       545;         1;BR      ;30/10/2022 17:42:09;         472075;     156454011;           22;                  72443;                                     0,153457;        6689;              23729541;          4863;                18854580;                 4644;                       18086579;             2228;                    8739108;                                     0,483182;                       2416;                              9347471;                                     0,516818;                 55;                       250190;                                     0,013269;              164;                     517811;                                     0,027463
       407;       545;         1;BR      ;30/10/2022 17:42:37;         472075;     156454011;          304;                  72747;                                     0,154101;       98003;              23827544;         77114;                18931694;                74601;                       18161180;            41671;                    8780779;                                     0,483492;                      32930;                              9380401;                                     0,516508;                885;                       251075;                                     0,013262;             1628;                     519439;                                     0,027438
       407;       545;         1;BR      ;30/10/2022 17:42:38;         472075;     156454011;          268;                  73015;                                     0,154668;       89810;              23917354;         69920;                19001614;                67132;                       18228312;            30082;                    8810861;                                     0,483361;                      37050;                              9417451;                                     0,516639;                917;                       251992;                                     0,013262;             1871;                     521310;                                     0,027435
       407;       545;         1;BR      ;30/10/2022 17:42:39;         472075;     156454011;          352;                  73367;                                     0,155414;      118481;              24035835;         94708;                19096322;                89284;                       18317596;            37402;                    8848263;                                     0,483047;                      51882;                              9469333;                                     0,516953;               1756;                       253748;                                     0,013288;             3668;                     524978;                                     0,027491
       407;       545;         1;BR      ;30/10/2022 17:42:40;         472075;     156454011;          147;                  73514;                                     0,155725;       45864;              24081699;         34906;                19131228;                33004;                       18350600;            13149;                    8861412;                                     0,482895;                      19855;                              9489188;                                     0,517105;                629;                       254377;                                     0,013296;             1273;                     526251;                                     0,027507
       407;       545;         1;BR      ;30/10/2022 17:42:41;         472075;     156454011;            7;                  73521;                                     0,155740;        2594;              24084293;          2083;                19133311;                 1978;                       18352578;              832;                    8862244;                                     0,482888;                       1146;                              9490334;                                     0,517112;                 42;                       254419;                                     0,013297;               63;                     526314;                                     0,027508
       407;       545;         1;BR      ;30/10/2022 17:42:42;         472075;     156454011;          209;                  73730;                                     0,156183;       61762;              24146055;         49717;                19183028;                47666;                       18400244;            32972;                    8895216;                                     0,483429;                      14694;                              9505028;                                     0,516571;                648;                       255067;                                     0,013296;             1403;                     527717;                                     0,027510
       407;       545;         1;BR      ;30/10/2022 17:42:43;         472075;     156454011;          128;                  73858;                                     0,156454;       42191;              24188246;         33925;                19216953;                32837;                       18433081;            13570;                    8908786;                                     0,483304;                      19267;                              9524295;                                     0,516696;                452;                       255519;                                     0,013297;              636;                     528353;                                     0,027494
       407;       545;         1;BR      ;30/10/2022 17:42:44;         472075;     156454011;          265;                  74123;                                     0,157015;       86361;              24274607;         67985;                19284938;                65791;                       18498872;            28427;                    8937213;                                     0,483122;                      37364;                              9561659;                                     0,516878;                762;                       256281;                                     0,013289;             1432;                     529785;                                     0,027471
       407;       545;         1;BR      ;30/10/2022 17:42:45;         472075;     156454011;          102;                  74225;                                     0,157231;       31484;              24306091;         24425;                19309363;                23672;                       18522544;            11325;                    8948538;                                     0,483116;                      12347;                              9574006;                                     0,516884;                269;                       256550;                                     0,013286;              484;                     530269;                                     0,027462
       407;       545;         1;BR      ;30/10/2022 17:42:46;         472075;     156454011;           31;                  74256;                                     0,157297;        9720;              24315811;          7666;                19317029;                 7262;                       18529806;             5556;                    8954094;                                     0,483227;                       1706;                              9575712;                                     0,516773;                 94;                       256644;                                     0,013286;              310;                     530579;                                     0,027467
       407;       545;         1;BR      ;30/10/2022 17:42:47;         472075;     156454011;          159;                  74415;                                     0,157634;       54570;              24370381;         44123;                19361152;                41986;                       18571792;            28071;                    8982165;                                     0,483646;                      13915;                              9589627;                                     0,516354;                551;                       257195;                                     0,013284;             1586;                     532165;                                     0,027486
       407;       545;         1;BR      ;30/10/2022 17:42:48;         472075;     156454011;           59;                  74474;                                     0,157759;       18318;              24388699;         14741;                19375893;                14102;                       18585894;             9800;                    8991965;                                     0,483806;                       4302;                              9593929;                                     0,516194;                162;                       257357;                                     0,013282;              477;                     532642;                                     0,027490
       407;       545;         1;BR      ;30/10/2022 17:42:49;         472075;     156454011;           36;                  74510;                                     0,157835;       10617;              24399316;          8262;                19384155;                 7962;                       18593856;             6221;                    8998186;                                     0,483933;                       1741;                              9595670;                                     0,516067;                 78;                       257435;                                     0,013281;              222;                     532864;                                     0,027490
       407;       545;         1;BR      ;30/10/2022 17:42:50;         472075;     156454011;           29;                  74539;                                     0,157897;        9279;              24408595;          6755;                19390910;                 6422;                       18600278;             4723;                    9002909;                                     0,484020;                       1699;                              9597369;                                     0,515980;                 71;                       257506;                                     0,013280;              262;                     533126;                                     0,027494
       407;       545;         1;BR      ;30/10/2022 17:42:51;         472075;     156454011;          143;                  74682;                                     0,158199;       43621;              24452216;         34345;                19425255;                32640;                       18632918;            23475;                    9026384;                                     0,484432;                       9165;                              9606534;                                     0,515568;                397;                       257903;                                     0,013277;             1308;                     534434;                                     0,027512
       407;       545;         1;BR      ;30/10/2022 17:42:52;         472075;     156454011;           44;                  74726;                                     0,158293;       13826;              24466042;         11352;                19436607;                10744;                       18643662;             6582;                    9032966;                                     0,484506;                       4162;                              9610696;                                     0,515494;                174;                       258077;                                     0,013278;              434;                     534868;                                     0,027519
       407;       545;         1;BR      ;30/10/2022 17:42:53;         472075;     156454011;          139;                  74865;                                     0,158587;       49024;              24515066;         39657;                19476264;                38364;                       18682026;            12331;                    9045297;                                     0,484171;                      26033;                              9636729;                                     0,515829;                497;                       258574;                                     0,013276;              796;                     535664;                                     0,027503
       407;       545;         1;BR      ;30/10/2022 17:42:54;         472075;     156454011;          140;                  75005;                                     0,158884;       45135;              24560201;         37089;                19513353;                35875;                       18717901;            14281;                    9059578;                                     0,484006;                      21594;                              9658323;                                     0,515994;                489;                       259063;                                     0,013276;              725;                     536389;                                     0,027488
       407;       545;         1;BR      ;30/10/2022 17:42:55;         472075;     156454011;          208;                  75213;                                     0,159324;       73540;              24633741;         59264;                19572617;                57067;                       18774968;            23051;                    9082629;                                     0,483763;                      34016;                              9692339;                                     0,516237;                847;                       259910;                                     0,013279;             1350;                     537739;                                     0,027474
       407;       545;         1;BR      ;30/10/2022 17:42:56;         472075;     156454011;           50;                  75263;                                     0,159430;       16123;              24649864;         12757;                19585374;                12469;                       18787437;             4482;                    9087111;                                     0,483680;                       7987;                              9700326;                                     0,516320;                101;                       260011;                                     0,013276;              187;                     537926;                                     0,027466
       407;       545;         1;BR      ;30/10/2022 17:42:59;         472075;     156454011;            6;                  75269;                                     0,159443;        2038;              24651902;          1564;                19586938;                 1534;                       18788971;              538;                    9087649;                                     0,483669;                        996;                              9701322;                                     0,516331;                 14;                       260025;                                     0,013275;               16;                     537942;                                     0,027464
       407;       545;         1;BR      ;30/10/2022 17:43:00;         472075;     156454011;            8;                  75277;                                     0,159460;        3019;              24654921;          2203;                19589141;                 2162;                       18791133;             1298;                    9088947;                                     0,483683;                        864;                              9702186;                                     0,516317;                 13;                       260038;                                     0,013275;               28;                     537970;                                     0,027463
       407;       545;         1;BR      ;30/10/2022 17:43:01;         472075;     156454011;           58;                  75335;                                     0,159583;       20183;              24675104;         15792;                19604933;                15266;                       18806399;             7271;                    9096218;                                     0,483677;                       7995;                              9710181;                                     0,516323;                154;                       260192;                                     0,013272;              372;                     538342;                                     0,027460
       407;       545;         1;BR      ;30/10/2022 17:43:02;         472075;     156454011;          130;                  75465;                                     0,159858;       42708;              24717812;         32011;                19636944;                31203;                       18837602;            12981;                    9109199;                                     0,483565;                      18222;                              9728403;                                     0,516435;                282;                       260474;                                     0,013264;              526;                     538868;                                     0,027442
       407;       545;         1;BR      ;30/10/2022 17:43:03;         472075;     156454011;          148;                  75613;                                     0,160172;       51972;              24769784;         41687;                19678631;                40117;                       18877719;            18833;                    9128032;                                     0,483535;                      21284;                              9749687;                                     0,516465;                630;                       261104;                                     0,013268;              940;                     539808;                                     0,027431
       407;       545;         1;BR      ;30/10/2022 17:43:04;         472075;     156454011;           84;                  75697;                                     0,160350;       26639;              24796423;         21995;                19700626;                21224;                       18898943;             8171;                    9136203;                                     0,483424;                      13053;                              9762740;                                     0,516576;                308;                       261412;                                     0,013269;              463;                     540271;                                     0,027424
       407;       545;         1;BR      ;30/10/2022 17:43:05;         472075;     156454011;          213;                  75910;                                     0,160801;       66831;              24863254;         54418;                19755044;                52135;                       18951078;            20555;                    9156758;                                     0,483179;                      31580;                              9794320;                                     0,516821;                878;                       262290;                                     0,013277;             1405;                     541676;                                     0,027420
       407;       545;         1;BR      ;30/10/2022 17:43:06;         472075;     156454011;           36;                  75946;                                     0,160877;       12529;              24875783;          8733;                19763777;                 8343;                       18959421;             4466;                    9161224;                                     0,483202;                       3877;                              9798197;                                     0,516798;                 93;                       262383;                                     0,013276;              297;                     541973;                                     0,027423
       407;       545;         1;BR      ;30/10/2022 17:43:07;         472075;     156454011;           59;                  76005;                                     0,161002;       21281;              24897064;         17048;                19780825;                16197;                       18975618;             7435;                    9168659;                                     0,483181;                       8762;                              9806959;                                     0,516819;                221;                       262604;                                     0,013276;              630;                     542603;                                     0,027431
       407;       545;         1;BR      ;30/10/2022 17:43:09;         472075;     156454011;           32;                  76037;                                     0,161070;       11134;              24908198;          8091;                19788916;                 7645;                       18983263;             4010;                    9172669;                                     0,483198;                       3635;                              9810594;                                     0,516802;                104;                       262708;                                     0,013276;              342;                     542945;                                     0,027437
       407;       545;         1;BR      ;30/10/2022 17:43:10;         472075;     156454011;           49;                  76086;                                     0,161174;       15947;              24924145;         13098;                19802014;                12341;                       18995604;             7742;                    9180411;                                     0,483291;                       4599;                              9815193;                                     0,516709;                214;                       262922;                                     0,013278;              543;                     543488;                                     0,027446
       407;       545;         1;BR      ;30/10/2022 17:43:11;         472075;     156454011;           21;                  76107;                                     0,161218;        6085;              24930230;          4906;                19806920;                 4746;                       19000350;             2472;                    9182883;                                     0,483301;                       2274;                              9817467;                                     0,516699;                 51;                       262973;                                     0,013277;              109;                     543597;                                     0,027445
       407;       545;         1;BR      ;30/10/2022 17:43:12;         472075;     156454011;            8;                  76115;                                     0,161235;        2245;              24932475;          1759;                19808679;                 1713;                       19002063;             1011;                    9183894;                                     0,483310;                        702;                              9818169;                                     0,516690;                 16;                       262989;                                     0,013276;               30;                     543627;                                     0,027444
       407;       545;         1;BR      ;30/10/2022 17:43:13;         472075;     156454011;           85;                  76200;                                     0,161415;       25358;              24957833;         20553;                19829232;                19278;                       19021341;            12353;                    9196247;                                     0,483470;                       6925;                              9825094;                                     0,516530;                312;                       263301;                                     0,013278;              963;                     544590;                                     0,027464
       407;       545;         1;BR      ;30/10/2022 17:43:14;         472075;     156454011;          188;                  76388;                                     0,161813;       54619;              25012452;         43507;                19872739;                41457;                       19062798;            17872;                    9214119;                                     0,483356;                      23585;                              9848679;                                     0,516644;                641;                       263942;                                     0,013282;             1409;                     545999;                                     0,027475
       407;       545;         1;BR      ;30/10/2022 17:43:15;         472075;     156454011;          153;                  76541;                                     0,162137;       45863;              25058315;         36238;                19908977;                34622;                       19097420;            13011;                    9227130;                                     0,483161;                      21611;                              9870290;                                     0,516839;                460;                       264402;                                     0,013281;             1156;                     547155;                                     0,027483
       407;       545;         1;BR      ;30/10/2022 17:43:21;         472075;     156454011;           47;                  76588;                                     0,162237;       14569;              25072884;         10989;                19919966;                10504;                       19107924;             4160;                    9231290;                                     0,483113;                       6344;                              9876634;                                     0,516887;                111;                       264513;                                     0,013279;              374;                     547529;                                     0,027486
       407;       545;         1;BR      ;30/10/2022 17:43:40;         472075;     156454011;          107;                  76695;                                     0,162464;       35318;              25108202;         26660;                19946626;                25449;                       19133373;            12774;                    9244064;                                     0,483138;                      12675;                              9889309;                                     0,516862;                306;                       264819;                                     0,013276;              905;                     548434;                                     0,027495
       407;       545;         1;BR      ;30/10/2022 17:43:41;         472075;     156454011;          122;                  76817;                                     0,162722;       39941;              25148143;         30864;                19977490;                29818;                       19163191;            18052;                    9262116;                                     0,483328;                      11766;                              9901075;                                     0,516672;                325;                       265144;                                     0,013272;              721;                     549155;                                     0,027489
       407;       545;         1;BR      ;30/10/2022 17:43:42;         472075;     156454011;          321;                  77138;                                     0,163402;      108360;              25256503;         84308;                20061798;                80884;                       19244075;            41723;                    9303839;                                     0,483465;                      39161;                              9940236;                                     0,516535;               1107;                       266251;                                     0,013272;             2317;                     551472;                                     0,027489
       407;       545;         1;BR      ;30/10/2022 17:43:43;         472075;     156454011;          216;                  77354;                                     0,163860;       69454;              25325957;         53559;                20115357;                51175;                       19295250;            24390;                    9328229;                                     0,483447;                      26785;                              9967021;                                     0,516553;                811;                       267062;                                     0,013277;             1573;                     553045;                                     0,027494
       407;       545;         1;BR      ;30/10/2022 17:43:44;         472075;     156454011;          285;                  77639;                                     0,164463;       93818;              25419775;         74829;                20190186;                70164;                       19365414;            31949;                    9360178;                                     0,483345;                      38215;                             10005236;                                     0,516655;               1525;                       268587;                                     0,013303;             3140;                     556185;                                     0,027547
       407;       545;         1;BR      ;30/10/2022 17:43:45;         472075;     156454011;           17;                  77656;                                     0,164499;        5771;              25425546;          4453;                20194639;                 4240;                       19369654;             1839;                    9362017;                                     0,483334;                       2401;                             10007637;                                     0,516666;                 68;                       268655;                                     0,013303;              145;                     556330;                                     0,027548
       407;       545;         1;BR      ;30/10/2022 17:43:46;         472075;     156454011;           71;                  77727;                                     0,164650;       23233;              25448779;         17706;                20212345;                16826;                       19386480;             5786;                    9367803;                                     0,483213;                      11040;                             10018677;                                     0,516787;                295;                       268950;                                     0,013306;              585;                     556915;                                     0,027553
       407;       545;         1;BR      ;30/10/2022 17:43:47;         472075;     156454011;           56;                  77783;                                     0,164768;       17911;              25466690;         14030;                20226375;                13257;                       19399737;             4934;                    9372737;                                     0,483137;                       8323;                             10027000;                                     0,516863;                283;                       269233;                                     0,013311;              490;                     557405;                                     0,027558
       407;       545;         1;BR      ;30/10/2022 17:43:48;         472075;     156454011;           37;                  77820;                                     0,164847;       10287;              25476977;          8617;                20234992;                 8248;                       19407985;             5177;                    9377914;                                     0,483199;                       3071;                             10030071;                                     0,516801;                128;                       269361;                                     0,013312;              241;                     557646;                                     0,027558
       407;       545;         1;BR      ;30/10/2022 17:43:49;         472075;     156454011;          134;                  77954;                                     0,165131;       41896;              25518873;         33835;                20268827;                32697;                       19440682;            15084;                    9392998;                                     0,483162;                      17613;                             10047684;                                     0,516838;                378;                       269739;                                     0,013308;              760;                     558406;                                     0,027550
       407;       545;         1;BR      ;30/10/2022 17:43:50;         472075;     156454011;          134;                  78088;                                     0,165414;       45596;              25564469;         36467;                20305294;                35224;                       19475906;            13280;                    9406278;                                     0,482970;                      21944;                             10069628;                                     0,517030;                434;                       270173;                                     0,013306;              809;                     559215;                                     0,027540
       407;       545;         1;BR      ;30/10/2022 17:43:51;         472075;     156454011;           46;                  78134;                                     0,165512;       19001;              25583470;         15399;                20320693;                14861;                       19490767;             8782;                    9415060;                                     0,483052;                       6079;                             10075707;                                     0,516948;                178;                       270351;                                     0,013304;              360;                     559575;                                     0,027537
       407;       545;         1;BR      ;30/10/2022 17:43:52;         472075;     156454011;           16;                  78150;                                     0,165546;        4736;              25588206;          3744;                20324437;                 3603;                       19494370;             2860;                    9417920;                                     0,483110;                        743;                             10076450;                                     0,516890;                 43;                       270394;                                     0,013304;               98;                     559673;                                     0,027537
       407;       545;         1;BR      ;30/10/2022 17:43:53;         472075;     156454011;           12;                  78162;                                     0,165571;        3340;              25591546;          2546;                20326983;                 2453;                       19496823;             1697;                    9419617;                                     0,483136;                        756;                             10077206;                                     0,516864;                 24;                       270418;                                     0,013303;               69;                     559742;                                     0,027537
       407;       545;         1;BR      ;30/10/2022 17:43:54;         472075;     156454011;          190;                  78352;                                     0,165974;       64848;              25656394;         53135;                20380118;                50111;                       19546934;            34695;                    9454312;                                     0,483672;                      15416;                             10092622;                                     0,516328;                689;                       271107;                                     0,013303;             2335;                     562077;                                     0,027580
       407;       545;         1;BR      ;30/10/2022 17:43:55;         472075;     156454011;          137;                  78489;                                     0,166264;       40096;              25696490;         32196;                20412314;                30936;                       19577870;            23634;                    9477946;                                     0,484115;                       7302;                             10099924;                                     0,515885;                329;                       271436;                                     0,013298;              931;                     563008;                                     0,027582
       407;       545;         1;BR      ;30/10/2022 17:43:56;         472075;     156454011;           23;                  78512;                                     0,166313;        7686;              25704176;          6182;                20418496;                 5828;                       19583698;             4314;                    9482260;                                     0,484191;                       1514;                             10101438;                                     0,515809;                 74;                       271510;                                     0,013297;              280;                     563288;                                     0,027587
       407;       545;         1;BR      ;30/10/2022 17:43:57;         472075;     156454011;           72;                  78584;                                     0,166465;       23938;              25728114;         19388;                20437884;                18257;                       19601955;            13813;                    9496073;                                     0,484445;                       4444;                             10105882;                                     0,515555;                229;                       271739;                                     0,013296;              902;                     564190;                                     0,027605
       407;       545;         1;BR      ;30/10/2022 17:43:58;         472075;     156454011;          124;                  78708;                                     0,166728;       37406;              25765520;         30368;                20468252;                29358;                       19631313;            11085;                    9507158;                                     0,484285;                      18273;                             10124155;                                     0,515715;                366;                       272105;                                     0,013294;              644;                     564834;                                     0,027596
       407;       545;         1;BR      ;30/10/2022 17:43:59;         472075;     156454011;          202;                  78910;                                     0,167156;       65258;              25830778;         52898;                20521150;                50951;                       19682264;            21402;                    9528560;                                     0,484119;                      29549;                             10153704;                                     0,515881;                697;                       272802;                                     0,013294;             1250;                     566084;                                     0,027585
       407;       545;         1;BR      ;30/10/2022 17:44:00;         472075;     156454011;          145;                  79055;                                     0,167463;       46157;              25876935;         37607;                20558757;                36255;                       19718519;            13189;                    9541749;                                     0,483898;                      23066;                             10176770;                                     0,516102;                556;                       273358;                                     0,013296;              796;                     566880;                                     0,027574
       407;       545;         1;BR      ;30/10/2022 17:44:01;         472075;     156454011;           23;                  79078;                                     0,167512;        6685;              25883620;          5408;                20564165;                 5262;                       19723781;             2553;                    9544302;                                     0,483898;                       2709;                             10179479;                                     0,516102;                 53;                       273411;                                     0,013296;               93;                     566973;                                     0,027571
       407;       545;         1;BR      ;30/10/2022 17:44:02;         472075;     156454011;          131;                  79209;                                     0,167789;       44427;              25928047;         35380;                20599545;                34452;                       19758233;            12422;                    9556724;                                     0,483683;                      22030;                             10201509;                                     0,516317;                338;                       273749;                                     0,013289;              590;                     567563;                                     0,027552
       407;       545;         1;BR      ;30/10/2022 17:44:03;         472075;     156454011;           84;                  79293;                                     0,167967;       27094;              25955141;         20199;                20619744;                19705;                       19777938;             9809;                    9566533;                                     0,483697;                       9896;                             10211405;                                     0,516303;                173;                       273922;                                     0,013284;              321;                     567884;                                     0,027541
       407;       545;         1;BR      ;30/10/2022 17:44:04;         472075;     156454011;          168;                  79461;                                     0,168323;       55547;              26010688;         42461;                20662205;                41374;                       19819312;            18727;                    9585260;                                     0,483632;                      22647;                             10234052;                                     0,516368;                404;                       274326;                                     0,013277;              683;                     568567;                                     0,027517
       407;       545;         1;BR      ;30/10/2022 17:44:05;         472075;     156454011;          102;                  79563;                                     0,168539;       33533;              26044221;         26435;                20688640;                25221;                       19844533;            11936;                    9597196;                                     0,483619;                      13285;                             10247337;                                     0,516381;                463;                       274789;                                     0,013282;              751;                     569318;                                     0,027518
       407;       545;         1;BR      ;30/10/2022 17:44:06;         472075;     156454011;           94;                  79657;                                     0,168738;       29458;              26073679;         23971;                20712611;                22870;                       19867403;             9475;                    9606671;                                     0,483539;                      13395;                             10260732;                                     0,516461;                393;                       275182;                                     0,013286;              708;                     570026;                                     0,027521
       407;       545;         1;BR      ;30/10/2022 17:44:07;         472075;     156454011;           34;                  79691;                                     0,168810;        9490;              26083169;          7864;                20720475;                 7593;                       19874996;             3247;                    9609918;                                     0,483518;                       4346;                             10265078;                                     0,516482;                119;                       275301;                                     0,013286;              152;                     570178;                                     0,027518
       407;       545;         1;BR      ;30/10/2022 17:44:08;         472075;     156454011;           28;                  79719;                                     0,168869;        9090;              26092259;          7528;                20728003;                 7190;                       19882186;             2955;                    9612873;                                     0,483492;                       4235;                             10269313;                                     0,516508;                125;                       275426;                                     0,013288;              213;                     570391;                                     0,027518
       407;       545;         1;BR      ;30/10/2022 17:44:09;         472075;     156454011;           37;                  79756;                                     0,168948;       10826;              26103085;          8533;                20736536;                 8121;                       19890307;             3787;                    9616660;                                     0,483485;                       4334;                             10273647;                                     0,516515;                153;                       275579;                                     0,013290;              259;                     570650;                                     0,027519
       407;       545;         1;BR      ;30/10/2022 17:44:10;         472075;     156454011;          132;                  79888;                                     0,169227;       42670;              26145755;         35534;                20772070;                33580;                       19923887;            20417;                    9637077;                                     0,483695;                      13163;                             10286810;                                     0,516305;                418;                       275997;                                     0,013287;             1536;                     572186;                                     0,027546
       407;       545;         1;BR      ;30/10/2022 17:44:11;         472075;     156454011;          114;                  80002;                                     0,169469;       36806;              26182561;         29674;                20801744;                28198;                       19952085;            15432;                    9652509;                                     0,483784;                      12766;                             10299576;                                     0,516216;                402;                       276399;                                     0,013287;             1074;                     573260;                                     0,027558
       407;       545;         1;BR      ;30/10/2022 17:44:12;         472075;     156454011;          105;                  80107;                                     0,169691;       32714;              26215275;         25795;                20827539;                24524;                       19976609;            11655;                    9664164;                                     0,483774;                      12869;                             10312445;                                     0,516226;                375;                       276774;                                     0,013289;              896;                     574156;                                     0,027567
       407;       545;         1;BR      ;30/10/2022 17:44:13;         472075;     156454011;           93;                  80200;                                     0,169888;       26839;              26242114;         20798;                20848337;                19888;                       19996497;             7530;                    9671694;                                     0,483669;                      12358;                             10324803;                                     0,516331;                263;                       277037;                                     0,013288;              647;                     574803;                                     0,027571
       407;       545;         1;BR      ;30/10/2022 17:44:14;         472075;     156454011;           42;                  80242;                                     0,169977;       12823;              26254937;          9973;                20858310;                 9530;                       20006027;             3777;                    9675471;                                     0,483628;                       5753;                             10330556;                                     0,516372;                105;                       277142;                                     0,013287;              338;                     575141;                                     0,027574
       407;       545;         1;BR      ;30/10/2022 17:44:15;         472075;     156454011;           11;                  80253;                                     0,170001;        3723;              26258660;          2953;                20861263;                 2860;                       20008887;              774;                    9676245;                                     0,483597;                       2086;                             10332642;                                     0,516403;                 18;                       277160;                                     0,013286;               75;                     575216;                                     0,027573
       407;       545;         1;BR      ;30/10/2022 17:44:16;         472075;     156454011;           11;                  80264;                                     0,170024;        2764;              26261424;          2128;                20863391;                 2054;                       20010941;              889;                    9677134;                                     0,483592;                       1165;                             10333807;                                     0,516408;                 18;                       277178;                                     0,013285;               56;                     575272;                                     0,027573
       407;       545;         1;BR      ;30/10/2022 17:44:17;         472075;     156454011;           10;                  80274;                                     0,170045;        2812;              26264236;          2269;                20865660;                 2158;                       20013099;             1423;                    9678557;                                     0,483611;                        735;                             10334542;                                     0,516389;                 20;                       277198;                                     0,013285;               91;                     575363;                                     0,027575
       407;       545;         1;BR      ;30/10/2022 17:44:44;         472075;     156454011;           26;                  80300;                                     0,170100;        7316;              26271552;          5079;                20870739;                 4910;                       20018009;             1723;                    9680280;                                     0,483579;                       3187;                             10337729;                                     0,516421;                 56;                       277254;                                     0,013284;              113;                     575476;                                     0,027573
       407;       545;         1;BR      ;30/10/2022 17:44:45;         472075;     156454011;           21;                  80321;                                     0,170145;        6066;              26277618;          4454;                20875193;                 4337;                       20022346;             2659;                    9682939;                                     0,483607;                       1678;                             10339407;                                     0,516393;                 39;                       277293;                                     0,013283;               78;                     575554;                                     0,027571
       407;       545;         1;BR      ;30/10/2022 17:44:46;         472075;     156454011;          309;                  80630;                                     0,170799;       98948;              26376566;         77824;                20953017;                74858;                       20097204;            39336;                    9722275;                                     0,483763;                      35522;                             10374929;                                     0,516237;               1023;                       278316;                                     0,013283;             1943;                     577497;                                     0,027562
       407;       545;         1;BR      ;30/10/2022 17:44:47;         472075;     156454011;          204;                  80834;                                     0,171231;       65858;              26442424;         51275;                21004292;                49194;                       20146398;            23463;                    9745738;                                     0,483746;                      25731;                             10400660;                                     0,516254;                697;                       279013;                                     0,013284;             1384;                     578881;                                     0,027560
       407;       545;         1;BR      ;30/10/2022 17:44:48;         472075;     156454011;          231;                  81065;                                     0,171721;       78146;              26520570;         61916;                21066208;                58196;                       20204594;            24899;                    9770637;                                     0,483585;                      33297;                             10433957;                                     0,516415;               1211;                       280224;                                     0,013302;             2509;                     581390;                                     0,027598
       407;       545;         1;BR      ;30/10/2022 17:44:49;         472075;     156454011;          107;                  81172;                                     0,171947;       32739;              26553309;         25156;                21091364;                23894;                       20228488;             8263;                    9778900;                                     0,483422;                      15631;                             10449588;                                     0,516578;                459;                       280683;                                     0,013308;              803;                     582193;                                     0,027603
       407;       545;         1;BR      ;30/10/2022 17:44:50;         472075;     156454011;           17;                  81189;                                     0,171983;        5564;              26558873;          4434;                21095798;                 4231;                       20232719;             1338;                    9780238;                                     0,483387;                       2893;                             10452481;                                     0,516613;                 81;                       280764;                                     0,013309;              122;                     582315;                                     0,027603
       407;       545;         1;BR      ;30/10/2022 17:44:51;         472075;     156454011;            9;                  81198;                                     0,172002;        2381;              26561254;          1840;                21097638;                 1766;                       20234485;              929;                    9781167;                                     0,483391;                        837;                             10453318;                                     0,516609;                 32;                       280796;                                     0,013309;               42;                     582357;                                     0,027603
       407;       545;         1;BR      ;30/10/2022 17:44:52;         472075;     156454011;          203;                  81401;                                     0,172432;       63828;              26625082;         51667;                21149305;                49869;                       20284354;            27358;                    9808525;                                     0,483551;                      22511;                             10475829;                                     0,516449;                626;                       281422;                                     0,013306;             1172;                     583529;                                     0,027591
       407;       545;         1;BR      ;30/10/2022 17:44:53;         472075;     156454011;          132;                  81533;                                     0,172712;       43881;              26668963;         34806;                21184111;                33772;                       20318126;            13595;                    9822120;                                     0,483417;                      20177;                             10496006;                                     0,516583;                370;                       281792;                                     0,013302;              664;                     584193;                                     0,027577
       407;       545;         1;BR      ;30/10/2022 17:44:54;         472075;     156454011;           63;                  81596;                                     0,172845;       21020;              26689983;         17071;                21201182;                16559;                       20334685;             9642;                    9831762;                                     0,483497;                       6917;                             10502923;                                     0,516503;                151;                       281943;                                     0,013298;              361;                     584554;                                     0,027572
       407;       545;         1;BR      ;30/10/2022 17:44:55;         472075;     156454011;            3;                  81599;                                     0,172852;        1011;              26690994;           804;                21201986;                  783;                       20335468;              613;                    9832375;                                     0,483509;                        170;                             10503093;                                     0,516491;                 10;                       281953;                                     0,013298;               11;                     584565;                                     0,027571
       407;       545;         1;BR      ;30/10/2022 17:44:57;         472075;     156454011;           15;                  81614;                                     0,172884;        4391;              26695385;          3469;                21205455;                 3303;                       20338771;             2489;                    9834864;                                     0,483553;                        814;                             10503907;                                     0,516447;                 49;                       282002;                                     0,013299;              117;                     584682;                                     0,027572
       407;       545;         1;BR      ;30/10/2022 17:44:58;         472075;     156454011;           26;                  81640;                                     0,172939;        8154;              26703539;          6423;                21211878;                 6047;                       20344818;             4556;                    9839420;                                     0,483633;                       1491;                             10505398;                                     0,516367;                102;                       282104;                                     0,013299;              274;                     584956;                                     0,027577
       407;       545;         1;BR      ;30/10/2022 17:44:59;         472075;     156454011;          125;                  81765;                                     0,173203;       44303;              26747842;         37048;                21248926;                35022;                       20379840;            22349;                    9861769;                                     0,483898;                      12673;                             10518071;                                     0,516102;                535;                       282639;                                     0,013301;             1491;                     586447;                                     0,027599
       407;       545;         1;BR      ;30/10/2022 17:45:00;         472075;     156454011;          159;                  81924;                                     0,173540;       47191;              26795033;         37166;                21286092;                35524;                       20415364;            26699;                    9888468;                                     0,484364;                       8825;                             10526896;                                     0,515636;                414;                       283053;                                     0,013298;             1228;                     587675;                                     0,027608
       407;       545;         1;BR      ;30/10/2022 17:45:01;         472075;     156454011;           38;                  81962;                                     0,173621;       12051;              26807084;          9356;                21295448;                 8858;                       20424222;             7105;                    9895573;                                     0,484502;                       1753;                             10528649;                                     0,515498;                114;                       283167;                                     0,013297;              384;                     588059;                                     0,027614
       407;       545;         1;BR      ;30/10/2022 17:45:02;         472075;     156454011;           63;                  82025;                                     0,173754;       20810;              26827894;         16801;                21312249;                15822;                       20440044;            10870;                    9906443;                                     0,484659;                       4952;                             10533601;                                     0,515341;                223;                       283390;                                     0,013297;              756;                     588815;                                     0,027628
       407;       545;         1;BR      ;30/10/2022 17:45:03;         472075;     156454011;           91;                  82116;                                     0,173947;       30298;              26858192;         24682;                21336931;                23902;                       20463946;             7267;                    9913710;                                     0,484448;                      16635;                             10550236;                                     0,515552;                278;                       283668;                                     0,013295;              502;                     589317;                                     0,027620
       407;       545;         1;BR      ;30/10/2022 17:45:04;         472075;     156454011;          109;                  82225;                                     0,174178;       35890;              26894082;         29060;                21365991;                28217;                       20492163;            11522;                    9925232;                                     0,484343;                      16695;                             10566931;                                     0,515657;                345;                       284013;                                     0,013293;              498;                     589815;                                     0,027605
       407;       545;         1;BR      ;30/10/2022 17:45:05;         472075;     156454011;          228;                  82453;                                     0,174661;       77151;              26971233;         63170;                21429161;                60620;                       20552783;            24782;                    9950014;                                     0,484120;                      35838;                             10602769;                                     0,515880;                975;                       284988;                                     0,013299;             1575;                     591390;                                     0,027597
       407;       545;         1;BR      ;30/10/2022 17:45:06;         472075;     156454011;           58;                  82511;                                     0,174784;       19568;              26990801;         14623;                21443784;                14146;                       20566929;             6003;                    9956017;                                     0,484079;                       8143;                             10610912;                                     0,515921;                117;                       285105;                                     0,013295;              360;                     591750;                                     0,027595
       407;       545;         1;BR      ;30/10/2022 17:45:07;         472075;     156454011;           41;                  82552;                                     0,174871;       14064;              27004865;         11295;                21455079;                11024;                       20577953;             3958;                    9959975;                                     0,484012;                       7066;                             10617978;                                     0,515988;                 93;                       285198;                                     0,013293;              178;                     591928;                                     0,027589
       407;       545;         1;BR      ;30/10/2022 17:45:08;         472075;     156454011;          109;                  82661;                                     0,175101;       33984;              27038849;         27510;                21482589;                26749;                       20604702;            11574;                    9971549;                                     0,483945;                      15175;                             10633153;                                     0,516055;                299;                       285497;                                     0,013290;              462;                     592390;                                     0,027575
       407;       545;         1;BR      ;30/10/2022 17:45:09;         472075;     156454011;          123;                  82784;                                     0,175362;       41428;              27080277;         31561;                21514150;                30633;                       20635335;            15874;                    9987423;                                     0,483996;                      14759;                             10647912;                                     0,516004;                318;                       285815;                                     0,013285;              610;                     593000;                                     0,027563
       407;       545;         1;BR      ;30/10/2022 17:45:10;         472075;     156454011;           48;                  82832;                                     0,175464;       15024;              27095301;         11651;                21525801;                11200;                       20646535;             5230;                    9992653;                                     0,483987;                       5970;                             10653882;                                     0,516013;                162;                       285977;                                     0,013285;              289;                     593289;                                     0,027562
       407;       545;         1;BR      ;30/10/2022 17:45:11;         472075;     156454011;            3;                  82835;                                     0,175470;         495;              27095796;           415;                21526216;                  394;                       20646929;              232;                    9992885;                                     0,483989;                        162;                             10654044;                                     0,516011;                  9;                       285986;                                     0,013285;               12;                     593301;                                     0,027562
       407;       545;         1;BR      ;30/10/2022 17:45:12;         472075;     156454011;           56;                  82891;                                     0,175589;       18259;              27114055;         13933;                21540149;                13505;                       20660434;             5764;                    9998649;                                     0,483952;                       7741;                             10661785;                                     0,516048;                193;                       286179;                                     0,013286;              235;                     593536;                                     0,027555
       407;       545;         1;BR      ;30/10/2022 17:45:13;         472075;     156454011;          149;                  83040;                                     0,175904;       46333;              27160388;         37388;                21577537;                35707;                       20696141;            14807;                   10013456;                                     0,483832;                      20900;                             10682685;                                     0,516168;                585;                       286764;                                     0,013290;             1096;                     594632;                                     0,027558
       407;       545;         1;BR      ;30/10/2022 17:45:14;         472075;     156454011;          133;                  83173;                                     0,176186;       47339;              27207727;         38820;                21616357;                36951;                       20733092;            14638;                   10028094;                                     0,483676;                      22313;                             10704998;                                     0,516324;                586;                       287350;                                     0,013293;             1283;                     595915;                                     0,027568
       407;       545;         1;BR      ;30/10/2022 17:45:15;         472075;     156454011;           26;                  83199;                                     0,176241;        8637;              27216364;          5871;                21622228;                 5524;                       20738616;             4120;                   10032214;                                     0,483746;                       1404;                             10706402;                                     0,516254;                 54;                       287404;                                     0,013292;              293;                     596208;                                     0,027574
       407;       545;         1;BR      ;30/10/2022 17:45:17;         472075;     156454011;           60;                  83259;                                     0,176368;       18128;              27234492;         14684;                21636912;                14027;                       20752643;             7166;                   10039380;                                     0,483764;                       6861;                             10713263;                                     0,516236;                163;                       287567;                                     0,013291;              494;                     596702;                                     0,027578
       407;       545;         1;BR      ;30/10/2022 17:45:18;         472075;     156454011;          207;                  83466;                                     0,176807;       67515;              27302007;         54625;                21691537;                51699;                       20804342;            28908;                   10068288;                                     0,483951;                      22791;                             10736054;                                     0,516049;                706;                       288273;                                     0,013290;             2220;                     598922;                                     0,027611
       407;       545;         1;BR      ;30/10/2022 17:45:19;         472075;     156454011;           86;                  83552;                                     0,176989;       27261;              27329268;         21680;                21713217;                20693;                       20825035;             8687;                   10076975;                                     0,483888;                      12006;                             10748060;                                     0,516112;                303;                       288576;                                     0,013290;              684;                     599606;                                     0,027615
       407;       545;         1;BR      ;30/10/2022 17:45:20;         472075;     156454011;           90;                  83642;                                     0,177179;       27057;              27356325;         21382;                21734599;                20558;                       20845593;             7260;                   10084235;                                     0,483759;                      13298;                             10761358;                                     0,516241;                223;                       288799;                                     0,013288;              601;                     600207;                                     0,027615
       407;       545;         1;BR      ;30/10/2022 17:45:22;         472075;     156454011;           26;                  83668;                                     0,177235;        7924;              27364249;          6464;                21741063;                 6199;                       20851792;             2289;                   10086524;                                     0,483725;                       3910;                             10765268;                                     0,516275;                 68;                       288867;                                     0,013287;              197;                     600404;                                     0,027616
       407;       545;         1;BR      ;30/10/2022 17:45:23;         472075;     156454011;           29;                  83697;                                     0,177296;        8551;              27372800;          6409;                21747472;                 6149;                       20857941;             2288;                   10088812;                                     0,483692;                       3861;                             10769129;                                     0,516308;                 67;                       288934;                                     0,013286;              193;                     600597;                                     0,027617
       407;       545;         1;BR      ;30/10/2022 17:45:49;         472075;     156454011;          244;                  83941;                                     0,177813;       83442;              27456242;         65292;                21812764;                63049;                       20920990;            33553;                   10122365;                                     0,483838;                      29496;                             10798625;                                     0,516162;                773;                       289707;                                     0,013282;             1470;                     602067;                                     0,027602
       407;       545;         1;BR      ;30/10/2022 17:45:50;         472075;     156454011;          263;                  84204;                                     0,178370;       89014;              27545256;         69461;                21882225;                66735;                       20987725;            30919;                   10153284;                                     0,483772;                      35816;                             10834441;                                     0,516228;                906;                       290613;                                     0,013281;             1820;                     603887;                                     0,027597
       407;       545;         1;BR      ;30/10/2022 17:45:51;         472075;     156454011;          322;                  84526;                                     0,179052;      105042;              27650298;         82609;                21964834;                77778;                       21065503;            34669;                   10187953;                                     0,483632;                      43109;                             10877550;                                     0,516368;               1570;                       292183;                                     0,013302;             3261;                     607148;                                     0,027642
       407;       545;         1;BR      ;30/10/2022 17:45:52;         472075;     156454011;          161;                  84687;                                     0,179393;       52774;              27703072;         40684;                22005518;                38540;                       21104043;            14767;                   10202720;                                     0,483449;                      23773;                             10901323;                                     0,516551;                703;                       292886;                                     0,013310;             1441;                     608589;                                     0,027656
       407;       545;         1;BR      ;30/10/2022 17:45:53;         472075;     156454011;           82;                  84769;                                     0,179567;       26205;              27729277;         20362;                22025880;                19359;                       21123402;             7684;                   10210404;                                     0,483369;                      11675;                             10912998;                                     0,516631;                313;                       293199;                                     0,013312;              690;                     609279;                                     0,027662
       407;       545;         1;BR      ;30/10/2022 17:45:54;         472075;     156454011;            5;                  84774;                                     0,179577;        1406;              27730683;          1116;                22026996;                 1026;                       21124428;              389;                   10210793;                                     0,483364;                        637;                             10913635;                                     0,516636;                 31;                       293230;                                     0,013312;               59;                     609338;                                     0,027663
       407;       545;         1;BR      ;30/10/2022 17:45:55;         472075;     156454011;          106;                  84880;                                     0,179802;       34942;              27765625;         28665;                22055661;                27657;                       21152085;            14096;                   10224889;                                     0,483399;                      13561;                             10927196;                                     0,516601;                347;                       293577;                                     0,013311;              661;                     609999;                                     0,027657
       407;       545;         1;BR      ;30/10/2022 17:45:56;         472075;     156454011;           65;                  84945;                                     0,179940;       21605;              27787230;         16837;                22072498;                16353;                       21168438;             6186;                   10231075;                                     0,483317;                      10167;                             10937363;                                     0,516683;                202;                       293779;                                     0,013310;              282;                     610281;                                     0,027649
       407;       545;         1;BR      ;30/10/2022 17:45:57;         472075;     156454011;          121;                  85066;                                     0,180196;       39121;              27826351;         30543;                22103041;                29555;                       21197993;            12388;                   10243463;                                     0,483228;                      17167;                             10954530;                                     0,516772;                343;                       294122;                                     0,013307;              645;                     610926;                                     0,027640
       407;       545;         1;BR      ;30/10/2022 17:45:58;         472075;     156454011;          140;                  85206;                                     0,180493;       44876;              27871227;         35850;                22138891;                34762;                       21232755;            19308;                   10262771;                                     0,483346;                      15454;                             10969984;                                     0,516654;                379;                       294501;                                     0,013302;              709;                     611635;                                     0,027627
       407;       545;         1;BR      ;30/10/2022 17:45:59;         472075;     156454011;          153;                  85359;                                     0,180817;       53578;              27924805;         43699;                22182590;                40975;                       21273730;            27858;                   10290629;                                     0,483725;                      13117;                             10983101;                                     0,516275;                645;                       295146;                                     0,013305;             2079;                     613714;                                     0,027666
       407;       545;         1;BR      ;30/10/2022 17:46:00;         472075;     156454011;           39;                  85398;                                     0,180899;       12936;              27937741;         10796;                22193386;                10273;                       21284003;             7101;                   10297730;                                     0,483825;                       3172;                             10986273;                                     0,516175;                146;                       295292;                                     0,013305;              377;                     614091;                                     0,027670
       407;       545;         1;BR      ;30/10/2022 17:46:01;         472075;     156454011;            1;                  85399;                                     0,180901;         187;              27937928;           112;                22193498;                  107;                       21284110;               95;                   10297825;                                     0,483827;                         12;                             10986285;                                     0,516173;                  0;                       295292;                                     0,013305;                5;                     614096;                                     0,027670
       407;       545;         1;BR      ;30/10/2022 17:46:02;         472075;     156454011;           50;                  85449;                                     0,181007;       15632;              27953560;         12726;                22206224;                12122;                       21296232;             8743;                   10306568;                                     0,483962;                       3379;                             10989664;                                     0,516038;                151;                       295443;                                     0,013305;              453;                     614549;                                     0,027675
       407;       545;         1;BR      ;30/10/2022 17:46:03;         472075;     156454011;           33;                  85482;                                     0,181077;       10407;              27963967;          8371;                22214595;                 8004;                       21304236;             6027;                   10312595;                                     0,484063;                       1977;                             10991641;                                     0,515937;                 91;                       295534;                                     0,013304;              276;                     614825;                                     0,027677
       407;       545;         1;BR      ;30/10/2022 17:46:04;         472075;     156454011;           39;                  85521;                                     0,181160;       10770;              27974737;          8570;                22223165;                 8173;                       21312409;             6617;                   10319212;                                     0,484188;                       1556;                             10993197;                                     0,515812;                 81;                       295615;                                     0,013302;              316;                     615141;                                     0,027680
       407;       545;         1;BR      ;30/10/2022 17:46:05;         472075;     156454011;           80;                  85601;                                     0,181329;       23717;              27998454;         18069;                22241234;                17095;                       21329504;            11098;                   10330310;                                     0,484320;                       5997;                             10999194;                                     0,515680;                215;                       295830;                                     0,013301;              759;                     615900;                                     0,027692
       407;       545;         1;BR      ;30/10/2022 17:46:06;         472075;     156454011;           33;                  85634;                                     0,181399;       10597;              28009051;          8496;                22249730;                 8003;                       21337507;             5694;                   10336004;                                     0,484405;                       2309;                             11001503;                                     0,515595;                118;                       295948;                                     0,013301;              375;                     616275;                                     0,027698
       407;       545;         1;BR      ;30/10/2022 17:46:07;         472075;     156454011;          178;                  85812;                                     0,181776;       60395;              28069446;         48827;                22298557;                46501;                       21384008;            24242;                   10360246;                                     0,484486;                      22259;                             11023762;                                     0,515514;                668;                       296616;                                     0,013302;             1658;                     617933;                                     0,027712
       407;       545;         1;BR      ;30/10/2022 17:46:08;         472075;     156454011;          125;                  85937;                                     0,182041;       42679;              28112125;         34508;                22333065;                33202;                       21417210;            13039;                   10373285;                                     0,484343;                      20163;                             11043925;                                     0,515657;                519;                       297135;                                     0,013305;              787;                     618720;                                     0,027704
       407;       545;         1;BR      ;30/10/2022 17:46:10;         472075;     156454011;           25;                  85962;                                     0,182094;        8324;              28120449;          6844;                22339909;                 6701;                       21423911;             1474;                   10374759;                                     0,484261;                       5227;                             11049152;                                     0,515739;                 56;                       297191;                                     0,013303;               87;                     618807;                                     0,027700
       407;       545;         1;BR      ;30/10/2022 17:46:11;         472075;     156454011;          122;                  86084;                                     0,182352;       38810;              28159259;         31827;                22371736;                30891;                       21454802;            12861;                   10387620;                                     0,484163;                      18030;                             11067182;                                     0,515837;                392;                       297583;                                     0,013302;              544;                     619351;                                     0,027685
       407;       545;         1;BR      ;30/10/2022 17:46:12;         472075;     156454011;          199;                  86283;                                     0,182774;       64427;              28223686;         51691;                22423427;                49966;                       21504768;            21670;                   10409290;                                     0,484046;                      28296;                             11095478;                                     0,515954;                592;                       298175;                                     0,013297;             1133;                     620484;                                     0,027671
       407;       545;         1;BR      ;30/10/2022 17:46:13;         472075;     156454011;          119;                  86402;                                     0,183026;       40755;              28264441;         30644;                22454071;                29931;                       21534699;            16044;                   10425334;                                     0,484118;                      13887;                             11109365;                                     0,515882;                277;                       298452;                                     0,013292;              436;                     620920;                                     0,027653
       407;       545;         1;BR      ;30/10/2022 17:46:14;         472075;     156454011;           53;                  86455;                                     0,183138;       18407;              28282848;         14714;                22468785;                14289;                       21548988;             7474;                   10432808;                                     0,484144;                       6815;                             11116180;                                     0,515856;                160;                       298612;                                     0,013290;              265;                     621185;                                     0,027647
       407;       545;         1;BR      ;30/10/2022 17:46:15;         472075;     156454011;           40;                  86495;                                     0,183223;       12232;              28295080;          9122;                22477907;                 8851;                       21557839;             3626;                   10436434;                                     0,484113;                       5225;                             11121405;                                     0,515887;                 80;                       298692;                                     0,013288;              191;                     621376;                                     0,027644
       407;       545;         1;BR      ;30/10/2022 17:46:16;         472075;     156454011;           56;                  86551;                                     0,183342;       17681;              28312761;         13215;                22491122;                12840;                       21570679;             4386;                   10440820;                                     0,484028;                       8454;                             11129859;                                     0,515972;                127;                       298819;                                     0,013286;              248;                     621624;                                     0,027639
       407;       545;         1;BR      ;30/10/2022 17:46:17;         472075;     156454011;          278;                  86829;                                     0,183931;       87139;              28399900;         70516;                22561638;                67261;                       21637940;            29172;                   10469992;                                     0,483872;                      38089;                             11167948;                                     0,516128;               1241;                       300060;                                     0,013300;             2014;                     623638;                                     0,027642
       407;       545;         1;BR      ;30/10/2022 17:46:18;         472075;     156454011;          107;                  86936;                                     0,184157;       36443;              28436343;         29308;                22590946;                27873;                       21665813;            11662;                   10481654;                                     0,483788;                      16211;                             11184159;                                     0,516212;                493;                       300553;                                     0,013304;              942;                     624580;                                     0,027647
       407;       545;         1;BR      ;30/10/2022 17:46:19;         472075;     156454011;           17;                  86953;                                     0,184193;        5005;              28441348;          3671;                22594617;                 3500;                       21669313;             1909;                   10483563;                                     0,483798;                       1591;                             11185750;                                     0,516202;                 45;                       300598;                                     0,013304;              126;                     624706;                                     0,027648
       407;       545;         1;BR      ;30/10/2022 17:46:20;         472075;     156454011;           42;                  86995;                                     0,184282;       13339;              28454687;         10231;                22604848;                 9787;                       21679100;             5244;                   10488807;                                     0,483821;                       4543;                             11190293;                                     0,516179;                132;                       300730;                                     0,013304;              312;                     625018;                                     0,027650
       407;       545;         1;BR      ;30/10/2022 17:46:21;         472075;     156454011;            4;                  86999;                                     0,184291;        1014;              28455701;           844;                22605692;                  830;                       21679930;              330;                   10489137;                                     0,483818;                        500;                             11190793;                                     0,516182;                  4;                       300734;                                     0,013303;               10;                     625028;                                     0,027649
       407;       545;         1;BR      ;30/10/2022 17:46:22;         472075;     156454011;          130;                  87129;                                     0,184566;       40722;              28496423;         33487;                22639179;                31406;                       21711336;            20843;                   10509980;                                     0,484078;                      10563;                             11201356;                                     0,515922;                501;                       301235;                                     0,013306;             1580;                     626608;                                     0,027678
       407;       545;         1;BR      ;30/10/2022 17:46:23;         472075;     156454011;          207;                  87336;                                     0,185005;       66197;              28562620;         53008;                22692187;                50552;                       21761888;            20536;                   10530516;                                     0,483897;                      30016;                             11231372;                                     0,516103;                836;                       302071;                                     0,013312;             1620;                     628228;                                     0,027685
       407;       545;         1;BR      ;30/10/2022 17:46:25;         472075;     156454011;          177;                  87513;                                     0,185379;       51866;              28614486;         41100;                22733287;                39341;                       21801229;            14926;                   10545442;                                     0,483709;                      24415;                             11255787;                                     0,516291;                509;                       302580;                                     0,013310;             1250;                     629478;                                     0,027690
       407;       545;         1;BR      ;30/10/2022 17:46:52;         472075;     156454011;          214;                  87727;                                     0,185833;       66393;              28680879;         52865;                22786152;                51169;                       21852398;            33869;                   10579311;                                     0,484126;                      17300;                             11273087;                                     0,515874;                621;                       303201;                                     0,013306;             1075;                     630553;                                     0,027673
       407;       545;         1;BR      ;30/10/2022 17:46:53;         472075;     156454011;          249;                  87976;                                     0,186360;       85107;              28765986;         65310;                22851462;                62514;                       21914912;            28294;                   10607605;                                     0,484036;                      34220;                             11307307;                                     0,515964;                833;                       304034;                                     0,013305;             1963;                     632516;                                     0,027679
       407;       545;         1;BR      ;30/10/2022 17:46:54;         472075;     156454011;          179;                  88155;                                     0,186739;       57754;              28823740;         44485;                22895947;                42383;                       21957295;            20873;                   10628478;                                     0,484052;                      21510;                             11328817;                                     0,515948;                724;                       304758;                                     0,013311;             1378;                     633894;                                     0,027686
       407;       545;         1;BR      ;30/10/2022 17:46:55;         472075;     156454011;          272;                  88427;                                     0,187316;       91270;              28915010;         72008;                22967955;                67384;                       22024679;            31868;                   10660346;                                     0,484018;                      35516;                             11364333;                                     0,515982;               1504;                       306262;                                     0,013334;             3120;                     637014;                                     0,027735
       407;       545;         1;BR      ;30/10/2022 17:46:56;         472075;     156454011;           13;                  88440;                                     0,187343;        4363;              28919373;          3448;                22971403;                 3271;                       22027950;             1106;                   10661452;                                     0,483997;                       2165;                             11366498;                                     0,516003;                 63;                       306325;                                     0,013335;              114;                     637128;                                     0,027736
       407;       545;         1;BR      ;30/10/2022 17:46:57;         472075;     156454011;           55;                  88495;                                     0,187460;       17828;              28937201;         13634;                22985037;                12984;                       22040934;             4783;                   10666235;                                     0,483928;                       8201;                             11374699;                                     0,516072;                223;                       306548;                                     0,013337;              427;                     637555;                                     0,027738
       407;       545;         1;BR      ;30/10/2022 17:46:58;         472075;     156454011;           23;                  88518;                                     0,187508;        6481;              28943682;          5030;                22990067;                 4720;                       22045654;             1684;                   10667919;                                     0,483901;                       3036;                             11377735;                                     0,516099;                 99;                       306647;                                     0,013338;              211;                     637766;                                     0,027741
       407;       545;         1;BR      ;30/10/2022 17:46:59;         472075;     156454011;            7;                  88525;                                     0,187523;        2126;              28945808;          1664;                22991731;                 1594;                       22047248;              777;                   10668696;                                     0,483901;                        817;                             11378552;                                     0,516099;                 27;                       306674;                                     0,013338;               43;                     637809;                                     0,027741
       407;       545;         1;BR      ;30/10/2022 17:47:00;         472075;     156454011;           29;                  88554;                                     0,187585;        8225;              28954033;          6372;                22998103;                 6136;                       22053384;             3405;                   10672101;                                     0,483921;                       2731;                             11381283;                                     0,516079;                 52;                       306726;                                     0,013337;              184;                     637993;                                     0,027741
       407;       545;         1;BR      ;30/10/2022 17:47:01;         472075;     156454011;           99;                  88653;                                     0,187794;       30705;              28984738;         24740;                23022843;                24097;                       22077481;             8729;                   10680830;                                     0,483788;                      15368;                             11396651;                                     0,516212;                258;                       306984;                                     0,013334;              385;                     638378;                                     0,027728
       407;       545;         1;BR      ;30/10/2022 17:47:02;         472075;     156454011;          125;                  88778;                                     0,188059;       44398;              29029136;         35924;                23058767;                34727;                       22112208;            14687;                   10695517;                                     0,483693;                      20040;                             11416691;                                     0,516307;                422;                       307406;                                     0,013331;              775;                     639153;                                     0,027718
       407;       545;         1;BR      ;30/10/2022 17:47:03;         472075;     156454011;            2;                  88780;                                     0,188063;         633;              29029769;           474;                23059241;                  468;                       22112676;              151;                   10695668;                                     0,483689;                        317;                             11417008;                                     0,516311;                  2;                       307408;                                     0,013331;                4;                     639157;                                     0,027718
       407;       545;         1;BR      ;30/10/2022 17:47:05;         472075;     156454011;           47;                  88827;                                     0,188163;       14157;              29043926;         11190;                23070431;                10812;                       22123488;             6815;                   10702483;                                     0,483761;                       3997;                             11421005;                                     0,516239;                113;                       307521;                                     0,013330;              265;                     639422;                                     0,027716
       407;       545;         1;BR      ;30/10/2022 17:47:06;         472075;     156454011;           64;                  88891;                                     0,188298;       19080;              29063006;         13968;                23084399;                13535;                       22137023;             7317;                   10709800;                                     0,483796;                       6218;                             11427223;                                     0,516204;                158;                       307679;                                     0,013328;              275;                     639697;                                     0,027711
       407;       545;         1;BR      ;30/10/2022 17:47:07;         472075;     156454011;          232;                  89123;                                     0,188790;       77281;              29140287;         62065;                23146464;                58537;                       22195560;            42221;                   10752021;                                     0,484422;                      16316;                             11443539;                                     0,515578;                861;                       308540;                                     0,013330;             2667;                     642364;                                     0,027752
       407;       545;         1;BR      ;30/10/2022 17:47:08;         472075;     156454011;           64;                  89187;                                     0,188925;       18294;              29158581;         14141;                23160605;                13424;                       22208984;             9882;                   10761903;                                     0,484574;                       3542;                             11447081;                                     0,515426;                159;                       308699;                                     0,013329;              558;                     642922;                                     0,027759
       407;       545;         1;BR      ;30/10/2022 17:47:09;         472075;     156454011;            2;                  89189;                                     0,188930;         472;              29159053;           371;                23160976;                  357;                       22209341;              322;                   10762225;                                     0,484581;                         35;                             11447116;                                     0,515419;                  2;                       308701;                                     0,013328;               12;                     642934;                                     0,027759
       407;       545;         1;BR      ;30/10/2022 17:47:10;         472075;     156454011;           15;                  89204;                                     0,188961;        4778;              29163831;          3782;                23164758;                 3595;                       22212936;             2680;                   10764905;                                     0,484623;                        915;                             11448031;                                     0,515377;                 36;                       308737;                                     0,013328;              151;                     643085;                                     0,027761
       407;       545;         1;BR      ;30/10/2022 17:47:11;         472075;     156454011;           57;                  89261;                                     0,189082;       18663;              29182494;         14853;                23179611;                14145;                       22227081;             7987;                   10772892;                                     0,484674;                       6158;                             11454189;                                     0,515326;                208;                       308945;                                     0,013328;              500;                     643585;                                     0,027765
       407;       545;         1;BR      ;30/10/2022 17:47:12;         472075;     156454011;          169;                  89430;                                     0,189440;       56562;              29239056;         46060;                23225671;                44037;                       22271118;            22181;                   10795073;                                     0,484712;                      21856;                             11476045;                                     0,515288;                585;                       309530;                                     0,013327;             1438;                     645023;                                     0,027772
       407;       545;         1;BR      ;30/10/2022 17:47:13;         472075;     156454011;          164;                  89594;                                     0,189788;       52880;              29291936;         42771;                23268442;                41353;                       22312471;            17360;                   10812433;                                     0,484591;                      23993;                             11500038;                                     0,515409;                556;                       310086;                                     0,013326;              862;                     645885;                                     0,027758
       407;       545;         1;BR      ;30/10/2022 17:47:14;         472075;     156454011;           94;                  89688;                                     0,189987;       29276;              29321212;         23629;                23292071;                22899;                       22335370;             8116;                   10820549;                                     0,484458;                      14783;                             11514821;                                     0,515542;                254;                       310340;                                     0,013324;              476;                     646361;                                     0,027750
       407;       545;         1;BR      ;30/10/2022 17:47:15;         472075;     156454011;           50;                  89738;                                     0,190093;       15580;              29336792;         12079;                23304150;                11813;                       22347183;             4133;                   10824682;                                     0,484387;                       7680;                             11522501;                                     0,515613;                119;                       310459;                                     0,013322;              147;                     646508;                                     0,027742
       407;       545;         1;BR      ;30/10/2022 17:47:16;         472075;     156454011;           42;                  89780;                                     0,190182;       12921;              29349713;          9648;                23313798;                 9391;                       22356574;             4857;                   10829539;                                     0,484401;                       4534;                             11527035;                                     0,515599;                102;                       310561;                                     0,013321;              155;                     646663;                                     0,027737
       407;       545;         1;BR      ;30/10/2022 17:47:17;         472075;     156454011;           35;                  89815;                                     0,190256;       11761;              29361474;          8758;                23322556;                 8569;                       22365143;             4309;                   10833848;                                     0,484408;                       4260;                             11531295;                                     0,515592;                 54;                       310615;                                     0,013318;              135;                     646798;                                     0,027733
       407;       545;         1;BR      ;30/10/2022 17:47:18;         472075;     156454011;            1;                  89816;                                     0,190258;         316;              29361790;           166;                23322722;                  165;                       22365308;               55;                   10833903;                                     0,484407;                        110;                             11531405;                                     0,515593;                  1;                       310616;                                     0,013318;                0;                     646798;                                     0,027733
       407;       545;         1;BR      ;30/10/2022 17:47:19;         472075;     156454011;           23;                  89839;                                     0,190307;        7587;              29369377;          5796;                23328518;                 5647;                       22370955;             2479;                   10836382;                                     0,484395;                       3168;                             11534573;                                     0,515605;                 59;                       310675;                                     0,013317;               90;                     646888;                                     0,027729
       407;       545;         1;BR      ;30/10/2022 17:47:20;         472075;     156454011;          152;                  89991;                                     0,190629;       49459;              29418836;         38890;                23367408;                37589;                       22408544;            17912;                   10854294;                                     0,484382;                      19677;                             11554250;                                     0,515618;                444;                       311119;                                     0,013314;              857;                     647745;                                     0,027720
       407;       545;         1;BR      ;30/10/2022 17:47:21;         472075;     156454011;          117;                  90108;                                     0,190876;       41037;              29459873;         32808;                23400216;                31242;                       22439786;            13935;                   10868229;                                     0,484329;                      17307;                             11571557;                                     0,515671;                527;                       311646;                                     0,013318;             1039;                     648784;                                     0,027726
       407;       545;         1;BR      ;30/10/2022 17:47:22;         472075;     156454011;            1;                  90109;                                     0,190879;         132;              29460005;           105;                23400321;                  100;                       22439886;               52;                   10868281;                                     0,484329;                         48;                             11571605;                                     0,515671;                  0;                       311646;                                     0,013318;                5;                     648789;                                     0,027726
       407;       545;         1;BR      ;30/10/2022 17:47:23;         472075;     156454011;           31;                  90140;                                     0,190944;        9798;              29469803;          7767;                23408088;                 7377;                       22447263;             3463;                   10871744;                                     0,484324;                       3914;                             11575519;                                     0,515676;                129;                       311775;                                     0,013319;              261;                     649050;                                     0,027728
       407;       545;         1;BR      ;30/10/2022 17:47:24;         472075;     156454011;          135;                  90275;                                     0,191230;       40972;              29510775;         33915;                23442003;                32368;                       22479631;            12011;                   10883755;                                     0,484161;                      20357;                             11595876;                                     0,515839;                544;                       312319;                                     0,013323;             1003;                     650053;                                     0,027730
       407;       545;         1;BR      ;30/10/2022 17:47:25;         472075;     156454011;           52;                  90327;                                     0,191340;       16180;              29526955;         12789;                23454792;                12238;                       22491869;             6148;                   10889903;                                     0,484171;                       6090;                             11601966;                                     0,515829;                153;                       312472;                                     0,013322;              398;                     650451;                                     0,027732
       407;       545;         1;BR      ;30/10/2022 17:47:27;         472075;     156454011;           23;                  90350;                                     0,191389;        6975;              29533930;          5527;                23460319;                 5373;                       22497242;             2375;                   10892278;                                     0,484161;                       2998;                             11604964;                                     0,515839;                 58;                       312530;                                     0,013322;               96;                     650547;                                     0,027730
       407;       545;         1;BR      ;30/10/2022 17:47:28;         472075;     156454011;          148;                  90498;                                     0,191703;       46688;              29580618;         38689;                23499008;                36348;                       22533590;            22919;                   10915197;                                     0,484397;                      13429;                             11618393;                                     0,515603;                513;                       313043;                                     0,013322;             1828;                     652375;                                     0,027762
       407;       545;         1;BR      ;30/10/2022 17:47:29;         472075;     156454011;          158;                  90656;                                     0,192037;       52165;              29632783;         41705;                23540713;                39645;                       22573235;            17188;                   10932385;                                     0,484307;                      22457;                             11640850;                                     0,515693;                712;                       313755;                                     0,013328;             1348;                     653723;                                     0,027770
       407;       545;         1;BR      ;30/10/2022 17:47:30;         472075;     156454011;           10;                  90666;                                     0,192058;        2711;              29635494;          1993;                23542706;                 1896;                       22575131;              817;                   10933202;                                     0,484303;                       1079;                             11641929;                                     0,515697;                 30;                       313785;                                     0,013328;               67;                     653790;                                     0,027770
       407;       545;         1;BR      ;30/10/2022 17:47:31;         472075;     156454011;          106;                  90772;                                     0,192283;       31575;              29667069;         24771;                23567477;                23618;                       22598749;             9753;                   10942955;                                     0,484228;                      13865;                             11655794;                                     0,515772;                313;                       314098;                                     0,013328;              840;                     654630;                                     0,027777
       407;       545;         1;BR      ;30/10/2022 17:47:36;         472075;     156454011;           18;                  90790;                                     0,192321;        5453;              29672522;          4342;                23571819;                 4057;                       22602806;             2792;                   10945747;                                     0,484265;                       1265;                             11657059;                                     0,515735;                 50;                       314148;                                     0,013327;              235;                     654865;                                     0,027782
       407;       545;         1;BR      ;30/10/2022 17:47:56;         472075;     156454011;           94;                  90884;                                     0,192520;       29673;              29702195;         22904;                23594723;                22035;                       22624841;            12120;                   10957867;                                     0,484329;                       9915;                             11666974;                                     0,515671;                267;                       314415;                                     0,013326;              602;                     655467;                                     0,027780
       407;       545;         1;BR      ;30/10/2022 17:47:57;         472075;     156454011;          266;                  91150;                                     0,193084;       89405;              29791600;         69871;                23664594;                67120;                       22691961;            34606;                   10992473;                                     0,484421;                      32514;                             11699488;                                     0,515579;                846;                       315261;                                     0,013322;             1905;                     657372;                                     0,027779
       407;       545;         1;BR      ;30/10/2022 17:47:58;         472075;     156454011;          141;                  91291;                                     0,193382;       45991;              29837591;         36270;                23700864;                34782;                       22726743;            16530;                   11009003;                                     0,484407;                      18252;                             11717740;                                     0,515593;                504;                       315765;                                     0,013323;              984;                     658356;                                     0,027778
       407;       545;         1;BR      ;30/10/2022 17:47:59;         472075;     156454011;          270;                  91561;                                     0,193954;       88813;              29926404;         71080;                23771944;                66694;                       22793437;            29574;                   11038577;                                     0,484288;                      37120;                             11754860;                                     0,515712;               1382;                       317147;                                     0,013341;             3004;                     661360;                                     0,027821
       407;       545;         1;BR      ;30/10/2022 17:48:00;         472075;     156454011;           11;                  91572;                                     0,193978;        3370;              29929774;          2641;                23774585;                 2509;                       22795946;              910;                   11039487;                                     0,484274;                       1599;                             11756459;                                     0,515726;                 45;                       317192;                                     0,013342;               87;                     661447;                                     0,027822
       407;       545;         1;BR      ;30/10/2022 17:48:01;         472075;     156454011;           25;                  91597;                                     0,194031;        8393;              29938167;          6710;                23781295;                 6372;                       22802318;             1897;                   11041384;                                     0,484222;                       4475;                             11760934;                                     0,515778;                 89;                       317281;                                     0,013342;              249;                     661696;                                     0,027824
       407;       545;         1;BR      ;30/10/2022 17:48:02;         472075;     156454011;           33;                  91630;                                     0,194101;       10421;              29948588;          8071;                23789366;                 7636;                       22809954;             2981;                   11044365;                                     0,484191;                       4655;                             11765589;                                     0,515809;                162;                       317443;                                     0,013344;              273;                     661969;                                     0,027826
       407;       545;         1;BR      ;30/10/2022 17:48:03;         472075;     156454011;           79;                  91709;                                     0,194268;       24633;              29973221;         19013;                23808379;                18082;                       22828036;             6846;                   11051211;                                     0,484107;                      11236;                             11776825;                                     0,515893;                309;                       317752;                                     0,013346;              622;                     662591;                                     0,027830
       407;       545;         1;BR      ;30/10/2022 17:48:04;         472075;     156454011;            3;                  91712;                                     0,194274;         848;              29974069;           649;                23809028;                  623;                       22828659;              175;                   11051386;                                     0,484101;                        448;                             11777273;                                     0,515899;                  8;                       317760;                                     0,013346;               18;                     662609;                                     0,027830
       407;       545;         1;BR      ;30/10/2022 17:48:05;         472075;     156454011;          170;                  91882;                                     0,194634;       49911;              30023980;         40128;                23849156;                38820;                       22867479;            23980;                   11075366;                                     0,484328;                      14840;                             11792113;                                     0,515672;                449;                       318209;                                     0,013343;              859;                     663468;                                     0,027819
       407;       545;         1;BR      ;30/10/2022 17:48:06;         472075;     156454011;          117;                  91999;                                     0,194882;       38940;              30062920;         31237;                23880393;                30237;                       22897716;            11904;                   11087270;                                     0,484209;                      18333;                             11810446;                                     0,515791;                379;                       318588;                                     0,013341;              621;                     664089;                                     0,027809
       407;       545;         1;BR      ;30/10/2022 17:48:07;         472075;     156454011;          135;                  92134;                                     0,195168;       44897;              30107817;         36055;                23916448;                34833;                       22932549;            15682;                   11102952;                                     0,484157;                      19151;                             11829597;                                     0,515843;                385;                       318973;                                     0,013337;              837;                     664926;                                     0,027802
       407;       545;         1;BR      ;30/10/2022 17:48:08;         472075;     156454011;          105;                  92239;                                     0,195391;       31427;              30139244;         23303;                23939751;                22541;                       22955090;            12178;                   11115130;                                     0,484212;                      10363;                             11839960;                                     0,515788;                249;                       319222;                                     0,013334;              513;                     665439;                                     0,027796
       407;       545;         1;BR      ;30/10/2022 17:48:09;         472075;     156454011;          164;                  92403;                                     0,195738;       55186;              30194430;         44756;                23984507;                41984;                       22997074;            30404;                   11145534;                                     0,484650;                      11580;                             11851540;                                     0,515350;                578;                       319800;                                     0,013334;             2194;                     667633;                                     0,027836
       407;       545;         1;BR      ;30/10/2022 17:48:10;         472075;     156454011;           25;                  92428;                                     0,195791;        7339;              30201769;          5890;                23990397;                 5616;                       23002690;             3881;                   11149415;                                     0,484700;                       1735;                             11853275;                                     0,515300;                 60;                       319860;                                     0,013333;              214;                     667847;                                     0,027838
       407;       545;         1;BR      ;30/10/2022 17:48:12;         472075;     156454011;           47;                  92475;                                     0,195890;       14780;              30216549;         11493;                24001890;                10984;                       23013674;             6876;                   11156291;                                     0,484768;                       4108;                             11857383;                                     0,515232;                132;                       319992;                                     0,013332;              377;                     668224;                                     0,027840
       407;       545;         1;BR      ;30/10/2022 17:48:13;         472075;     156454011;           31;                  92506;                                     0,195956;        8959;              30225508;          7179;                24009069;                 6868;                       23020542;             5230;                   11161521;                                     0,484850;                       1638;                             11859021;                                     0,515150;                 67;                       320059;                                     0,013331;              244;                     668468;                                     0,027842
       407;       545;         1;BR      ;30/10/2022 17:48:16;         472075;     156454011;           93;                  92599;                                     0,196153;       28969;              30254477;         22842;                24031911;                22121;                       23042663;             9431;                   11170952;                                     0,484794;                      12690;                             11871711;                                     0,515206;                260;                       320319;                                     0,013329;              461;                     668929;                                     0,027835
       407;       545;         1;BR      ;30/10/2022 17:48:17;         472075;     156454011;          153;                  92752;                                     0,196477;       53322;              30307799;         43595;                24075506;                42007;                       23084670;            16634;                   11187586;                                     0,484633;                      25373;                             11897084;                                     0,515367;                590;                       320909;                                     0,013329;              998;                     669927;                                     0,027826
       407;       545;         1;BR      ;30/10/2022 17:48:18;         472075;     156454011;           11;                  92763;                                     0,196501;        3724;              30311523;          2999;                24078505;                 2838;                       23087508;             2000;                   11189586;                                     0,484660;                        838;                             11897922;                                     0,515340;                 36;                       320945;                                     0,013329;              125;                     670052;                                     0,027828
       407;       545;         1;BR      ;30/10/2022 17:48:19;         472075;     156454011;            7;                  92770;                                     0,196515;        2032;              30313555;          1630;                24080135;                 1579;                       23089087;              783;                   11190369;                                     0,484661;                        796;                             11898718;                                     0,515339;                 18;                       320963;                                     0,013329;               33;                     670085;                                     0,027827
       407;       545;         1;BR      ;30/10/2022 17:48:20;         472075;     156454011;          102;                  92872;                                     0,196731;       33480;              30347035;         27066;                24107201;                26208;                       23115295;            11780;                   11202149;                                     0,484621;                      14428;                             11913146;                                     0,515379;                285;                       321248;                                     0,013326;              573;                     670658;                                     0,027820
       407;       545;         1;BR      ;30/10/2022 17:48:21;         472075;     156454011;          190;                  93062;                                     0,197134;       65358;              30412393;         53023;                24160224;                50890;                       23166185;            22528;                   11224677;                                     0,484529;                      28362;                             11941508;                                     0,515471;                724;                       321972;                                     0,013327;             1409;                     672067;                                     0,027817
       407;       545;         1;BR      ;30/10/2022 17:48:22;         472075;     156454011;           23;                  93085;                                     0,197183;        6524;              30418917;          5317;                24165541;                 5056;                       23171241;             3562;                   11228239;                                     0,484577;                       1494;                             11943002;                                     0,515423;                 80;                       322052;                                     0,013327;              181;                     672248;                                     0,027818
       407;       545;         1;BR      ;30/10/2022 17:48:23;         472075;     156454011;           72;                  93157;                                     0,197335;       22652;              30441569;         17232;                24182773;                16716;                       23187957;             7020;                   11235259;                                     0,484530;                       9696;                             11952698;                                     0,515470;                161;                       322213;                                     0,013324;              355;                     672603;                                     0,027813
       407;       545;         1;BR      ;30/10/2022 17:48:24;         472075;     156454011;           57;                  93214;                                     0,197456;       17744;              30459313;         13762;                24196535;                13392;                       23201349;             6382;                   11241641;                                     0,484525;                       7010;                             11959708;                                     0,515475;                155;                       322368;                                     0,013323;              215;                     672818;                                     0,027806
       407;       545;         1;BR      ;30/10/2022 17:48:25;         472075;     156454011;           18;                  93232;                                     0,197494;        6124;              30465437;          4711;                24201246;                 4583;                       23205932;             2503;                   11244144;                                     0,484537;                       2080;                             11961788;                                     0,515463;                 37;                       322405;                                     0,013322;               91;                     672909;                                     0,027805
       407;       545;         1;BR      ;30/10/2022 17:48:26;         472075;     156454011;           74;                  93306;                                     0,197651;       25035;              30490472;         19176;                24220422;                18740;                       23224672;             7293;                   11251437;                                     0,484461;                      11447;                             11973235;                                     0,515539;                159;                       322564;                                     0,013318;              277;                     673186;                                     0,027794
       407;       545;         1;BR      ;30/10/2022 17:48:27;         472075;     156454011;          114;                  93420;                                     0,197892;       39014;              30529486;         30838;                24251260;                29746;                       23254418;            15628;                   11267065;                                     0,484513;                      14118;                             11987353;                                     0,515487;                325;                       322889;                                     0,013314;              767;                     673953;                                     0,027790
       407;       545;         1;BR      ;30/10/2022 17:48:28;         472075;     156454011;          179;                  93599;                                     0,198271;       63027;              30592513;         49911;                24301171;                47578;                       23301996;            23084;                   11290149;                                     0,484514;                      24494;                             12011847;                                     0,515486;                764;                       323653;                                     0,013318;             1569;                     675522;                                     0,027798
       407;       545;         1;BR      ;30/10/2022 17:48:29;         472075;     156454011;          172;                  93771;                                     0,198636;       54985;              30647498;         44509;                24345680;                42606;                       23344602;            18491;                   11308640;                                     0,484422;                      24115;                             12035962;                                     0,515578;                722;                       324375;                                     0,013324;             1181;                     676703;                                     0,027796
       407;       545;         1;BR      ;30/10/2022 17:48:30;         472075;     156454011;           30;                  93801;                                     0,198699;       10519;              30658017;          8617;                24354297;                 8294;                       23352896;             3191;                   11311831;                                     0,484387;                       5103;                             12041065;                                     0,515613;                150;                       324525;                                     0,013325;              173;                     676876;                                     0,027793
       407;       545;         1;BR      ;30/10/2022 17:48:31;         472075;     156454011;            9;                  93810;                                     0,198718;        2975;              30660992;          2124;                24356421;                 2051;                       23354947;             1591;                   11313422;                                     0,484412;                        460;                             12041525;                                     0,515588;                 12;                       324537;                                     0,013324;               61;                     676937;                                     0,027793
       407;       545;         1;BR      ;30/10/2022 17:48:32;         472075;     156454011;           19;                  93829;                                     0,198759;        6226;              30667218;          5055;                24361476;                 4874;                       23359821;             1852;                   11315274;                                     0,484390;                       3022;                             12044547;                                     0,515610;                 84;                       324621;                                     0,013325;               97;                     677034;                                     0,027791
       407;       545;         1;BR      ;30/10/2022 17:48:33;         472075;     156454011;            1;                  93830;                                     0,198761;         345;              30667563;           284;                24361760;                  268;                       23360089;              147;                   11315421;                                     0,484391;                        121;                             12044668;                                     0,515609;                  4;                       324625;                                     0,013325;               12;                     677046;                                     0,027791
       407;       545;         1;BR      ;30/10/2022 17:48:34;         472075;     156454011;          112;                  93942;                                     0,198998;       36533;              30704096;         31035;                24392795;                28989;                       23389078;            17807;                   11333228;                                     0,484552;                      11182;                             12055850;                                     0,515448;                420;                       325045;                                     0,013325;             1626;                     678672;                                     0,027823
       407;       545;         1;BR      ;30/10/2022 17:48:35;         472075;     156454011;          153;                  94095;                                     0,199322;       45292;              30749388;         37069;                24429864;                35182;                       23424260;            16892;                   11350120;                                     0,484546;                      18290;                             12074140;                                     0,515454;                558;                       325603;                                     0,013328;             1329;                     680001;                                     0,027835
       407;       545;         1;BR      ;30/10/2022 17:48:36;         472075;     156454011;          107;                  94202;                                     0,199549;       34229;              30783617;         26642;                24456506;                25374;                       23449634;            10761;                   11360881;                                     0,484480;                      14613;                             12088753;                                     0,515520;                389;                       325992;                                     0,013329;              879;                     680880;                                     0,027840
       407;       545;         1;BR      ;30/10/2022 17:48:37;         472075;     156454011;          144;                  94346;                                     0,199854;       42879;              30826496;         33719;                24490225;                32294;                       23481928;            12411;                   11373292;                                     0,484342;                      19883;                             12108636;                                     0,515658;                352;                       326344;                                     0,013325;             1073;                     681953;                                     0,027846
       407;       545;         1;BR      ;30/10/2022 17:49:00;         472075;     156454011;          136;                  94482;                                     0,200142;       41996;              30868492;         31957;                24522182;                30603;                       23512531;            19448;                   11392740;                                     0,484539;                      11155;                             12119791;                                     0,515461;                401;                       326745;                                     0,013324;              953;                     682906;                                     0,027849
       407;       545;         1;BR      ;30/10/2022 17:49:01;         472075;     156454011;          284;                  94766;                                     0,200744;       90119;              30958611;         70931;                24593113;                68185;                       23580716;            37172;                   11429912;                                     0,484714;                      31013;                             12150804;                                     0,515286;                962;                       327707;                                     0,013325;             1784;                     684690;                                     0,027841
       407;       545;         1;BR      ;30/10/2022 17:49:02;         472075;     156454011;          182;                  94948;                                     0,201129;       61500;              31020111;         47409;                24640522;                45413;                       23626129;            22182;                   11452094;                                     0,484722;                      23231;                             12174035;                                     0,515278;                634;                       328341;                                     0,013325;             1362;                     686052;                                     0,027842
       407;       545;         1;BR      ;30/10/2022 17:49:03;         472075;     156454011;          338;                  95286;                                     0,201845;      107573;              31127684;         85914;                24726436;                80588;                       23706717;            36251;                   11488345;                                     0,484603;                      44337;                             12218372;                                     0,515397;               1691;                       330032;                                     0,013347;             3635;                     689687;                                     0,027893
       407;       545;         1;BR      ;30/10/2022 17:49:04;         472075;     156454011;           34;                  95320;                                     0,201917;       11121;              31138805;          8888;                24735324;                 8454;                       23715171;             2891;                   11491236;                                     0,484552;                       5563;                             12223935;                                     0,515448;                167;                       330199;                                     0,013349;              267;                     689954;                                     0,027893
       407;       545;         1;BR      ;30/10/2022 17:49:05;         472075;     156454011;            7;                  95327;                                     0,201932;        2561;              31141366;          1840;                24737164;                 1724;                       23716895;              506;                   11491742;                                     0,484538;                       1218;                             12225153;                                     0,515462;                 39;                       330238;                                     0,013350;               77;                     690031;                                     0,027895
       407;       545;         1;BR      ;30/10/2022 17:49:06;         472075;     156454011;           39;                  95366;                                     0,202015;       11854;              31153220;          9613;                24746777;                 9138;                       23726033;             3320;                   11495062;                                     0,484492;                       5818;                             12230971;                                     0,515508;                172;                       330410;                                     0,013352;              303;                     690334;                                     0,027896
       407;       545;         1;BR      ;30/10/2022 17:49:07;         472075;     156454011;           50;                  95416;                                     0,202120;       14966;              31168186;         11347;                24758124;                10725;                       23736758;             4205;                   11499267;                                     0,484450;                       6520;                             12237491;                                     0,515550;                193;                       330603;                                     0,013353;              429;                     690763;                                     0,027900
       407;       545;         1;BR      ;30/10/2022 17:49:09;         472075;     156454011;          224;                  95640;                                     0,202595;       69914;              31238100;         57520;                24815644;                55355;                       23792113;            35160;                   11534427;                                     0,484800;                      20195;                             12257686;                                     0,515200;                749;                       331352;                                     0,013353;             1416;                     692179;                                     0,027893
       407;       545;         1;BR      ;30/10/2022 17:49:10;         472075;     156454011;          240;                  95880;                                     0,203103;       81528;              31319628;         65331;                24880975;                63103;                       23855216;            24621;                   11559048;                                     0,484550;                      38482;                             12296168;                                     0,515450;                745;                       332097;                                     0,013347;             1483;                     693662;                                     0,027879
       407;       545;         1;BR      ;30/10/2022 17:49:11;         472075;     156454011;           34;                  95914;                                     0,203175;       12084;              31331712;          9908;                24890883;                 9579;                       23864795;             5369;                   11564417;                                     0,484581;                       4210;                             12300378;                                     0,515419;                101;                       332198;                                     0,013346;              228;                     693890;                                     0,027877
       407;       545;         1;BR      ;30/10/2022 17:49:12;         472075;     156454011;            8;                  95922;                                     0,203192;        3134;              31334846;          2432;                24893315;                 2334;                       23867129;             1348;                   11565765;                                     0,484590;                        986;                             12301364;                                     0,515410;                 31;                       332229;                                     0,013346;               67;                     693957;                                     0,027877
       407;       545;         1;BR      ;30/10/2022 17:49:13;         472075;     156454011;           65;                  95987;                                     0,203330;       20567;              31355413;         16542;                24909857;                15988;                       23883117;             8176;                   11573941;                                     0,484608;                       7812;                             12309176;                                     0,515392;                174;                       332403;                                     0,013344;              380;                     694337;                                     0,027874
       407;       545;         1;BR      ;30/10/2022 17:49:14;         472075;     156454011;           52;                  96039;                                     0,203440;       16824;              31372237;         13877;                24923734;                13440;                       23896557;             6735;                   11580676;                                     0,484617;                       6705;                             12315881;                                     0,515383;                142;                       332545;                                     0,013343;              295;                     694632;                                     0,027870
       407;       545;         1;BR      ;30/10/2022 17:49:15;         472075;     156454011;          169;                  96208;                                     0,203798;       58836;              31431073;         48116;                24971850;                45183;                       23941740;            31057;                   11611733;                                     0,485000;                      14126;                             12330007;                                     0,515000;                668;                       333213;                                     0,013344;             2265;                     696897;                                     0,027907
       407;       545;         1;BR      ;30/10/2022 17:49:16;         472075;     156454011;           12;                  96220;                                     0,203824;        3283;              31434356;          2421;                24974271;                 2303;                       23944043;             1916;                   11613649;                                     0,485033;                        387;                             12330394;                                     0,514967;                 21;                       333234;                                     0,013343;               97;                     696994;                                     0,027908
       407;       545;         1;BR      ;30/10/2022 17:49:18;         472075;     156454011;           37;                  96257;                                     0,203902;       11806;              31446162;          9040;                24983311;                 8650;                       23952693;             6640;                   11620289;                                     0,485135;                       2010;                             12332404;                                     0,514865;                108;                       333342;                                     0,013343;              282;                     697276;                                     0,027910
       407;       545;         1;BR      ;30/10/2022 17:49:19;         472075;     156454011;           44;                  96301;                                     0,203995;       13167;              31459329;         10561;                24993872;                10151;                       23962844;             7806;                   11628095;                                     0,485255;                       2345;                             12334749;                                     0,514745;                106;                       333448;                                     0,013341;              304;                     697580;                                     0,027910
       407;       545;         1;BR      ;30/10/2022 17:49:20;         472075;     156454011;           86;                  96387;                                     0,204177;       26994;              31486323;         21887;                25015759;                21047;                       23983891;             6851;                   11634946;                                     0,485115;                      14196;                             12348945;                                     0,514885;                342;                       333790;                                     0,013343;              498;                     698078;                                     0,027906
       407;       545;         1;BR      ;30/10/2022 17:49:21;         472075;     156454011;          182;                  96569;                                     0,204563;       63518;              31549841;         51261;                25067020;                49467;                       24033358;            19704;                   11654650;                                     0,484936;                      29763;                             12378708;                                     0,515064;                748;                       334538;                                     0,013346;             1046;                     699124;                                     0,027890
       407;       545;         1;BR      ;30/10/2022 17:49:22;         472075;     156454011;          137;                  96706;                                     0,204853;       44078;              31593919;         35024;                25102044;                33341;                       24066699;            17577;                   11672227;                                     0,484995;                      15764;                             12394472;                                     0,515005;                479;                       335017;                                     0,013346;             1204;                     700328;                                     0,027899
       407;       545;         1;BR      ;30/10/2022 17:49:23;         472075;     156454011;          105;                  96811;                                     0,205075;       35694;              31629613;         29496;                25131540;                28019;                       24094718;            17967;                   11690194;                                     0,485177;                      10052;                             12404524;                                     0,514823;                368;                       335385;                                     0,013345;             1109;                     701437;                                     0,027911
       407;       545;         1;BR      ;30/10/2022 17:49:24;         472075;     156454011;           89;                  96900;                                     0,205264;       31368;              31660981;         24538;                25156078;                23770;                       24118488;             9689;                   11699883;                                     0,485100;                      14081;                             12418605;                                     0,514900;                242;                       335627;                                     0,013342;              526;                     701963;                                     0,027904
       407;       545;         1;BR      ;30/10/2022 17:49:25;         472075;     156454011;           74;                  96974;                                     0,205421;       24600;              31685581;         19358;                25175436;                18869;                       24137357;             8721;                   11708604;                                     0,485082;                      10148;                             12428753;                                     0,514918;                179;                       335806;                                     0,013339;              310;                     702273;                                     0,027895
       407;       545;         1;BR      ;30/10/2022 17:49:26;         472075;     156454011;            1;                  96975;                                     0,205423;         246;              31685827;           114;                25175550;                  111;                       24137468;               81;                   11708685;                                     0,485083;                         30;                             12428783;                                     0,514917;                  0;                       335806;                                     0,013339;                3;                     702276;                                     0,027895
       407;       545;         1;BR      ;30/10/2022 17:49:27;         472075;     156454011;           13;                  96988;                                     0,205450;        4133;              31689960;          2958;                25178508;                 2880;                       24140348;             1271;                   11709956;                                     0,485078;                       1609;                             12430392;                                     0,514922;                 29;                       335835;                                     0,013338;               49;                     702325;                                     0,027894
       407;       545;         1;BR      ;30/10/2022 17:49:28;         472075;     156454011;           79;                  97067;                                     0,205618;       27555;              31717515;         20741;                25199249;                20217;                       24160565;             8924;                   11718880;                                     0,485042;                      11293;                             12441685;                                     0,514958;                197;                       336032;                                     0,013335;              327;                     702652;                                     0,027884
       407;       545;         1;BR      ;30/10/2022 17:49:29;         472075;     156454011;           86;                  97153;                                     0,205800;       28234;              31745749;         21574;                25220823;                20910;                       24181475;            11503;                   11730383;                                     0,485098;                       9407;                             12451092;                                     0,514902;                226;                       336258;                                     0,013333;              438;                     703090;                                     0,027877
       407;       545;         1;BR      ;30/10/2022 17:49:30;         472075;     156454011;          105;                  97258;                                     0,206022;       35325;              31781074;         26976;                25247799;                25717;                       24207192;            14440;                   11744823;                                     0,485179;                      11277;                             12462369;                                     0,514821;                272;                       336530;                                     0,013329;              987;                     704077;                                     0,027887
       407;       545;         1;BR      ;30/10/2022 17:49:31;         472075;     156454011;          165;                  97423;                                     0,206372;       52133;              31833207;         40541;                25288340;                38909;                       24246101;            18305;                   11763128;                                     0,485155;                      20604;                             12482973;                                     0,514845;                594;                       337124;                                     0,013331;             1038;                     705115;                                     0,027883
       407;       545;         1;BR      ;30/10/2022 17:49:32;         472075;     156454011;           33;                  97456;                                     0,206442;       10887;              31844094;          8864;                25297204;                 8515;                       24254616;             3315;                   11766443;                                     0,485122;                       5200;                             12488173;                                     0,514878;                127;                       337251;                                     0,013332;              222;                     705337;                                     0,027882
       407;       545;         1;BR      ;30/10/2022 17:49:33;         472075;     156454011;           43;                  97499;                                     0,206533;       11163;              31855257;          9175;                25306379;                 8796;                       24263412;             4317;                   11770760;                                     0,485124;                       4479;                             12492652;                                     0,514876;                156;                       337407;                                     0,013333;              223;                     705560;                                     0,027881
       407;       545;         1;BR      ;30/10/2022 17:49:34;         472075;     156454011;           55;                  97554;                                     0,206649;       17542;              31872799;         14285;                25320664;                13612;                       24277024;             5701;                   11776461;                                     0,485087;                       7911;                             12500563;                                     0,514913;                265;                       337672;                                     0,013336;              408;                     705968;                                     0,027881
       407;       545;         1;BR      ;30/10/2022 17:49:35;         472075;     156454011;           29;                  97583;                                     0,206711;        7581;              31880380;          6241;                25326905;                 5971;                       24282995;             2442;                   11778903;                                     0,485068;                       3529;                             12504092;                                     0,514932;                119;                       337791;                                     0,013337;              151;                     706119;                                     0,027880
       407;       545;         1;BR      ;30/10/2022 17:49:36;         472075;     156454011;          115;                  97698;                                     0,206954;       38018;              31918398;         31943;                25358848;                29721;                       24312716;            19362;                   11798265;                                     0,485271;                      10359;                             12514451;                                     0,514729;                476;                       338267;                                     0,013339;             1746;                     707865;                                     0,027914
       407;       545;         1;BR      ;30/10/2022 17:49:37;         472075;     156454011;          225;                  97923;                                     0,207431;       71181;              31989579;         56228;                25415076;                53533;                       24366249;            24381;                   11822646;                                     0,485206;                      29152;                             12543603;                                     0,514794;                882;                       339149;                                     0,013344;             1813;                     709678;                                     0,027924
       407;       545;         1;BR      ;30/10/2022 17:49:38;         472075;     156454011;           48;                  97971;                                     0,207533;       13701;              32003280;         10475;                25425551;                 9990;                       24376239;             4141;                   11826787;                                     0,485177;                       5849;                             12549452;                                     0,514823;                117;                       339266;                                     0,013344;              368;                     710046;                                     0,027926
       407;       545;         1;BR      ;30/10/2022 17:49:39;         472075;     156454011;           81;                  98052;                                     0,207704;       25023;              32028303;         19679;                25445230;                18662;                       24394901;             9015;                   11835802;                                     0,485175;                       9647;                             12559099;                                     0,514825;                229;                       339495;                                     0,013342;              788;                     710834;                                     0,027936
       407;       545;         1;BR      ;30/10/2022 17:49:43;         472075;     156454011;           10;                  98062;                                     0,207725;        3362;              32031665;          2544;                25447774;                 2413;                       24397314;             1145;                   11836947;                                     0,485174;                       1268;                             12560367;                                     0,514826;                 18;                       339513;                                     0,013342;              113;                     710947;                                     0,027937
       407;       545;         1;BR      ;30/10/2022 17:50:05;         472075;     156454011;          225;                  98287;                                     0,208202;       71454;              32103119;         57480;                25505254;                55407;                       24452721;            30214;                   11867161;                                     0,485310;                      25193;                             12585560;                                     0,514690;                679;                       340192;                                     0,013338;             1394;                     712341;                                     0,027929
       407;       545;         1;BR      ;30/10/2022 17:50:06;         472075;     156454011;          177;                  98464;                                     0,208577;       54969;              32158088;         43012;                25548266;                41464;                       24494185;            21743;                   11888904;                                     0,485377;                      19721;                             12605281;                                     0,514623;                540;                       340732;                                     0,013337;             1008;                     713349;                                     0,027922
       407;       545;         1;BR      ;30/10/2022 17:50:07;         472075;     156454011;          212;                  98676;                                     0,209026;       72190;              32230278;         56349;                25604615;                54177;                       24548362;            26019;                   11914923;                                     0,485365;                      28158;                             12633439;                                     0,514635;                718;                       341450;                                     0,013335;             1454;                     714803;                                     0,027917
       407;       545;         1;BR      ;30/10/2022 17:50:08;         472075;     156454011;          322;                  98998;                                     0,209708;      107634;              32337912;         85058;                25689673;                79784;                       24628146;            35186;                   11950109;                                     0,485222;                      44598;                             12678037;                                     0,514778;               1705;                       343155;                                     0,013358;             3569;                     718372;                                     0,027963
       407;       545;         1;BR      ;30/10/2022 17:50:09;         472075;     156454011;           45;                  99043;                                     0,209804;       16031;              32353943;         12988;                25702661;                12198;                       24640344;             6108;                   11956217;                                     0,485229;                       6090;                             12684127;                                     0,514771;                237;                       343392;                                     0,013360;              553;                     718925;                                     0,027971
       407;       545;         1;BR      ;30/10/2022 17:50:10;         472075;     156454011;           46;                  99089;                                     0,209901;       15729;              32369672;         12433;                25715094;                11797;                       24652141;             4393;                   11960610;                                     0,485175;                       7404;                             12691531;                                     0,514825;                227;                       343619;                                     0,013363;              409;                     719334;                                     0,027973
       407;       545;         1;BR      ;30/10/2022 17:50:11;         472075;     156454011;          102;                  99191;                                     0,210117;       32759;              32402431;         26233;                25741327;                24876;                       24677017;             8558;                   11969168;                                     0,485033;                      16318;                             12707849;                                     0,514967;                471;                       344090;                                     0,013367;              886;                     720220;                                     0,027979
       407;       545;         1;BR      ;30/10/2022 17:50:12;         472075;     156454011;          108;                  99299;                                     0,210346;       35105;              32437536;         27262;                25768589;                25856;                       24702873;            10476;                   11979644;                                     0,484949;                      15380;                             12723229;                                     0,515051;                515;                       344605;                                     0,013373;              891;                     721111;                                     0,027984
       407;       545;         1;BR      ;30/10/2022 17:50:14;         472075;     156454011;          140;                  99439;                                     0,210642;       48144;              32485680;         38733;                25807322;                37518;                       24740391;            16865;                   11996509;                                     0,484896;                      20653;                             12743882;                                     0,515104;                364;                       344969;                                     0,013367;              851;                     721962;                                     0,027975
       407;       545;         1;BR      ;30/10/2022 17:50:15;         472075;     156454011;           60;                  99499;                                     0,210769;       19539;              32505219;         16034;                25823356;                15491;                       24755882;             5673;                   12002182;                                     0,484821;                       9818;                             12753700;                                     0,515179;                196;                       345165;                                     0,013366;              347;                     722309;                                     0,027971
       407;       545;         1;BR      ;30/10/2022 17:50:16;         472075;     156454011;           27;                  99526;                                     0,210827;        8169;              32513388;          6660;                25830016;                 6462;                       24762344;             3201;                   12005383;                                     0,484824;                       3261;                             12756961;                                     0,515176;                 65;                       345230;                                     0,013365;              133;                     722442;                                     0,027969
       407;       545;         1;BR      ;30/10/2022 17:50:17;         472075;     156454011;          103;                  99629;                                     0,211045;       33650;              32547038;         26952;                25856968;                25857;                       24788201;            18163;                   12023546;                                     0,485051;                       7694;                             12764655;                                     0,514949;                292;                       345522;                                     0,013363;              803;                     723245;                                     0,027971
       407;       545;         1;BR      ;30/10/2022 17:50:18;         472075;     156454011;          128;                  99757;                                     0,211316;       45653;              32592691;         37030;                25893998;                34675;                       24822876;            24348;                   12047894;                                     0,485354;                      10327;                             12774982;                                     0,514646;                583;                       346105;                                     0,013366;             1772;                     725017;                                     0,027999
       407;       545;         1;BR      ;30/10/2022 17:50:19;         472075;     156454011;           21;                  99778;                                     0,211360;        5927;              32598618;          4590;                25898588;                 4336;                       24827212;             3234;                   12051128;                                     0,485400;                       1102;                             12776084;                                     0,514600;                 66;                       346171;                                     0,013366;              188;                     725205;                                     0,028002
       407;       545;         1;BR      ;30/10/2022 17:50:20;         472075;     156454011;           48;                  99826;                                     0,211462;       15305;              32613923;         11816;                25910404;                11320;                       24838532;             8396;                   12059524;                                     0,485517;                       2924;                             12779008;                                     0,514483;                127;                       346298;                                     0,013365;              369;                     725574;                                     0,028003
       407;       545;         1;BR      ;30/10/2022 17:50:21;         472075;     156454011;          160;                  99986;                                     0,211801;       53359;              32667282;         43630;                25954034;                42092;                       24880624;            14669;                   12074193;                                     0,485285;                      27423;                             12806431;                                     0,514715;                641;                       346939;                                     0,013367;              897;                     726471;                                     0,027991
       407;       545;         1;BR      ;30/10/2022 17:50:22;         472075;     156454011;           36;                 100022;                                     0,211877;       12213;              32679495;         10029;                25964063;                 9720;                       24890344;             3745;                   12077938;                                     0,485246;                       5975;                             12812406;                                     0,514754;                113;                       347052;                                     0,013367;              196;                     726667;                                     0,027987
       407;       545;         1;BR      ;30/10/2022 17:50:24;         472075;     156454011;            2;                 100024;                                     0,211882;         742;              32680237;           590;                25964653;                  566;                       24890910;              202;                   12078140;                                     0,485243;                        364;                             12812770;                                     0,514757;                  9;                       347061;                                     0,013367;               15;                     726682;                                     0,027987
       407;       545;         1;BR      ;30/10/2022 17:50:25;         472075;     156454011;           12;                 100036;                                     0,211907;        4160;              32684397;          3409;                25968062;                 3280;                       24894190;              940;                   12079080;                                     0,485217;                       2340;                             12815110;                                     0,514783;                 50;                       347111;                                     0,013367;               79;                     726761;                                     0,027987
       407;       545;         1;BR      ;30/10/2022 17:50:26;         472075;     156454011;           47;                 100083;                                     0,212007;       15266;              32699663;         12490;                25980552;                12184;                       24906374;             5994;                   12085074;                                     0,485220;                       6190;                             12821300;                                     0,514780;                111;                       347222;                                     0,013365;              195;                     726956;                                     0,027981
       407;       545;         1;BR      ;30/10/2022 17:50:27;         472075;     156454011;           90;                 100173;                                     0,212197;       28236;              32727899;         22936;                26003488;                22046;                       24928420;            11501;                   12096575;                                     0,485252;                      10545;                             12831845;                                     0,514748;                263;                       347485;                                     0,013363;              627;                     727583;                                     0,027980
       407;       545;         1;BR      ;30/10/2022 17:50:28;         472075;     156454011;          132;                 100305;                                     0,212477;       43916;              32771815;         36148;                26039636;                34461;                       24962881;            19249;                   12115824;                                     0,485354;                      15212;                             12847057;                                     0,514646;                423;                       347908;                                     0,013361;             1264;                     728847;                                     0,027990
       407;       545;         1;BR      ;30/10/2022 17:50:29;         472075;     156454011;          133;                 100438;                                     0,212759;       42813;              32814628;         33566;                26073202;                32027;                       24994908;            16491;                   12132315;                                     0,485391;                      15536;                             12862593;                                     0,514609;                413;                       348321;                                     0,013359;             1126;                     729973;                                     0,027997
       407;       545;         1;BR      ;30/10/2022 17:50:30;         472075;     156454011;           83;                 100521;                                     0,212934;       28532;              32843160;         22233;                26095435;                21687;                       25016595;             7867;                   12140182;                                     0,485285;                      13820;                             12876413;                                     0,514715;                192;                       348513;                                     0,013355;              354;                     730327;                                     0,027987
       407;       545;         1;BR      ;30/10/2022 17:50:31;         472075;     156454011;           10;                 100531;                                     0,212956;        3688;              32846848;          2700;                26098135;                 2647;                       25019242;             1265;                   12141447;                                     0,485284;                       1382;                             12877795;                                     0,514716;                 18;                       348531;                                     0,013355;               35;                     730362;                                     0,027985
       407;       545;         1;BR      ;30/10/2022 17:50:32;         472075;     156454011;           77;                 100608;                                     0,213119;       26550;              32873398;         20496;                26118631;                20010;                       25039252;            10597;                   12152044;                                     0,485320;                       9413;                             12887208;                                     0,514680;                169;                       348700;                                     0,013351;              317;                     730679;                                     0,027975
       407;       545;         1;BR      ;30/10/2022 17:50:33;         472075;     156454011;           59;                 100667;                                     0,213244;       22470;              32895868;         17580;                26136211;                17088;                       25056340;             9121;                   12161165;                                     0,485353;                       7967;                             12895175;                                     0,514647;                202;                       348902;                                     0,013349;              290;                     730969;                                     0,027968
       407;       545;         1;BR      ;30/10/2022 17:50:34;         472075;     156454011;           23;                 100690;                                     0,213292;        6909;              32902777;          5484;                26141695;                 5366;                       25061706;             3596;                   12164761;                                     0,485392;                       1770;                             12896945;                                     0,514608;                 45;                       348947;                                     0,013348;               73;                     731042;                                     0,027965
       407;       545;         1;BR      ;30/10/2022 17:50:35;         472075;     156454011;           24;                 100714;                                     0,213343;        7035;              32909812;          5241;                26146936;                 5110;                       25066816;             2125;                   12166886;                                     0,485378;                       2985;                             12899930;                                     0,514622;                 49;                       348996;                                     0,013347;               82;                     731124;                                     0,027962
       407;       545;         1;BR      ;30/10/2022 17:50:36;         472075;     156454011;           67;                 100781;                                     0,213485;       19181;              32928993;         14364;                26161300;                13922;                       25080738;             7275;                   12174161;                                     0,485399;                       6647;                             12906577;                                     0,514601;                104;                       349100;                                     0,013344;              338;                     731462;                                     0,027960
       407;       545;         1;BR      ;30/10/2022 17:50:37;         472075;     156454011;          161;                 100942;                                     0,213826;       56234;              32985227;         44475;                26205775;                42343;                       25123081;            19377;                   12193538;                                     0,485352;                      22966;                             12929543;                                     0,514648;                695;                       349795;                                     0,013348;             1437;                     732899;                                     0,027967
       407;       545;         1;BR      ;30/10/2022 17:50:38;         472075;     156454011;           20;                 100962;                                     0,213869;        6180;              32991407;          5057;                26210832;                 4784;                       25127865;             1634;                   12195172;                                     0,485325;                       3150;                             12932693;                                     0,514675;                 87;                       349882;                                     0,013349;              186;                     733085;                                     0,027969
       407;       545;         1;BR      ;30/10/2022 17:50:39;         472075;     156454011;            2;                 100964;                                     0,213873;         684;              32992091;           569;                26211401;                  551;                       25128416;              161;                   12195333;                                     0,485320;                        390;                             12933083;                                     0,514680;                  8;                       349890;                                     0,013349;               10;                     733095;                                     0,027969
       407;       545;         1;BR      ;30/10/2022 17:50:40;         472075;     156454011;           52;                 101016;                                     0,213983;       17094;              33009185;         13859;                26225260;                13184;                       25141600;             5752;                   12201085;                                     0,485295;                       7432;                             12940515;                                     0,514705;                276;                       350166;                                     0,013352;              399;                     733494;                                     0,027969
       407;       545;         1;BR      ;30/10/2022 17:50:41;         472075;     156454011;           88;                 101104;                                     0,214169;       24900;              33034085;         20514;                26245774;                19718;                       25161318;             8514;                   12209599;                                     0,485253;                      11204;                             12951719;                                     0,514747;                307;                       350473;                                     0,013354;              489;                     733983;                                     0,027966
       407;       545;         1;BR      ;30/10/2022 17:50:42;         472075;     156454011;          178;                 101282;                                     0,214546;       60230;              33094315;         48761;                26294535;                46096;                       25207414;            24262;                   12233861;                                     0,485328;                      21834;                             12973553;                                     0,514672;                797;                       351270;                                     0,013359;             1868;                     735851;                                     0,027985
       407;       545;         1;BR      ;30/10/2022 17:50:43;         472075;     156454011;          107;                 101389;                                     0,214773;       32256;              33126571;         25781;                26320316;                24405;                       25231819;            11456;                   12245317;                                     0,485312;                      12949;                             12986502;                                     0,514688;                428;                       351698;                                     0,013362;              948;                     736799;                                     0,027994
       407;       545;         1;BR      ;30/10/2022 17:50:44;         472075;     156454011;           83;                 101472;                                     0,214949;       25853;              33152424;         20142;                26340458;                19236;                       25251055;             7065;                   12252382;                                     0,485223;                      12171;                             12998673;                                     0,514777;                260;                       351958;                                     0,013362;              646;                     737445;                                     0,027997
       407;       545;         1;BR      ;30/10/2022 17:50:45;         472075;     156454011;            6;                 101478;                                     0,214962;        1793;              33154217;          1318;                26341776;                 1273;                       25252328;              576;                   12252958;                                     0,485221;                        697;                             12999370;                                     0,514779;                  7;                       351965;                                     0,013361;               38;                     737483;                                     0,027997
       407;       545;         1;BR      ;30/10/2022 17:50:47;         472075;     156454011;           21;                 101499;                                     0,215006;        6279;              33160496;          4707;                26346483;                 4444;                       25256772;             2022;                   12254980;                                     0,485216;                       2422;                             13001792;                                     0,514784;                 77;                       352042;                                     0,013362;              186;                     737669;                                     0,027999
       407;       545;         1;BR      ;30/10/2022 17:51:09;         472075;     156454011;           31;                 101530;                                     0,215072;        9784;              33170280;          7063;                26353546;                 6733;                       25263505;             3738;                   12258718;                                     0,485234;                       2995;                             13004787;                                     0,514766;                 72;                       352114;                                     0,013361;              258;                     737927;                                     0,028001
       407;       545;         1;BR      ;30/10/2022 17:51:10;         472075;     156454011;          101;                 101631;                                     0,215286;       35201;              33205481;         27874;                26381420;                26597;                       25290102;            12157;                   12270875;                                     0,485205;                      14440;                             13019227;                                     0,514795;                341;                       352455;                                     0,013360;              936;                     738863;                                     0,028007
       407;       545;         1;BR      ;30/10/2022 17:51:11;         472075;     156454011;          305;                 101936;                                     0,215932;      100349;              33305830;         77833;                26459253;                74765;                       25364867;            37492;                   12308367;                                     0,485253;                      37273;                             13056500;                                     0,514747;                995;                       353450;                                     0,013358;             2073;                     740936;                                     0,028003
       407;       545;         1;BR      ;30/10/2022 17:51:12;         472075;     156454011;          250;                 102186;                                     0,216461;       83206;              33389036;         64451;                26523704;                61822;                       25426689;            34266;                   12342633;                                     0,485420;                      27556;                             13084056;                                     0,514580;                886;                       354336;                                     0,013359;             1743;                     742679;                                     0,028001
       407;       545;         1;BR      ;30/10/2022 17:51:13;         472075;     156454011;          359;                 102545;                                     0,217222;      122975;              33512011;         98866;                26622570;                92758;                       25519447;            44707;                   12387340;                                     0,485408;                      48051;                             13132107;                                     0,514592;               1979;                       356315;                                     0,013384;             4129;                     746808;                                     0,028052
       407;       545;         1;BR      ;30/10/2022 17:51:14;         472075;     156454011;          131;                 102676;                                     0,217499;       43420;              33555431;         34937;                26657507;                33084;                       25552531;            15723;                   12403063;                                     0,485395;                      17361;                             13149468;                                     0,514605;                589;                       356904;                                     0,013388;             1264;                     748072;                                     0,028062
       407;       545;         1;BR      ;30/10/2022 17:51:15;         472075;     156454011;           42;                 102718;                                     0,217588;       13831;              33569262;         10831;                26668338;                10288;                       25562819;             3902;                   12406965;                                     0,485352;                       6386;                             13155854;                                     0,514648;                175;                       357079;                                     0,013390;              368;                     748440;                                     0,028065
       407;       545;         1;BR      ;30/10/2022 17:51:16;         472075;     156454011;           44;                 102762;                                     0,217682;       15535;              33584797;         12074;                26680412;                11372;                       25574191;             4101;                   12411066;                                     0,485297;                       7271;                             13163125;                                     0,514703;                258;                       357337;                                     0,013393;              444;                     748884;                                     0,028069
       407;       545;         1;BR      ;30/10/2022 17:51:17;         472075;     156454011;          177;                 102939;                                     0,218056;       60162;              33644959;         47461;                26727873;                44831;                       25619022;            18777;                   12429843;                                     0,485180;                      26054;                             13189179;                                     0,514820;                882;                       358219;                                     0,013402;             1748;                     750632;                                     0,028084
       407;       545;         1;BR      ;30/10/2022 17:51:18;         472075;     156454011;            7;                 102946;                                     0,218071;        2151;              33647110;          1619;                26729492;                 1517;                       25620539;              624;                   12430467;                                     0,485176;                        893;                             13190072;                                     0,514824;                 27;                       358246;                                     0,013403;               75;                     750707;                                     0,028085
       407;       545;         1;BR      ;30/10/2022 17:51:21;         472075;     156454011;           52;                 102998;                                     0,218181;       14861;              33661971;         11855;                26741347;                11538;                       25632077;             4892;                   12435359;                                     0,485148;                       6646;                             13196718;                                     0,514852;                113;                       358359;                                     0,013401;              204;                     750911;                                     0,028081
       407;       545;         1;BR      ;30/10/2022 17:51:22;         472075;     156454011;           74;                 103072;                                     0,218338;       27100;              33689071;         22067;                26763414;                21254;                       25653331;            10086;                   12445445;                                     0,485140;                      11168;                             13207886;                                     0,514860;                248;                       358607;                                     0,013399;              565;                     751476;                                     0,028078
       407;       545;         1;BR      ;30/10/2022 17:51:23;         472075;     156454011;           88;                 103160;                                     0,218525;       29561;              33718632;         23509;                26786923;                22722;                       25676053;            12643;                   12458088;                                     0,485203;                      10079;                             13217965;                                     0,514797;                246;                       358853;                                     0,013397;              541;                     752017;                                     0,028074
       407;       545;         1;BR      ;30/10/2022 17:51:24;         472075;     156454011;           33;                 103193;                                     0,218595;       11096;              33729728;          9207;                26796130;                 8922;                       25684975;             2527;                   12460615;                                     0,485132;                       6395;                             13224360;                                     0,514868;                115;                       358968;                                     0,013396;              170;                     752187;                                     0,028071
       407;       545;         1;BR      ;30/10/2022 17:51:25;         472075;     156454011;           35;                 103228;                                     0,218669;       10584;              33740312;          8666;                26804796;                 8393;                       25693368;             3373;                   12463988;                                     0,485105;                       5020;                             13229380;                                     0,514895;                 97;                       359065;                                     0,013396;              176;                     752363;                                     0,028068
       407;       545;         1;BR      ;30/10/2022 17:51:26;         472075;     156454011;          149;                 103377;                                     0,218984;       52711;              33793023;         43341;                26848137;                40874;                       25734242;            29027;                   12493015;                                     0,485463;                      11847;                             13241227;                                     0,514537;                583;                       359648;                                     0,013396;             1884;                     754247;                                     0,028093
       407;       545;         1;BR      ;30/10/2022 17:51:27;         472075;     156454011;           41;                 103418;                                     0,219071;       11592;              33804615;          8929;                26857066;                 8488;                       25742730;             6303;                   12499318;                                     0,485547;                       2185;                             13243412;                                     0,514453;                 96;                       359744;                                     0,013395;              345;                     754592;                                     0,028097
       407;       545;         1;BR      ;30/10/2022 17:51:28;         472075;     156454011;          145;                 103563;                                     0,219378;       46753;              33851368;         36296;                26893362;                34254;                       25776984;            24656;                   12523974;                                     0,485859;                       9598;                             13253010;                                     0,514141;                490;                       360234;                                     0,013395;             1552;                     756144;                                     0,028116
       407;       545;         1;BR      ;30/10/2022 17:51:29;         472075;     156454011;           15;                 103578;                                     0,219410;        4262;              33855630;          3333;                26896695;                 3225;                       25780209;             2612;                   12526586;                                     0,485899;                        613;                             13253623;                                     0,514101;                 18;                       360252;                                     0,013394;               90;                     756234;                                     0,028116
       407;       545;         1;BR      ;30/10/2022 17:51:30;         472075;     156454011;          166;                 103744;                                     0,219762;       56509;              33912139;         46048;                26942743;                44575;                       25824784;            16447;                   12543033;                                     0,485697;                      28128;                             13281751;                                     0,514303;                602;                       360854;                                     0,013393;              871;                     757105;                                     0,028101
       407;       545;         1;BR      ;30/10/2022 17:51:31;         472075;     156454011;           88;                 103832;                                     0,219948;       29877;              33942016;         24183;                26966926;                23236;                       25848020;             9212;                   12552245;                                     0,485617;                      14024;                             13295775;                                     0,514383;                354;                       361208;                                     0,013394;              593;                     757698;                                     0,028097
       407;       545;         1;BR      ;30/10/2022 17:51:32;         472075;     156454011;           48;                 103880;                                     0,220050;       14560;              33956576;         11838;                26978764;                11493;                       25859513;             5244;                   12557489;                                     0,485604;                       6249;                             13302024;                                     0,514396;                170;                       361378;                                     0,013395;              175;                     757873;                                     0,028091
       407;       545;         1;BR      ;30/10/2022 17:51:33;         472075;     156454011;           84;                 103964;                                     0,220228;       26471;              33983047;         20935;                26999699;                20174;                       25879687;            10232;                   12567721;                                     0,485621;                       9942;                             13311966;                                     0,514379;                254;                       361632;                                     0,013394;              507;                     758380;                                     0,028088
       407;       545;         1;BR      ;30/10/2022 17:51:34;         472075;     156454011;           90;                 104054;                                     0,220418;       30468;              34013515;         24919;                27024618;                23700;                       25903387;            14598;                   12582319;                                     0,485740;                       9102;                             13321068;                                     0,514260;                285;                       361917;                                     0,013392;              934;                     759314;                                     0,028097
       407;       545;         1;BR      ;30/10/2022 17:51:35;         472075;     156454011;           62;                 104116;                                     0,220550;       19658;              34033173;         15504;                27040122;                14953;                       25918340;             7085;                   12589404;                                     0,485733;                       7868;                             13328936;                                     0,514267;                147;                       362064;                                     0,013390;              404;                     759718;                                     0,028096
       407;       545;         1;BR      ;30/10/2022 17:51:36;         472075;     156454011;           80;                 104196;                                     0,220719;       22699;              34055872;         18046;                27058168;                17177;                       25935517;            10068;                   12599472;                                     0,485800;                       7109;                             13336045;                                     0,514200;                256;                       362320;                                     0,013390;              613;                     760331;                                     0,028100
       407;       545;         1;BR      ;30/10/2022 17:51:37;         472075;     156454011;           14;                 104210;                                     0,220749;        3490;              34059362;          2733;                27060901;                 2652;                       25938169;             1387;                   12600859;                                     0,485804;                       1265;                             13337310;                                     0,514196;                 30;                       362350;                                     0,013390;               51;                     760382;                                     0,028099
       407;       545;         1;BR      ;30/10/2022 17:51:38;         472075;     156454011;           46;                 104256;                                     0,220846;       13911;              34073273;         10294;                27071195;                10031;                       25948200;             4267;                   12605126;                                     0,485780;                       5764;                             13343074;                                     0,514220;                102;                       362452;                                     0,013389;              161;                     760543;                                     0,028094
       407;       545;         1;BR      ;30/10/2022 17:51:39;         472075;     156454011;           64;                 104320;                                     0,220982;       20752;              34094025;         15616;                27086811;                15261;                       25963461;             6686;                   12611812;                                     0,485752;                       8575;                             13351649;                                     0,514248;                131;                       362583;                                     0,013386;              224;                     760767;                                     0,028086
       407;       545;         1;BR      ;30/10/2022 17:51:40;         472075;     156454011;          163;                 104483;                                     0,221327;       54662;              34148687;         42255;                27129066;                41144;                       26004605;            20586;                   12632398;                                     0,485775;                      20558;                             13372207;                                     0,514225;                406;                       362989;                                     0,013380;              705;                     761472;                                     0,028068
       407;       545;         1;BR      ;30/10/2022 17:51:41;         472075;     156454011;           65;                 104548;                                     0,221465;       18926;              34167613;         15251;                27144317;                14621;                       26019226;             7049;                   12639447;                                     0,485773;                       7572;                             13379779;                                     0,514227;                237;                       363226;                                     0,013381;              393;                     761865;                                     0,028067
       407;       545;         1;BR      ;30/10/2022 17:51:42;         472075;     156454011;           40;                 104588;                                     0,221550;       13960;              34181573;         10853;                27155170;                10269;                       26029495;             6106;                   12645553;                                     0,485816;                       4163;                             13383942;                                     0,514184;                183;                       363409;                                     0,013383;              401;                     762266;                                     0,028071
       407;       545;         1;BR      ;30/10/2022 17:51:43;         472075;     156454011;           84;                 104672;                                     0,221727;       23345;              34204918;         18524;                27173694;                17844;                       26047339;             8061;                   12653614;                                     0,485793;                       9783;                             13393725;                                     0,514207;                244;                       363653;                                     0,013383;              436;                     762702;                                     0,028068
       407;       545;         1;BR      ;30/10/2022 17:51:44;         472075;     156454011;          155;                 104827;                                     0,222056;       49458;              34254376;         40133;                27213827;                38256;                       26085595;            16321;                   12669935;                                     0,485706;                      21935;                             13415660;                                     0,514294;                759;                       364412;                                     0,013391;             1118;                     763820;                                     0,028067
       407;       545;         1;BR      ;30/10/2022 17:51:47;         472075;     156454011;           59;                 104886;                                     0,222181;       16713;              34271089;         13367;                27227194;                12824;                       26098419;             5215;                   12675150;                                     0,485667;                       7609;                             13423269;                                     0,514333;                252;                       364664;                                     0,013393;              291;                     764111;                                     0,028064
       407;       545;         1;BR      ;30/10/2022 17:51:48;         472075;     156454011;          157;                 105043;                                     0,222513;       48187;              34319276;         39162;                27266356;                36807;                       26135226;            23439;                   12698589;                                     0,485880;                      13368;                             13436637;                                     0,514120;                553;                       365217;                                     0,013394;             1802;                     765913;                                     0,028090
       407;       545;         1;BR      ;30/10/2022 17:51:49;         472075;     156454011;          154;                 105197;                                     0,222840;       47438;              34366714;         38289;                27304645;                36587;                       26171813;            15364;                   12713953;                                     0,485788;                      21223;                             13457860;                                     0,514212;                584;                       365801;                                     0,013397;             1118;                     767031;                                     0,028092
       407;       545;         1;BR      ;30/10/2022 17:51:50;         472075;     156454011;           66;                 105263;                                     0,222979;       19586;              34386300;         15430;                27320075;                14733;                       26186546;             5551;                   12719504;                                     0,485727;                       9182;                             13467042;                                     0,514273;                198;                       365999;                                     0,013397;              499;                     767530;                                     0,028094
       407;       545;         1;BR      ;30/10/2022 17:51:51;         472075;     156454011;            8;                 105271;                                     0,222996;        1937;              34388237;          1485;                27321560;                 1402;                       26187948;              833;                   12720337;                                     0,485732;                        569;                             13467611;                                     0,514268;                 10;                       366009;                                     0,013396;               73;                     767603;                                     0,028095
       407;       545;         1;BR      ;30/10/2022 17:51:53;         472075;     156454011;            6;                 105277;                                     0,223009;        1644;              34389881;          1275;                27322835;                 1215;                       26189163;              439;                   12720776;                                     0,485727;                        776;                             13468387;                                     0,514273;                 10;                       366019;                                     0,013396;               50;                     767653;                                     0,028096
       407;       545;         1;BR      ;30/10/2022 17:51:56;         472075;     156454011;            3;                 105280;                                     0,223015;         751;              34390632;           610;                27323445;                  570;                       26189733;              558;                   12721334;                                     0,485737;                         12;                             13468399;                                     0,514263;                  5;                       366024;                                     0,013396;               35;                     767688;                                     0,028096
       407;       545;         1;BR      ;30/10/2022 17:52:14;         472075;     156454011;          268;                 105548;                                     0,223583;       80747;              34471379;         64644;                27388089;                62619;                       26252352;            40631;                   12761965;                                     0,486127;                      21988;                             13490387;                                     0,513873;                693;                       366717;                                     0,013390;             1332;                     769020;                                     0,028079
       407;       545;         1;BR      ;30/10/2022 17:52:15;         472075;     156454011;          281;                 105829;                                     0,224178;       96640;              34568019;         76545;                27464634;                73510;                       26325862;            33613;                   12795578;                                     0,486046;                      39897;                             13530284;                                     0,513954;               1069;                       367786;                                     0,013391;             1966;                     770986;                                     0,028072
       407;       545;         1;BR      ;30/10/2022 17:52:16;         472075;     156454011;          171;                 106000;                                     0,224541;       51910;              34619929;         38797;                27503431;                37099;                       26362961;            19391;                   12814969;                                     0,486097;                      17708;                             13547992;                                     0,513903;                546;                       368332;                                     0,013392;             1152;                     772138;                                     0,028074
       407;       545;         1;BR      ;30/10/2022 17:52:17;         472075;     156454011;          234;                 106234;                                     0,225036;       77422;              34697351;         61741;                27565172;                57682;                       26420643;            27249;                   12842218;                                     0,486068;                      30433;                             13578425;                                     0,513932;               1204;                       369536;                                     0,013406;             2855;                     774993;                                     0,028115
       407;       545;         1;BR      ;30/10/2022 17:52:18;         472075;     156454011;           16;                 106250;                                     0,225070;        5143;              34702494;          4048;                27569220;                 3826;                       26424469;             1533;                   12843751;                                     0,486055;                       2293;                             13580718;                                     0,513945;                 65;                       369601;                                     0,013406;              157;                     775150;                                     0,028117
       407;       545;         1;BR      ;30/10/2022 17:52:19;         472075;     156454011;           30;                 106280;                                     0,225134;        9725;              34712219;          7764;                27576984;                 7369;                       26431838;             3178;                   12846929;                                     0,486040;                       4191;                             13584909;                                     0,513960;                143;                       369744;                                     0,013408;              252;                     775402;                                     0,028118
       407;       545;         1;BR      ;30/10/2022 17:52:20;         472075;     156454011;           86;                 106366;                                     0,225316;       26090;              34738309;         20036;                27597020;                18926;                       26450764;             7394;                   12854323;                                     0,485972;                      11532;                             13596441;                                     0,514028;                345;                       370089;                                     0,013410;              765;                     776167;                                     0,028125
       407;       545;         1;BR      ;30/10/2022 17:52:21;         472075;     156454011;           88;                 106454;                                     0,225502;       27917;              34766226;         22256;                27619276;                21006;                       26471770;             8353;                   12862676;                                     0,485902;                      12653;                             13609094;                                     0,514098;                421;                       370510;                                     0,013415;              829;                     776996;                                     0,028132
       407;       545;         1;BR      ;30/10/2022 17:52:22;         472075;     156454011;           25;                 106479;                                     0,225555;        8716;              34774942;          6701;                27625977;                 6378;                       26478148;             2854;                   12865530;                                     0,485892;                       3524;                             13612618;                                     0,514108;                118;                       370628;                                     0,013416;              205;                     777201;                                     0,028133
       407;       545;         1;BR      ;30/10/2022 17:52:23;         472075;     156454011;            7;                 106486;                                     0,225570;        1781;              34776723;          1375;                27627352;                 1361;                       26479509;              320;                   12865850;                                     0,485879;                       1041;                             13613659;                                     0,514121;                  1;                       370629;                                     0,013415;               13;                     777214;                                     0,028132
       407;       545;         1;BR      ;30/10/2022 17:52:24;         472075;     156454011;          183;                 106669;                                     0,225958;       59377;              34836100;         47266;                27674618;                45705;                       26525214;            21863;                   12887713;                                     0,485867;                      23842;                             13637501;                                     0,514133;                494;                       371123;                                     0,013410;             1067;                     778281;                                     0,028123
       407;       545;         1;BR      ;30/10/2022 17:52:25;         472075;     156454011;           58;                 106727;                                     0,226081;       18608;              34854708;         15369;                27689987;                14867;                       26540081;             4898;                   12892611;                                     0,485779;                       9969;                             13647470;                                     0,514221;                183;                       371306;                                     0,013409;              319;                     778600;                                     0,028118
       407;       545;         1;BR      ;30/10/2022 17:52:27;         472075;     156454011;            3;                 106730;                                     0,226087;         991;              34855699;           797;                27690784;                  785;                       26540866;              246;                   12892857;                                     0,485774;                        539;                             13648009;                                     0,514226;                  6;                       371312;                                     0,013409;                6;                     778606;                                     0,028118
       407;       545;         1;BR      ;30/10/2022 17:52:28;         472075;     156454011;          114;                 106844;                                     0,226328;       33219;              34888918;         26354;                27717138;                25298;                       26566164;            18876;                   12911733;                                     0,486022;                       6422;                             13654431;                                     0,513978;                245;                       371557;                                     0,013405;              811;                     779417;                                     0,028120
       407;       545;         1;BR      ;30/10/2022 17:52:29;         472075;     156454011;          181;                 107025;                                     0,226712;       65882;              34954800;         54132;                27771270;                50604;                       26616768;            35666;                   12947399;                                     0,486438;                      14938;                             13669369;                                     0,513562;                799;                       372356;                                     0,013408;             2729;                     782146;                                     0,028164
       407;       545;         1;BR      ;30/10/2022 17:52:30;         472075;     156454011;           43;                 107068;                                     0,226803;       13340;              34968140;         10458;                27781728;                 9861;                       26626629;             7307;                   12954706;                                     0,486532;                       2554;                             13671923;                                     0,513468;                138;                       372494;                                     0,013408;              459;                     782605;                                     0,028170
       407;       545;         1;BR      ;30/10/2022 17:52:31;         472075;     156454011;            3;                 107071;                                     0,226809;        1142;              34969282;           851;                27782579;                  805;                       26627434;              636;                   12955342;                                     0,486541;                        169;                             13672092;                                     0,513459;                 12;                       372506;                                     0,013408;               34;                     782639;                                     0,028170
       407;       545;         1;BR      ;30/10/2022 17:52:32;         472075;     156454011;           55;                 107126;                                     0,226926;       18670;              34987952;         15117;                27797696;                14575;                       26642009;             7498;                   12962840;                                     0,486556;                       7077;                             13679169;                                     0,513444;                194;                       372700;                                     0,013408;              348;                     782987;                                     0,028167
       407;       545;         1;BR      ;30/10/2022 17:52:33;         472075;     156454011;           99;                 107225;                                     0,227136;       34951;              35022903;         28724;                27826420;                27686;                       26669695;             9838;                   12972678;                                     0,486420;                      17848;                             13697017;                                     0,513580;                401;                       373101;                                     0,013408;              637;                     783624;                                     0,028161
       407;       545;         1;BR      ;30/10/2022 17:52:35;         472075;     156454011;           27;                 107252;                                     0,227193;        9197;              35032100;          7403;                27833823;                 7129;                       26676824;             2672;                   12975350;                                     0,486390;                       4457;                             13701474;                                     0,513610;                115;                       373216;                                     0,013409;              159;                     783783;                                     0,028159
       407;       545;         1;BR      ;30/10/2022 17:52:36;         472075;     156454011;          192;                 107444;                                     0,227599;       66223;              35098323;         53152;                27886975;                51154;                       26727978;            21612;                   12996962;                                     0,486268;                      29542;                             13731016;                                     0,513732;                831;                       374047;                                     0,013413;             1167;                     784950;                                     0,028148
       407;       545;         1;BR      ;30/10/2022 17:52:37;         472075;     156454011;          135;                 107579;                                     0,227885;       43851;              35142174;         36166;                27923141;                34404;                       26762382;            19359;                   13016321;                                     0,486366;                      15045;                             13746061;                                     0,513634;                470;                       374517;                                     0,013412;             1292;                     786242;                                     0,028157
       407;       545;         1;BR      ;30/10/2022 17:52:38;         472075;     156454011;           44;                 107623;                                     0,227979;       15106;              35157280;         12175;                27935316;                11621;                       26774003;             8841;                   13025162;                                     0,486485;                       2780;                             13748841;                                     0,513515;                121;                       374638;                                     0,013411;              433;                     786675;                                     0,028161
       407;       545;         1;BR      ;30/10/2022 17:52:39;         472075;     156454011;            7;                 107630;                                     0,227993;        2672;              35159952;          2202;                27937518;                 2141;                       26776144;              768;                   13025930;                                     0,486475;                       1373;                             13750214;                                     0,513525;                 12;                       374650;                                     0,013410;               49;                     786724;                                     0,028160
       407;       545;         1;BR      ;30/10/2022 17:52:40;         472075;     156454011;            3;                 107633;                                     0,228000;         836;              35160788;           677;                27938195;                  660;                       26776804;              287;                   13026217;                                     0,486474;                        373;                             13750587;                                     0,513526;                  7;                       374657;                                     0,013410;               10;                     786734;                                     0,028160
       407;       545;         1;BR      ;30/10/2022 17:52:41;         472075;     156454011;           70;                 107703;                                     0,228148;       23481;              35184269;         18609;                27956804;                17914;                       26794718;             8267;                   13034484;                                     0,486457;                       9647;                             13760234;                                     0,513543;                202;                       374859;                                     0,013409;              493;                     787227;                                     0,028159
       407;       545;         1;BR      ;30/10/2022 17:52:42;         472075;     156454011;          115;                 107818;                                     0,228392;       36485;              35220754;         27578;                27984382;                26837;                       26821555;            13972;                   13048456;                                     0,486491;                      12865;                             13773099;                                     0,513509;                254;                       375113;                                     0,013404;              487;                     787714;                                     0,028148
       407;       545;         1;BR      ;30/10/2022 17:52:43;         472075;     156454011;           87;                 107905;                                     0,228576;       29425;              35250179;         22971;                28007353;                22230;                       26843785;            10924;                   13059380;                                     0,486495;                      11306;                             13784405;                                     0,513505;                235;                       375348;                                     0,013402;              506;                     788220;                                     0,028143
       407;       545;         1;BR      ;30/10/2022 17:52:44;         472075;     156454011;          130;                 108035;                                     0,228851;       46155;              35296334;         37071;                28044424;                35403;                       26879188;            16718;                   13076098;                                     0,486477;                      18685;                             13803090;                                     0,513523;                419;                       375767;                                     0,013399;             1249;                     789469;                                     0,028151
       407;       545;         1;BR      ;30/10/2022 17:52:45;         472075;     156454011;           55;                 108090;                                     0,228968;       19367;              35315701;         15195;                28059619;                14410;                       26893598;             7267;                   13083365;                                     0,486486;                       7143;                             13810233;                                     0,513514;                305;                       376072;                                     0,013403;              480;                     789949;                                     0,028153
       407;       545;         1;BR      ;30/10/2022 17:52:46;         472075;     156454011;            4;                 108094;                                     0,228976;        1296;              35316997;          1013;                28060632;                  965;                       26894563;              478;                   13083843;                                     0,486487;                        487;                             13810720;                                     0,513513;                 20;                       376092;                                     0,013403;               28;                     789977;                                     0,028153
       407;       545;         1;BR      ;30/10/2022 17:52:47;         472075;     156454011;           33;                 108127;                                     0,229046;       10629;              35327626;          8295;                28068927;                 7944;                       26902507;             3882;                   13087725;                                     0,486487;                       4062;                             13814782;                                     0,513513;                121;                       376213;                                     0,013403;              230;                     790207;                                     0,028152
       407;       545;         1;BR      ;30/10/2022 17:52:48;         472075;     156454011;          128;                 108255;                                     0,229317;       39663;              35367289;         32537;                28101464;                31303;                       26933810;            13068;                   13100793;                                     0,486407;                      18235;                             13833017;                                     0,513593;                486;                       376699;                                     0,013405;              748;                     790955;                                     0,028146
       407;       545;         1;BR      ;30/10/2022 17:52:49;         472075;     156454011;           50;                 108305;                                     0,229423;       17353;              35384642;         14632;                28116096;                13720;                       26947530;             7190;                   13107983;                                     0,486426;                       6530;                             13839547;                                     0,513574;                202;                       376901;                                     0,013405;              710;                     791665;                                     0,028157
       407;       545;         1;BR      ;30/10/2022 17:52:50;         472075;     156454011;           22;                 108327;                                     0,229470;        7451;              35392093;          6394;                28122490;                 5854;                       26953384;             3786;                   13111769;                                     0,486461;                       2068;                             13841615;                                     0,513539;                127;                       377028;                                     0,013407;              413;                     792078;                                     0,028165
       407;       545;         1;BR      ;30/10/2022 17:52:51;         472075;     156454011;           26;                 108353;                                     0,229525;        7563;              35399656;          6161;                28128651;                 5740;                       26959124;             4500;                   13116269;                                     0,486524;                       1240;                             13842855;                                     0,513476;                 82;                       377110;                                     0,013407;              339;                     792417;                                     0,028171
       407;       545;         1;BR      ;30/10/2022 17:52:52;         472075;     156454011;          183;                 108536;                                     0,229913;       58036;              35457692;         47091;                28175742;                44812;                       27003936;            21507;                   13137776;                                     0,486513;                      23305;                             13866160;                                     0,513487;                686;                       377796;                                     0,013409;             1593;                     794010;                                     0,028181
       407;       545;         1;BR      ;30/10/2022 17:52:53;         472075;     156454011;          148;                 108684;                                     0,230226;       46961;              35504653;         38006;                28213748;                35942;                       27039878;            17081;                   13154857;                                     0,486498;                      18861;                             13885021;                                     0,513502;                603;                       378399;                                     0,013412;             1461;                     795471;                                     0,028194
       407;       545;         1;BR      ;30/10/2022 17:52:54;         472075;     156454011;          113;                 108797;                                     0,230465;       31818;              35536471;         24994;                28238742;                23809;                       27063687;             9716;                   13164573;                                     0,486429;                      14093;                             13899114;                                     0,513571;                321;                       378720;                                     0,013411;              864;                     796335;                                     0,028200
       407;       545;         1;BR      ;30/10/2022 17:52:57;         472075;     156454011;           21;                 108818;                                     0,230510;        5847;              35542318;          4284;                28243026;                 4053;                       27067740;             2019;                   13166592;                                     0,486431;                       2034;                             13901148;                                     0,513569;                 64;                       378784;                                     0,013412;              167;                     796502;                                     0,028202
       407;       545;         1;BR      ;30/10/2022 17:53:17;         472075;     156454011;           21;                 108839;                                     0,230554;        5428;              35547746;          4081;                28247107;                 3940;                       27071680;             1681;                   13168273;                                     0,486422;                       2259;                             13903407;                                     0,513578;                 53;                       378837;                                     0,013412;               88;                     796590;                                     0,028201
       407;       545;         1;BR      ;30/10/2022 17:53:18;         472075;     156454011;          146;                 108985;                                     0,230864;       47006;              35594752;         38560;                28285667;                37085;                       27108765;            23025;                   13191298;                                     0,486606;                      14060;                             13917467;                                     0,513394;                448;                       379285;                                     0,013409;             1027;                     797617;                                     0,028199
       407;       545;         1;BR      ;30/10/2022 17:53:19;         472075;     156454011;          235;                 109220;                                     0,231362;       71937;              35666689;         55324;                28340991;                53116;                       27161881;            25837;                   13217135;                                     0,486606;                      27279;                             13944746;                                     0,513394;                778;                       380063;                                     0,013410;             1430;                     799047;                                     0,028194
       407;       545;         1;BR      ;30/10/2022 17:53:20;         472075;     156454011;          280;                 109500;                                     0,231955;       97866;              35764555;         75759;                28416750;                72940;                       27234821;            35140;                   13252275;                                     0,486593;                      37800;                             13982546;                                     0,513407;                974;                       381037;                                     0,013409;             1845;                     800892;                                     0,028184
       407;       545;         1;BR      ;30/10/2022 17:53:21;         472075;     156454011;          269;                 109769;                                     0,232524;       88630;              35853185;         69930;                28486680;                66069;                       27300890;            33869;                   13286144;                                     0,486656;                      32200;                             14014746;                                     0,513344;               1180;                       382217;                                     0,013417;             2681;                     803573;                                     0,028209
       407;       545;         1;BR      ;30/10/2022 17:53:22;         472075;     156454011;           83;                 109852;                                     0,232700;       26090;              35879275;         19933;                28506613;                18858;                       27319748;             6963;                   13293107;                                     0,486575;                      11895;                             14026641;                                     0,513425;                344;                       382561;                                     0,013420;              731;                     804304;                                     0,028215
       407;       545;         1;BR      ;30/10/2022 17:53:23;         472075;     156454011;          137;                 109989;                                     0,232991;       47422;              35926697;         37856;                28544469;                35538;                       27355286;            14265;                   13307372;                                     0,486464;                      21273;                             14047914;                                     0,513536;                771;                       383332;                                     0,013429;             1547;                     805851;                                     0,028231
       407;       545;         1;BR      ;30/10/2022 17:53:24;         472075;     156454011;          106;                 110095;                                     0,233215;       31786;              35958483;         24706;                28569175;                23428;                       27378714;             9280;                   13316652;                                     0,486387;                      14148;                             14062062;                                     0,513613;                444;                       383776;                                     0,013433;              834;                     806685;                                     0,028236
       407;       545;         1;BR      ;30/10/2022 17:53:25;         472075;     156454011;           36;                 110131;                                     0,233291;       11612;              35970095;          9015;                28578190;                 8593;                       27387307;             3242;                   13319894;                                     0,486353;                       5351;                             14067413;                                     0,513647;                148;                       383924;                                     0,013434;              274;                     806959;                                     0,028237
       407;       545;         1;BR      ;30/10/2022 17:53:28;         472075;     156454011;            4;                 110135;                                     0,233300;        1241;              35971336;           911;                28579101;                  847;                       27388154;              493;                   13320387;                                     0,486356;                        354;                             14067767;                                     0,513644;                 29;                       383953;                                     0,013435;               35;                     806994;                                     0,028237
       407;       545;         1;BR      ;30/10/2022 17:53:29;         472075;     156454011;          152;                 110287;                                     0,233622;       52316;              36023652;         42450;                28621551;                40986;                       27429140;            17627;                   13338014;                                     0,486272;                      23359;                             14091126;                                     0,513728;                481;                       384434;                                     0,013432;              983;                     807977;                                     0,028230
       407;       545;         1;BR      ;30/10/2022 17:53:30;         472075;     156454011;          100;                 110387;                                     0,233834;       31967;              36055619;         26135;                28647686;                25307;                       27454447;            11124;                   13349138;                                     0,486229;                      14183;                             14105309;                                     0,513771;                287;                       384721;                                     0,013429;              541;                     808518;                                     0,028223
       407;       545;         1;BR      ;30/10/2022 17:53:31;         472075;     156454011;           44;                 110431;                                     0,233927;       14259;              36069878;         11766;                28659452;                11356;                       27465803;             7532;                   13356670;                                     0,486302;                       3824;                             14109133;                                     0,513698;                115;                       384836;                                     0,013428;              295;                     808813;                                     0,028222
       407;       545;         1;BR      ;30/10/2022 17:53:32;         472075;     156454011;          128;                 110559;                                     0,234198;       47067;              36116945;         38969;                28698421;                36793;                       27502596;            25700;                   13382370;                                     0,486586;                      11093;                             14120226;                                     0,513414;                520;                       385356;                                     0,013428;             1656;                     810469;                                     0,028241
       407;       545;         1;BR      ;30/10/2022 17:53:33;         472075;     156454011;          154;                 110713;                                     0,234524;       49686;              36166631;         38984;                28737405;                37229;                       27539825;            19965;                   13402335;                                     0,486653;                      17264;                             14137490;                                     0,513347;                511;                       385867;                                     0,013427;             1244;                     811713;                                     0,028246
       407;       545;         1;BR      ;30/10/2022 17:53:34;         472075;     156454011;           77;                 110790;                                     0,234687;       25922;              36192553;         21242;                28758647;                20343;                       27560168;            10903;                   13413238;                                     0,486689;                       9440;                             14146930;                                     0,513311;                300;                       386167;                                     0,013428;              599;                     812312;                                     0,028246
       407;       545;         1;BR      ;30/10/2022 17:53:35;         472075;     156454011;           51;                 110841;                                     0,234795;       17703;              36210256;         14425;                28773072;                13790;                       27573958;             5261;                   13418499;                                     0,486637;                       8529;                             14155459;                                     0,513363;                277;                       386444;                                     0,013431;              358;                     812670;                                     0,028244
       407;       545;         1;BR      ;30/10/2022 17:53:36;         472075;     156454011;           58;                 110899;                                     0,234918;       17617;              36227873;         13811;                28786883;                13366;                       27587324;             7174;                   13425673;                                     0,486661;                       6192;                             14161651;                                     0,513339;                149;                       386593;                                     0,013429;              296;                     812966;                                     0,028241
       407;       545;         1;BR      ;30/10/2022 17:53:37;         472075;     156454011;           37;                 110936;                                     0,234997;       10884;              36238757;          8662;                28795545;                 8281;                       27595605;             4881;                   13430554;                                     0,486692;                       3400;                             14165051;                                     0,513308;                106;                       386699;                                     0,013429;              275;                     813241;                                     0,028242
       407;       545;         1;BR      ;30/10/2022 17:53:38;         472075;     156454011;          178;                 111114;                                     0,235374;       58207;              36296964;         47568;                28843113;                45908;                       27641513;            18981;                   13449535;                                     0,486570;                      26927;                             14191978;                                     0,513430;                577;                       387276;                                     0,013427;             1083;                     814324;                                     0,028233
       407;       545;         1;BR      ;30/10/2022 17:53:39;         472075;     156454011;          110;                 111224;                                     0,235607;       35640;              36332604;         28459;                28871572;                26976;                       27668489;            17319;                   13466854;                                     0,486722;                       9657;                             14201635;                                     0,513278;                310;                       387586;                                     0,013424;             1173;                     815497;                                     0,028246
       407;       545;         1;BR      ;30/10/2022 17:53:40;         472075;     156454011;           69;                 111293;                                     0,235753;       22098;              36354702;         18014;                28889586;                17227;                       27685716;             8923;                   13475777;                                     0,486741;                       8304;                             14209939;                                     0,513259;                218;                       387804;                                     0,013424;              569;                     816066;                                     0,028248
       407;       545;         1;BR      ;30/10/2022 17:53:42;         472075;     156454011;           57;                 111350;                                     0,235874;       19032;              36373734;         14890;                28904476;                14290;                       27700006;             9149;                   13484926;                                     0,486820;                       5141;                             14215080;                                     0,513180;                170;                       387974;                                     0,013423;              430;                     816496;                                     0,028248
       407;       545;         1;BR      ;30/10/2022 17:53:43;         472075;     156454011;           71;                 111421;                                     0,236024;       23741;              36397475;         18716;                28923192;                18218;                       27718224;             8124;                   13493050;                                     0,486793;                      10094;                             14225174;                                     0,513207;                195;                       388169;                                     0,013421;              303;                     816799;                                     0,028240
       407;       545;         1;BR      ;30/10/2022 17:53:44;         472075;     156454011;           25;                 111446;                                     0,236077;        7538;              36405013;          5821;                28929013;                 5625;                       27723849;             1929;                   13494979;                                     0,486764;                       3696;                             14228870;                                     0,513236;                 57;                       388226;                                     0,013420;              139;                     816938;                                     0,028239
       407;       545;         1;BR      ;30/10/2022 17:53:45;         472075;     156454011;           79;                 111525;                                     0,236244;       21646;              36426659;         16148;                28945161;                15764;                       27739613;             7586;                   13502565;                                     0,486761;                       8178;                             14237048;                                     0,513239;                114;                       388340;                                     0,013416;              270;                     817208;                                     0,028233
       407;       545;         1;BR      ;30/10/2022 17:53:46;         472075;     156454011;           58;                 111583;                                     0,236367;       20347;              36447006;         16157;                28961318;                15427;                       27755040;             7453;                   13510018;                                     0,486759;                       7974;                             14245022;                                     0,513241;                156;                       388496;                                     0,013414;              574;                     817782;                                     0,028237
       407;       545;         1;BR      ;30/10/2022 17:53:47;         472075;     156454011;           30;                 111613;                                     0,236431;       11079;              36458085;          8518;                28969836;                 8175;                       27763215;             3696;                   13513714;                                     0,486749;                       4479;                             14249501;                                     0,513251;                133;                       388629;                                     0,013415;              210;                     817992;                                     0,028236
       407;       545;         1;BR      ;30/10/2022 17:53:48;         472075;     156454011;            3;                 111616;                                     0,236437;         860;              36458945;           647;                28970483;                  604;                       27763819;              309;                   13514023;                                     0,486749;                        295;                             14249796;                                     0,513251;                 10;                       388639;                                     0,013415;               33;                     818025;                                     0,028236
       407;       545;         1;BR      ;30/10/2022 17:53:49;         472075;     156454011;           26;                 111642;                                     0,236492;        9004;              36467949;          6810;                28977293;                 6481;                       27770300;             3363;                   13517386;                                     0,486757;                       3118;                             14252914;                                     0,513243;                139;                       388778;                                     0,013417;              190;                     818215;                                     0,028236
       407;       545;         1;BR      ;30/10/2022 17:53:50;         472075;     156454011;           97;                 111739;                                     0,236698;       30497;              36498446;         24913;                29002206;                23802;                       27794102;            10398;                   13527784;                                     0,486714;                      13404;                             14266318;                                     0,513286;                404;                       389182;                                     0,013419;              707;                     818922;                                     0,028237
       407;       545;         1;BR      ;30/10/2022 17:53:51;         472075;     156454011;           32;                 111771;                                     0,236765;        9802;              36508248;          8269;                29010475;                 7767;                       27801869;             4463;                   13532247;                                     0,486739;                       3304;                             14269622;                                     0,513261;                145;                       389327;                                     0,013420;              357;                     819279;                                     0,028241
       407;       545;         1;BR      ;30/10/2022 17:53:52;         472075;     156454011;           57;                 111828;                                     0,236886;       17823;              36526071;         14884;                29025359;                13958;                       27815827;             9831;                   13542078;                                     0,486848;                       4127;                             14273749;                                     0,513152;                198;                       389525;                                     0,013420;              728;                     820007;                                     0,028251
       407;       545;         1;BR      ;30/10/2022 17:53:53;         472075;     156454011;          126;                 111954;                                     0,237153;       38010;              36564081;         30912;                29056271;                28768;                       27844595;            19802;                   13561880;                                     0,487056;                       8966;                             14282715;                                     0,512944;                423;                       389948;                                     0,013420;             1721;                     821728;                                     0,028281
       407;       545;         1;BR      ;30/10/2022 17:53:54;         472075;     156454011;          154;                 112108;                                     0,237479;       49568;              36613649;         39292;                29095563;                37517;                       27882112;            15932;                   13577812;                                     0,486972;                      21585;                             14304300;                                     0,513028;                612;                       390560;                                     0,013423;             1163;                     822891;                                     0,028282
       407;       545;         1;BR      ;30/10/2022 17:53:55;         472075;     156454011;           41;                 112149;                                     0,237566;       11428;              36625077;          8754;                29104317;                 8355;                       27890467;             3453;                   13581265;                                     0,486950;                       4902;                             14309202;                                     0,513050;                109;                       390669;                                     0,013423;              290;                     823181;                                     0,028284
       407;       545;         1;BR      ;30/10/2022 17:54:22;         472075;     156454011;          287;                 112436;                                     0,238174;       89547;              36714624;         73190;                29177507;                70753;                       27961220;            46675;                   13627940;                                     0,487387;                      24078;                             14333280;                                     0,512613;                861;                       391530;                                     0,013419;             1576;                     824757;                                     0,028267
       407;       545;         1;BR      ;30/10/2022 17:54:23;         472075;     156454011;          281;                 112717;                                     0,238769;       93001;              36807625;         71934;                29249441;                69047;                       28030267;            32615;                   13660555;                                     0,487350;                      36432;                             14369712;                                     0,512650;                969;                       392499;                                     0,013419;             1918;                     826675;                                     0,028263
       407;       545;         1;BR      ;30/10/2022 17:54:24;         472075;     156454011;          428;                 113145;                                     0,239676;      143640;              36951265;        114766;                29364207;               108372;                       28138639;            52650;                   13713205;                                     0,487344;                      55722;                             14425434;                                     0,512656;               2048;                       394547;                                     0,013436;             4346;                     831021;                                     0,028300
       407;       545;         1;BR      ;30/10/2022 17:54:25;         472075;     156454011;          104;                 113249;                                     0,239896;       34803;              36986068;         27759;                29391966;                26136;                       28164775;            11946;                   13725151;                                     0,487316;                      14190;                             14439624;                                     0,512684;                504;                       395051;                                     0,013441;             1119;                     832140;                                     0,028312
       407;       545;         1;BR      ;30/10/2022 17:54:26;         472075;     156454011;            5;                 113254;                                     0,239907;        1654;              36987722;          1250;                29393216;                 1180;                       28165955;              392;                   13725543;                                     0,487310;                        788;                             14440412;                                     0,512690;                 22;                       395073;                                     0,013441;               48;                     832188;                                     0,028312
       407;       545;         1;BR      ;30/10/2022 17:54:27;         472075;     156454011;           25;                 113279;                                     0,239960;        7345;              36995067;          5689;                29398905;                 5389;                       28171344;             2108;                   13727651;                                     0,487291;                       3281;                             14443693;                                     0,512709;                105;                       395178;                                     0,013442;              195;                     832383;                                     0,028313
       407;       545;         1;BR      ;30/10/2022 17:54:28;         472075;     156454011;          109;                 113388;                                     0,240191;       34184;              37029251;         26376;                29425281;                24846;                       28196190;             9408;                   13737059;                                     0,487196;                      15438;                             14459131;                                     0,512804;                481;                       395659;                                     0,013446;             1049;                     833432;                                     0,028324
       407;       545;         1;BR      ;30/10/2022 17:54:29;         472075;     156454011;           36;                 113424;                                     0,240267;       11668;              37040919;          9160;                29434441;                 8782;                       28204972;             3469;                   13740528;                                     0,487167;                       5313;                             14464444;                                     0,512833;                139;                       395798;                                     0,013447;              239;                     833671;                                     0,028323
       407;       545;         1;BR      ;30/10/2022 17:54:30;         472075;     156454011;           98;                 113522;                                     0,240475;       31094;              37072013;         24331;                29458772;                23462;                       28228434;            10512;                   13751040;                                     0,487134;                      12950;                             14477394;                                     0,512866;                318;                       396116;                                     0,013446;              551;                     834222;                                     0,028318
       407;       545;         1;BR      ;30/10/2022 17:54:31;         472075;     156454011;          203;                 113725;                                     0,240905;       65359;              37137372;         51919;                29510691;                50156;                       28278590;            22963;                   13774003;                                     0,487082;                      27193;                             14504587;                                     0,512918;                550;                       396666;                                     0,013441;             1213;                     835435;                                     0,028310
       407;       545;         1;BR      ;30/10/2022 17:54:32;         472075;     156454011;          103;                 113828;                                     0,241123;       32542;              37169914;         26618;                29537309;                25789;                       28304379;            14475;                   13788478;                                     0,487150;                      11314;                             14515901;                                     0,512850;                262;                       396928;                                     0,013438;              567;                     836002;                                     0,028303
       407;       545;         1;BR      ;30/10/2022 17:54:33;         472075;     156454011;           39;                 113867;                                     0,241205;       12196;              37182110;          9817;                29547126;                 9522;                       28313901;             3319;                   13791797;                                     0,487103;                       6203;                             14522104;                                     0,512897;                131;                       397059;                                     0,013438;              164;                     836166;                                     0,028299
       407;       545;         1;BR      ;30/10/2022 17:54:34;         472075;     156454011;          164;                 114031;                                     0,241553;       52490;              37234600;         42248;                29589374;                40595;                       28354496;            18694;                   13810491;                                     0,487065;                      21901;                             14544005;                                     0,512935;                554;                       397613;                                     0,013438;             1099;                     837265;                                     0,028296
       407;       545;         1;BR      ;30/10/2022 17:54:35;         472075;     156454011;           98;                 114129;                                     0,241760;       33012;              37267612;         26362;                29615736;                25307;                       28379803;            12222;                   13822713;                                     0,487062;                      13085;                             14557090;                                     0,512938;                362;                       397975;                                     0,013438;              693;                     837958;                                     0,028294
       407;       545;         1;BR      ;30/10/2022 17:54:36;         472075;     156454011;           93;                 114222;                                     0,241957;       35462;              37303074;         29722;                29645458;                27996;                       28407799;            16349;                   13839062;                                     0,487157;                      11647;                             14568737;                                     0,512843;                441;                       398416;                                     0,013439;             1285;                     839243;                                     0,028309
       407;       545;         1;BR      ;30/10/2022 17:54:37;         472075;     156454011;           62;                 114284;                                     0,242089;       20482;              37323556;         15771;                29661229;                15064;                       28422863;             9074;                   13848136;                                     0,487218;                       5990;                             14574727;                                     0,512782;                197;                       398613;                                     0,013439;              510;                     839753;                                     0,028311
       407;       545;         1;BR      ;30/10/2022 17:54:38;         472075;     156454011;          155;                 114439;                                     0,242417;       47440;              37370996;         37961;                29699190;                36471;                       28459334;            19955;                   13868091;                                     0,487295;                      16516;                             14591243;                                     0,512705;                425;                       399038;                                     0,013436;             1065;                     840818;                                     0,028311
       407;       545;         1;BR      ;30/10/2022 17:54:39;         472075;     156454011;           59;                 114498;                                     0,242542;       18825;              37389821;         14463;                29713653;                13918;                       28473252;             5943;                   13874034;                                     0,487266;                       7975;                             14599218;                                     0,512734;                154;                       399192;                                     0,013435;              391;                     841209;                                     0,028311
       407;       545;         1;BR      ;30/10/2022 17:54:40;         472075;     156454011;           38;                 114536;                                     0,242622;       13245;              37403066;         10838;                29724491;                10309;                       28483561;             6064;                   13880098;                                     0,487302;                       4245;                             14603463;                                     0,512698;                102;                       399294;                                     0,013433;              427;                     841636;                                     0,028315
       407;       545;         1;BR      ;30/10/2022 17:54:42;         472075;     156454011;            4;                 114540;                                     0,242631;        1143;              37404209;           839;                29725330;                  810;                       28484371;              303;                   13880401;                                     0,487299;                        507;                             14603970;                                     0,512701;                  7;                       399301;                                     0,013433;               22;                     841658;                                     0,028315
       407;       545;         1;BR      ;30/10/2022 17:54:43;         472075;     156454011;           19;                 114559;                                     0,242671;        6054;              37410263;          4665;                29729995;                 4523;                       28488894;             1793;                   13882194;                                     0,487284;                       2730;                             14606700;                                     0,512716;                 42;                       399343;                                     0,013432;              100;                     841758;                                     0,028313
       407;       545;         1;BR      ;30/10/2022 17:54:44;         472075;     156454011;           88;                 114647;                                     0,242858;       29209;              37439472;         23576;                29753571;                22125;                       28511019;            15475;                   13897669;                                     0,487449;                       6650;                             14613350;                                     0,512551;                300;                       399643;                                     0,013432;             1151;                     842909;                                     0,028330
       407;       545;         1;BR      ;30/10/2022 17:54:45;         472075;     156454011;            3;                 114650;                                     0,242864;         765;              37440237;           640;                29754211;                  593;                       28511612;              429;                   13898098;                                     0,487454;                        164;                             14613514;                                     0,512546;                 10;                       399653;                                     0,013432;               37;                     842946;                                     0,028330
       407;       545;         1;BR      ;30/10/2022 17:54:46;         472075;     156454011;          113;                 114763;                                     0,243103;       39598;              37479835;         30811;                29785022;                29916;                       28541528;            15100;                   13913198;                                     0,487472;                      14816;                             14628330;                                     0,512528;                312;                       399965;                                     0,013428;              583;                     843529;                                     0,028321
       407;       545;         1;BR      ;30/10/2022 17:54:47;         472075;     156454011;          115;                 114878;                                     0,243347;       35858;              37515693;         28022;                29813044;                27280;                       28568808;            13039;                   13926237;                                     0,487463;                      14241;                             14642571;                                     0,512537;                287;                       400252;                                     0,013425;              455;                     843984;                                     0,028309
       407;       545;         1;BR      ;30/10/2022 17:54:48;         472075;     156454011;          138;                 115016;                                     0,243639;       46216;              37561909;         37253;                29850297;                35521;                       28604329;            15532;                   13941769;                                     0,487401;                      19989;                             14662560;                                     0,512599;                512;                       400764;                                     0,013426;             1220;                     845204;                                     0,028315
       407;       545;         1;BR      ;30/10/2022 17:54:49;         472075;     156454011;           72;                 115088;                                     0,243792;       24098;              37586007;         19395;                29869692;                18563;                       28622892;             8253;                   13950022;                                     0,487373;                      10310;                             14672870;                                     0,512627;                353;                       401117;                                     0,013429;              479;                     845683;                                     0,028312
       407;       545;         1;BR      ;30/10/2022 17:54:51;         472075;     156454011;           23;                 115111;                                     0,243840;        6802;              37592809;          5424;                29875116;                 5190;                       28628082;             2858;                   13952880;                                     0,487384;                       2332;                             14675202;                                     0,512616;                 80;                       401197;                                     0,013429;              154;                     845837;                                     0,028312
       407;       545;         1;BR      ;30/10/2022 17:54:52;         472075;     156454011;           44;                 115155;                                     0,243934;       13554;              37606363;         11149;                29886265;                10672;                       28638754;             4706;                   13957586;                                     0,487367;                       5966;                             14681168;                                     0,512633;                194;                       401391;                                     0,013431;              283;                     846120;                                     0,028311
       407;       545;         1;BR      ;30/10/2022 17:54:53;         472075;     156454011;            2;                 115157;                                     0,243938;         632;              37606995;           488;                29886753;                  468;                       28639222;              270;                   13957856;                                     0,487369;                        198;                             14681366;                                     0,512631;                 11;                       401402;                                     0,013431;                9;                     846129;                                     0,028311
       407;       545;         1;BR      ;30/10/2022 17:54:54;         472075;     156454011;          253;                 115410;                                     0,244474;       78755;              37685750;         64118;                29950871;                60941;                       28700163;            28565;                   13986421;                                     0,487329;                      32376;                             14713742;                                     0,512671;                927;                       402329;                                     0,013433;             2250;                     848379;                                     0,028326
       407;       545;         1;BR      ;30/10/2022 17:54:55;         472075;     156454011;           73;                 115483;                                     0,244629;       22971;              37708721;         18138;                29969009;                17120;                       28717283;            10086;                   13996507;                                     0,487390;                       7034;                             14720776;                                     0,512610;                227;                       402556;                                     0,013432;              791;                     849170;                                     0,028335
       407;       545;         1;BR      ;30/10/2022 17:54:56;         472075;     156454011;          104;                 115587;                                     0,244849;       30202;              37738923;         23730;                29992739;                22550;                       28739833;             9043;                   14005550;                                     0,487322;                      13507;                             14734283;                                     0,512678;                327;                       402883;                                     0,013433;              853;                     850023;                                     0,028341
       407;       545;         1;BR      ;30/10/2022 17:55:26;         472075;     156454011;          349;                 115936;                                     0,245588;      108294;              37847217;         87647;                30080386;                84681;                       28824514;            54367;                   14059917;                                     0,487776;                      30314;                             14764597;                                     0,512224;               1074;                       403957;                                     0,013429;             1892;                     851915;                                     0,028321
       407;       545;         1;BR      ;30/10/2022 17:55:27;         472075;     156454011;          387;                 116323;                                     0,246408;      128276;              37975493;        101203;                30181589;                97137;                       28921651;            43402;                   14103319;                                     0,487639;                      53735;                             14818332;                                     0,512361;               1286;                       405243;                                     0,013427;             2780;                     854695;                                     0,028318
       407;       545;         1;BR      ;30/10/2022 17:55:28;         472075;     156454011;           89;                 116412;                                     0,246596;       28458;              38003951;         22463;                30204052;                21474;                       28943125;             9345;                   14112664;                                     0,487600;                      12129;                             14830461;                                     0,512400;                337;                       405580;                                     0,013428;              652;                     855347;                                     0,028319
       407;       545;         1;BR      ;30/10/2022 17:55:29;         472075;     156454011;          222;                 116634;                                     0,247067;       75932;              38079883;         61008;                30265060;                57114;                       29000239;            27307;                   14139971;                                     0,487581;                      29807;                             14860268;                                     0,512419;               1284;                       406864;                                     0,013443;             2610;                     857957;                                     0,028348
       407;       545;         1;BR      ;30/10/2022 17:55:30;         472075;     156454011;           75;                 116709;                                     0,247226;       23705;              38103588;         17821;                30282881;                16634;                       29016873;             6933;                   14146904;                                     0,487541;                       9701;                             14869969;                                     0,512459;                337;                       407201;                                     0,013447;              850;                     858807;                                     0,028359
       407;       545;         1;BR      ;30/10/2022 17:55:31;         472075;     156454011;           61;                 116770;                                     0,247355;       19366;              38122954;         15139;                30298020;                14335;                       29031208;             6458;                   14153362;                                     0,487522;                       7877;                             14877846;                                     0,512478;                245;                       407446;                                     0,013448;              559;                     859366;                                     0,028364
       407;       545;         1;BR      ;30/10/2022 17:55:32;         472075;     156454011;           83;                 116853;                                     0,247531;       26297;              38149251;         20682;                30318702;                19622;                       29050830;             6518;                   14159880;                                     0,487417;                      13104;                             14890950;                                     0,512583;                351;                       407797;                                     0,013450;              709;                     860075;                                     0,028368
       407;       545;         1;BR      ;30/10/2022 17:55:33;         472075;     156454011;           34;                 116887;                                     0,247603;       12833;              38162084;          9574;                30328276;                 9123;                       29059953;             3759;                   14163639;                                     0,487394;                       5364;                             14896314;                                     0,512606;                160;                       407957;                                     0,013451;              291;                     860366;                                     0,028368
       407;       545;         1;BR      ;30/10/2022 17:55:35;         472075;     156454011;           16;                 116903;                                     0,247636;        5910;              38167994;          4811;                30333087;                 4584;                       29064537;             2178;                   14165817;                                     0,487392;                       2406;                             14898720;                                     0,512608;                 95;                       408052;                                     0,013452;              132;                     860498;                                     0,028368
       407;       545;         1;BR      ;30/10/2022 17:55:36;         472075;     156454011;           43;                 116946;                                     0,247728;       15318;              38183312;         11982;                30345069;                11469;                       29076006;             5404;                   14171221;                                     0,487385;                       6065;                             14904785;                                     0,512615;                175;                       408227;                                     0,013453;              338;                     860836;                                     0,028368
       407;       545;         1;BR      ;30/10/2022 17:55:37;         472075;     156454011;          315;                 117261;                                     0,248395;      107624;              38290936;         86093;                30431162;                83279;                       29159285;            38041;                   14209262;                                     0,487298;                      45238;                             14950023;                                     0,512702;                959;                       409186;                                     0,013446;             1855;                     862691;                                     0,028349
       407;       545;         1;BR      ;30/10/2022 17:55:38;         472075;     156454011;           21;                 117282;                                     0,248439;        6229;              38297165;          4955;                30436117;                 4819;                       29164104;             2688;                   14211950;                                     0,487310;                       2131;                             14952154;                                     0,512690;                 45;                       409231;                                     0,013446;               91;                     862782;                                     0,028347
       407;       545;         1;BR      ;30/10/2022 17:55:39;         472075;     156454011;          242;                 117524;                                     0,248952;       77067;              38374232;         62207;                30498324;                60119;                       29224223;            25708;                   14237658;                                     0,487187;                      34411;                             14986565;                                     0,512813;                794;                       410025;                                     0,013444;             1294;                     864076;                                     0,028332
       407;       545;         1;BR      ;30/10/2022 17:55:40;         472075;     156454011;          222;                 117746;                                     0,249422;       73888;              38448120;         61002;                30559326;                58716;                       29282939;            25152;                   14262810;                                     0,487069;                      33564;                             15020129;                                     0,512931;                800;                       410825;                                     0,013444;             1486;                     865562;                                     0,028324
       407;       545;         1;BR      ;30/10/2022 17:55:41;         472075;     156454011;          168;                 117914;                                     0,249778;       54932;              38503052;         44592;                30603918;                42320;                       29325259;            25545;                   14288355;                                     0,487237;                      16775;                             15036904;                                     0,512763;                617;                       411442;                                     0,013444;             1655;                     867217;                                     0,028337
       407;       545;         1;BR      ;30/10/2022 17:55:42;         472075;     156454011;           82;                 117996;                                     0,249952;       25036;              38528088;         19134;                30623052;                18146;                       29343405;            11445;                   14299800;                                     0,487326;                       6701;                             15043605;                                     0,512674;                241;                       411683;                                     0,013444;              747;                     867964;                                     0,028343
       407;       545;         1;BR      ;30/10/2022 17:55:43;         472075;     156454011;           48;                 118044;                                     0,250053;       15928;              38544016;         12506;                30635558;                11847;                       29355252;             8635;                   14308435;                                     0,487423;                       3212;                             15046817;                                     0,512577;                146;                       411829;                                     0,013443;              513;                     868477;                                     0,028349
       407;       545;         1;BR      ;30/10/2022 17:55:44;         472075;     156454011;           22;                 118066;                                     0,250100;        6459;              38550475;          5090;                30640648;                 4849;                       29360101;             2203;                   14310638;                                     0,487418;                       2646;                             15049463;                                     0,512582;                 71;                       411900;                                     0,013443;              170;                     868647;                                     0,028349
       407;       545;         1;BR      ;30/10/2022 17:55:45;         472075;     156454011;           11;                 118077;                                     0,250123;        3319;              38553794;          2622;                30643270;                 2504;                       29362605;             1542;                   14312180;                                     0,487429;                        962;                             15050425;                                     0,512571;                 32;                       411932;                                     0,013443;               86;                     868733;                                     0,028350
       407;       545;         1;BR      ;30/10/2022 17:55:46;         472075;     156454011;           17;                 118094;                                     0,250159;        6569;              38560363;          5309;                30648579;                 4996;                       29367601;             2568;                   14314748;                                     0,487433;                       2428;                             15052853;                                     0,512567;                 67;                       411999;                                     0,013443;              246;                     868979;                                     0,028353
       407;       545;         1;BR      ;30/10/2022 17:55:47;         472075;     156454011;            9;                 118103;                                     0,250178;        2895;              38563258;          2291;                30650870;                 2244;                       29369845;              789;                   14315537;                                     0,487423;                       1455;                             15054308;                                     0,512577;                 16;                       412015;                                     0,013442;               31;                     869010;                                     0,028352
       407;       545;         1;BR      ;30/10/2022 17:55:48;         472075;     156454011;           92;                 118195;                                     0,250373;       31311;              38594569;         24866;                30675736;                23753;                       29393598;            11974;                   14327511;                                     0,487436;                      11779;                             15066087;                                     0,512564;                258;                       412273;                                     0,013440;              855;                     869865;                                     0,028357
       407;       545;         1;BR      ;30/10/2022 17:55:49;         472075;     156454011;          103;                 118298;                                     0,250592;       34522;              38629091;         27673;                30703409;                26014;                       29419612;            17026;                   14344537;                                     0,487584;                       8988;                             15075075;                                     0,512416;                357;                       412630;                                     0,013439;             1302;                     871167;                                     0,028374
       407;       545;         1;BR      ;30/10/2022 17:55:50;         472075;     156454011;           65;                 118363;                                     0,250729;       21472;              38650563;         17789;                30721198;                16797;                       29436409;             9767;                   14354304;                                     0,487638;                       7030;                             15082105;                                     0,512362;                282;                       412912;                                     0,013441;              710;                     871877;                                     0,028380
       407;       545;         1;BR      ;30/10/2022 17:55:51;         472075;     156454011;           56;                 118419;                                     0,250848;       18702;              38669265;         14112;                30735310;                13742;                       29450151;             7214;                   14361518;                                     0,487655;                       6528;                             15088633;                                     0,512345;                134;                       413046;                                     0,013439;              236;                     872113;                                     0,028375
       407;       545;         1;BR      ;30/10/2022 17:55:52;         472075;     156454011;          114;                 118533;                                     0,251089;       39800;              38709065;         31259;                30766569;                30285;                       29480436;            15554;                   14377072;                                     0,487682;                      14731;                             15103364;                                     0,512318;                340;                       413386;                                     0,013436;              634;                     872747;                                     0,028367
       407;       545;         1;BR      ;30/10/2022 17:55:53;         472075;     156454011;          116;                 118649;                                     0,251335;       35920;              38744985;         26670;                30793239;                25795;                       29506231;             8683;                   14385755;                                     0,487550;                      17112;                             15120476;                                     0,512450;                257;                       413643;                                     0,013433;              618;                     873365;                                     0,028362
       407;       545;         1;BR      ;30/10/2022 17:55:54;         472075;     156454011;          196;                 118845;                                     0,251750;       70607;              38815592;         56238;                30849477;                53545;                       29559776;            24450;                   14410205;                                     0,487494;                      29095;                             15149571;                                     0,512506;                931;                       414574;                                     0,013439;             1762;                     875127;                                     0,028368
       407;       545;         1;BR      ;30/10/2022 17:55:55;         472075;     156454011;           24;                 118869;                                     0,251801;        6924;              38822516;          5664;                30855141;                 5405;                       29565181;             2463;                   14412668;                                     0,487488;                       2942;                             15152513;                                     0,512512;                110;                       414684;                                     0,013440;              149;                     875276;                                     0,028367
       407;       545;         1;BR      ;30/10/2022 17:55:56;         472075;     156454011;            7;                 118876;                                     0,251816;        2641;              38825157;          1937;                30857078;                 1859;                       29567040;             1068;                   14413736;                                     0,487493;                        791;                             15153304;                                     0,512507;                 16;                       414700;                                     0,013439;               62;                     875338;                                     0,028367
       407;       545;         1;BR      ;30/10/2022 17:55:57;         472075;     156454011;           39;                 118915;                                     0,251899;       10371;              38835528;          8238;                30865316;                 7876;                       29574916;             3419;                   14417155;                                     0,487479;                       4457;                             15157761;                                     0,512521;                129;                       414829;                                     0,013440;              233;                     875571;                                     0,028367
       407;       545;         1;BR      ;30/10/2022 17:55:58;         472075;     156454011;           70;                 118985;                                     0,252047;       23872;              38859400;         19225;                30884541;                18289;                       29593205;             7216;                   14424371;                                     0,487422;                      11073;                             15168834;                                     0,512578;                369;                       415198;                                     0,013444;              567;                     876138;                                     0,028368
       407;       545;         1;BR      ;30/10/2022 17:55:59;         472075;     156454011;            5;                 118990;                                     0,252057;        1605;              38861005;          1247;                30885788;                 1172;                       29594377;              758;                   14425129;                                     0,487428;                        414;                             15169248;                                     0,512572;                 21;                       415219;                                     0,013444;               54;                     876192;                                     0,028369
       407;       545;         1;BR      ;30/10/2022 17:56:00;         472075;     156454011;           77;                 119067;                                     0,252221;       24946;              38885951;         20871;                30906659;                19614;                       29613991;            10556;                   14435685;                                     0,487462;                       9058;                             15178306;                                     0,512538;                297;                       415516;                                     0,013444;              960;                     877152;                                     0,028381
       407;       545;         1;BR      ;30/10/2022 17:56:01;         472075;     156454011;          124;                 119191;                                     0,252483;       39408;              38925359;         31235;                30937894;                29678;                       29643669;            14091;                   14449776;                                     0,487449;                      15587;                             15193893;                                     0,512551;                520;                       416036;                                     0,013447;             1037;                     878189;                                     0,028386
       407;       545;         1;BR      ;30/10/2022 17:56:02;         472075;     156454011;           39;                 119230;                                     0,252566;       10731;              38936090;          8262;                30946156;                 7901;                       29651570;             3259;                   14453035;                                     0,487429;                       4642;                             15198535;                                     0,512571;                 82;                       416118;                                     0,013447;              279;                     878468;                                     0,028387
       407;       545;         1;BR      ;30/10/2022 17:56:03;         472075;     156454011;           64;                 119294;                                     0,252701;       17779;              38953869;         13896;                30960052;                13258;                       29664828;             5156;                   14458191;                                     0,487385;                       8102;                             15206637;                                     0,512615;                146;                       416264;                                     0,013445;              492;                     878960;                                     0,028390
       407;       545;         1;BR      ;30/10/2022 17:56:04;         472075;     156454011;           41;                 119335;                                     0,252788;       11323;              38965192;          8068;                30968120;                 7672;                       29672500;             3341;                   14461532;                                     0,487372;                       4331;                             15210968;                                     0,512628;                100;                       416364;                                     0,013445;              296;                     879256;                                     0,028392
       407;       545;         1;BR      ;30/10/2022 17:56:30;         472075;     156454011;          118;                 119453;                                     0,253038;       36804;              39001996;         28747;                30996867;                27650;                       29700150;            12433;                   14473965;                                     0,487336;                      15217;                             15226185;                                     0,512664;                378;                       416742;                                     0,013445;              719;                     879975;                                     0,028389
       407;       545;         1;BR      ;30/10/2022 17:56:31;         472075;     156454011;          263;                 119716;                                     0,253595;       85182;              39087178;         66218;                31063085;                63677;                       29763827;            28828;                   14502793;                                     0,487262;                      34849;                             15261034;                                     0,512738;                821;                       417563;                                     0,013442;             1720;                     881695;                                     0,028384
       407;       545;         1;BR      ;30/10/2022 17:56:32;         472075;     156454011;          278;                 119994;                                     0,254184;       92433;              39179611;         74014;                31137099;                71121;                       29834948;            41622;                   14544415;                                     0,487496;                      29499;                             15290533;                                     0,512504;                931;                       418494;                                     0,013440;             1962;                     883657;                                     0,028380
       407;       545;         1;BR      ;30/10/2022 17:56:33;         472075;     156454011;          236;                 120230;                                     0,254684;       81638;              39261249;         64117;                31201216;                59897;                       29894845;            26465;                   14570880;                                     0,487404;                      33432;                             15323965;                                     0,512596;               1341;                       419835;                                     0,013456;             2879;                     886536;                                     0,028414
       407;       545;         1;BR      ;30/10/2022 17:56:34;         472075;     156454011;          124;                 120354;                                     0,254947;       39764;              39301013;         31469;                31232685;                29632;                       29924477;            11509;                   14582389;                                     0,487306;                      18123;                             15342088;                                     0,512694;                586;                       420421;                                     0,013461;             1251;                     887787;                                     0,028425
       407;       545;         1;BR      ;30/10/2022 17:56:35;         472075;     156454011;          107;                 120461;                                     0,255173;       34952;              39335965;         27185;                31259870;                25675;                       29950152;            10991;                   14593380;                                     0,487256;                      14684;                             15356772;                                     0,512744;                495;                       420916;                                     0,013465;             1015;                     888802;                                     0,028433
       407;       545;         1;BR      ;30/10/2022 17:56:36;         472075;     156454011;          173;                 120634;                                     0,255540;       55422;              39391387;         43107;                31302977;                41009;                       29991161;            14703;                   14608083;                                     0,487080;                      26306;                             15383078;                                     0,512920;                716;                       421632;                                     0,013469;             1382;                     890184;                                     0,028438
       407;       545;         1;BR      ;30/10/2022 17:56:37;         472075;     156454011;            2;                 120636;                                     0,255544;         702;              39392089;           510;                31303487;                  487;                       29991648;              174;                   14608257;                                     0,487078;                        313;                             15383391;                                     0,512922;                  8;                       421640;                                     0,013469;               15;                     890199;                                     0,028438
       407;       545;         1;BR      ;30/10/2022 17:56:39;         472075;     156454011;           78;                 120714;                                     0,255709;       24218;              39416307;         18800;                31322287;                18196;                       30009844;             7749;                   14616006;                                     0,487040;                      10447;                             15393838;                                     0,512960;                229;                       421869;                                     0,013469;              375;                     890574;                                     0,028433
       407;       545;         1;BR      ;30/10/2022 17:56:40;         472075;     156454011;          234;                 120948;                                     0,256205;       78630;              39494937;         62803;                31385090;                60750;                       30070594;            26071;                   14642077;                                     0,486923;                      34679;                             15428517;                                     0,513077;                710;                       422579;                                     0,013464;             1343;                     891917;                                     0,028418
       407;       545;         1;BR      ;30/10/2022 17:56:41;         472075;     156454011;           66;                 121014;                                     0,256345;       20116;              39515053;         16371;                31401461;                15805;                       30086399;             9265;                   14651342;                                     0,486976;                       6540;                             15435057;                                     0,513024;                201;                       422780;                                     0,013464;              365;                     892282;                                     0,028415
       407;       545;         1;BR      ;30/10/2022 17:56:42;         472075;     156454011;           21;                 121035;                                     0,256389;        7617;              39522670;          6211;                31407672;                 6031;                       30092430;             2176;                   14653518;                                     0,486950;                       3855;                             15438912;                                     0,513050;                 70;                       422850;                                     0,013463;              110;                     892392;                                     0,028413
       407;       545;         1;BR      ;30/10/2022 17:56:43;         472075;     156454011;           61;                 121096;                                     0,256519;       17092;              39539762;         13134;                31420806;                12743;                       30105173;             7008;                   14660526;                                     0,486977;                       5735;                             15444647;                                     0,513023;                125;                       422975;                                     0,013462;              266;                     892658;                                     0,028410
       407;       545;         1;BR      ;30/10/2022 17:56:44;         472075;     156454011;          161;                 121257;                                     0,256860;       50341;              39590103;         40677;                31461483;                39344;                       30144517;            18489;                   14679015;                                     0,486955;                      20855;                             15465502;                                     0,513045;                485;                       423460;                                     0,013460;              848;                     893506;                                     0,028400
       407;       545;         1;BR      ;30/10/2022 17:56:45;         472075;     156454011;           54;                 121311;                                     0,256974;       18584;              39608687;         15137;                31476620;                14640;                       30159157;             5862;                   14684877;                                     0,486913;                       8778;                             15474280;                                     0,513087;                214;                       423674;                                     0,013460;              283;                     893789;                                     0,028395
       407;       545;         1;BR      ;30/10/2022 17:56:46;         472075;     156454011;           29;                 121340;                                     0,257035;        9462;              39618149;          7427;                31484047;                 7224;                       30166381;             2918;                   14687795;                                     0,486893;                       4306;                             15478586;                                     0,513107;                 82;                       423756;                                     0,013459;              121;                     893910;                                     0,028392
       407;       545;         1;BR      ;30/10/2022 17:56:47;         472075;     156454011;           68;                 121408;                                     0,257179;       20787;              39638936;         16798;                31500845;                16034;                       30182415;            10944;                   14698739;                                     0,486997;                       5090;                             15483676;                                     0,513003;                201;                       423957;                                     0,013459;              563;                     894473;                                     0,028395
       407;       545;         1;BR      ;30/10/2022 17:56:48;         472075;     156454011;          165;                 121573;                                     0,257529;       55803;              39694739;         45522;                31546367;                42899;                       30225314;            29534;                   14728273;                                     0,487283;                      13365;                             15497041;                                     0,512717;                629;                       424586;                                     0,013459;             1994;                     896467;                                     0,028417
       407;       545;         1;BR      ;30/10/2022 17:56:49;         472075;     156454011;           24;                 121597;                                     0,257580;        7282;              39702021;          5813;                31552180;                 5558;                       30230872;             2911;                   14731184;                                     0,487289;                       2647;                             15499688;                                     0,512711;                 62;                       424648;                                     0,013459;              193;                     896660;                                     0,028418
       407;       545;         1;BR      ;30/10/2022 17:56:50;         472075;     156454011;           36;                 121633;                                     0,257656;       11422;              39713443;          9385;                31561565;                 9012;                       30239884;             3724;                   14734908;                                     0,487267;                       5288;                             15504976;                                     0,512733;                110;                       424758;                                     0,013458;              263;                     896923;                                     0,028418
       407;       545;         1;BR      ;30/10/2022 17:56:51;         472075;     156454011;           69;                 121702;                                     0,257802;       20440;              39733883;         15925;                31577490;                15250;                       30255134;             9333;                   14744241;                                     0,487330;                       5917;                             15510893;                                     0,512670;                210;                       424968;                                     0,013458;              465;                     897388;                                     0,028419
       407;       545;         1;BR      ;30/10/2022 17:56:52;         472075;     156454011;           63;                 121765;                                     0,257936;       21578;              39755461;         16127;                31593617;                15597;                       30270731;             7070;                   14751311;                                     0,487313;                       8527;                             15519420;                                     0,512687;                161;                       425129;                                     0,013456;              369;                     897757;                                     0,028416
       407;       545;         1;BR      ;30/10/2022 17:56:53;         472075;     156454011;           37;                 121802;                                     0,258014;       12536;              39767997;         10047;                31603664;                 9457;                       30280188;             5680;                   14756991;                                     0,487348;                       3777;                             15523197;                                     0,512652;                147;                       425276;                                     0,013457;              443;                     898200;                                     0,028421
       407;       545;         1;BR      ;30/10/2022 17:56:54;         472075;     156454011;            3;                 121805;                                     0,258020;        1164;              39769161;          1015;                31604679;                  947;                       30281135;              533;                   14757524;                                     0,487350;                        414;                             15523611;                                     0,512650;                 11;                       425287;                                     0,013456;               57;                     898257;                                     0,028422
       407;       545;         1;BR      ;30/10/2022 17:56:55;         472075;     156454011;            5;                 121810;                                     0,258031;        1925;              39771086;          1503;                31606182;                 1448;                       30282583;             1001;                   14758525;                                     0,487360;                        447;                             15524058;                                     0,512640;                  7;                       425294;                                     0,013456;               48;                     898305;                                     0,028422
       407;       545;         1;BR      ;30/10/2022 17:56:56;         472075;     156454011;          108;                 121918;                                     0,258260;       34453;              39805539;         27733;                31633915;                26134;                       30308717;            17825;                   14776350;                                     0,487528;                       8309;                             15532367;                                     0,512472;                346;                       425640;                                     0,013455;             1253;                     899558;                                     0,028437
       407;       545;         1;BR      ;30/10/2022 17:56:57;         472075;     156454011;          104;                 122022;                                     0,258480;       32738;              39838277;         26094;                31660009;                25126;                       30333843;            13525;                   14789875;                                     0,487570;                      11601;                             15543968;                                     0,512430;                294;                       425934;                                     0,013453;              674;                     900232;                                     0,028434
       407;       545;         1;BR      ;30/10/2022 17:56:58;         472075;     156454011;           72;                 122094;                                     0,258633;       25088;              39863365;         19847;                31679856;                19375;                       30353218;            11733;                   14801608;                                     0,487645;                       7642;                             15551610;                                     0,512355;                195;                       426129;                                     0,013451;              277;                     900509;                                     0,028425
       407;       545;         1;BR      ;30/10/2022 17:56:59;         472075;     156454011;            8;                 122102;                                     0,258650;        2864;              39866229;          2124;                31681980;                 2067;                       30355285;             1546;                   14803154;                                     0,487663;                        521;                             15552131;                                     0,512337;                 16;                       426145;                                     0,013451;               41;                     900550;                                     0,028425
       407;       545;         1;BR      ;30/10/2022 17:57:00;         472075;     156454011;            8;                 122110;                                     0,258667;        2417;              39868646;          1880;                31683860;                 1826;                       30357111;             1231;                   14804385;                                     0,487674;                        595;                             15552726;                                     0,512326;                 22;                       426167;                                     0,013451;               32;                     900582;                                     0,028424
       407;       545;         1;BR      ;30/10/2022 17:57:01;         472075;     156454011;          115;                 122225;                                     0,258910;       39466;              39908112;         30811;                31714671;                29601;                       30386712;            13175;                   14817560;                                     0,487633;                      16426;                             15569152;                                     0,512367;                341;                       426508;                                     0,013448;              869;                     901451;                                     0,028424
       407;       545;         1;BR      ;30/10/2022 17:57:02;         472075;     156454011;          217;                 122442;                                     0,259370;       74413;              39982525;         59165;                31773836;                56482;                       30443194;            25736;                   14843296;                                     0,487574;                      30746;                             15599898;                                     0,512426;               1077;                       427585;                                     0,013457;             1606;                     903057;                                     0,028421
       407;       545;         1;BR      ;30/10/2022 17:57:03;         472075;     156454011;            6;                 122448;                                     0,259383;        2016;              39984541;          1581;                31775417;                 1507;                       30444701;              650;                   14843946;                                     0,487571;                        857;                             15600755;                                     0,512429;                 34;                       427619;                                     0,013458;               40;                     903097;                                     0,028421
       407;       545;         1;BR      ;30/10/2022 17:57:04;         472075;     156454011;           21;                 122469;                                     0,259427;        6591;              39991132;          5318;                31780735;                 5119;                       30449820;             2010;                   14845956;                                     0,487555;                       3109;                             15603864;                                     0,512445;                 95;                       427714;                                     0,013458;              104;                     903201;                                     0,028420
       407;       545;         1;BR      ;30/10/2022 17:57:05;         472075;     156454011;           66;                 122535;                                     0,259567;       19204;              40010336;         15950;                31796685;                15316;                       30465136;             6247;                   14852203;                                     0,487515;                       9069;                             15612933;                                     0,512485;                267;                       427981;                                     0,013460;              367;                     903568;                                     0,028417
       407;       545;         1;BR      ;30/10/2022 17:57:06;         472075;     156454011;           60;                 122595;                                     0,259694;       18201;              40028537;         15048;                31811733;                14383;                       30479519;             6251;                   14858454;                                     0,487490;                       8132;                             15621065;                                     0,512510;                230;                       428211;                                     0,013461;              435;                     904003;                                     0,028417
       407;       545;         1;BR      ;30/10/2022 17:57:07;         472075;     156454011;          127;                 122722;                                     0,259963;       43691;              40072228;         36602;                31848335;                34186;                       30513705;            21460;                   14879914;                                     0,487647;                      12726;                             15633791;                                     0,512353;                470;                       428681;                                     0,013460;             1946;                     905949;                                     0,028446
       407;       545;         1;BR      ;30/10/2022 17:57:08;         472075;     156454011;           23;                 122745;                                     0,260012;        7113;              40079341;          5925;                31854260;                 5533;                       30519238;             3702;                   14883616;                                     0,487680;                       1831;                             15635622;                                     0,512320;                 88;                       428769;                                     0,013460;              304;                     906253;                                     0,028450
       407;       545;         1;BR      ;30/10/2022 17:57:09;         472075;     156454011;          135;                 122880;                                     0,260298;       41490;              40120831;         32920;                31887180;                31160;                       30550398;            16155;                   14899771;                                     0,487711;                      15005;                             15650627;                                     0,512289;                473;                       429242;                                     0,013461;             1287;                     907540;                                     0,028461
       407;       545;         1;BR      ;30/10/2022 17:57:10;         472075;     156454011;           40;                 122920;                                     0,260382;       10745;              40131576;          7914;                31895094;                 7535;                       30557933;             3188;                   14902959;                                     0,487695;                       4347;                             15654974;                                     0,512305;                 89;                       429331;                                     0,013461;              290;                     907830;                                     0,028463
       407;       545;         1;BR      ;30/10/2022 17:57:11;         472075;     156454011;           15;                 122935;                                     0,260414;        4041;              40135617;          3060;                31898154;                 2869;                       30560802;             1624;                   14904583;                                     0,487703;                       1245;                             15656219;                                     0,512297;                 27;                       429358;                                     0,013460;              164;                     907994;                                     0,028465
       407;       545;         1;BR      ;30/10/2022 17:57:33;         472075;     156454011;          190;                 123125;                                     0,260817;       62342;              40197959;         49166;                31947320;                47536;                       30608338;            28262;                   14932845;                                     0,487869;                      19274;                             15675493;                                     0,512131;                550;                       429908;                                     0,013457;             1080;                     909074;                                     0,028455
       407;       545;         1;BR      ;30/10/2022 17:57:34;         472075;     156454011;          335;                 123460;                                     0,261526;      113657;              40311616;         88831;                32036151;                85395;                       30693733;            40201;                   14973046;                                     0,487821;                      45194;                             15720687;                                     0,512179;               1162;                       431070;                                     0,013456;             2274;                     911348;                                     0,028447
       407;       545;         1;BR      ;30/10/2022 17:57:35;         472075;     156454011;          293;                 123753;                                     0,262147;       98272;              40409888;         79522;                32115673;                76428;                       30770161;            42305;                   15015351;                                     0,487984;                      34123;                             15754810;                                     0,512016;               1045;                       432115;                                     0,013455;             2049;                     913397;                                     0,028441
       407;       545;         1;BR      ;30/10/2022 17:57:36;         472075;     156454011;          469;                 124222;                                     0,263140;      155619;              40565507;        123176;                32238849;               115442;                       30885603;            52606;                   15067957;                                     0,487863;                      62836;                             15817646;                                     0,512137;               2337;                       434452;                                     0,013476;             5397;                     918794;                                     0,028500
       407;       545;         1;BR      ;30/10/2022 17:57:37;         472075;     156454011;           72;                 124294;                                     0,263293;       24827;              40590334;         19533;                32258382;                18426;                       30904029;             6802;                   15074759;                                     0,487793;                      11624;                             15829270;                                     0,512207;                363;                       434815;                                     0,013479;              744;                     919538;                                     0,028505
       407;       545;         1;BR      ;30/10/2022 17:57:39;         472075;     156454011;            9;                 124303;                                     0,263312;        3325;              40593659;          2552;                32260934;                 2437;                       30906466;             1181;                   15075940;                                     0,487792;                       1256;                             15830526;                                     0,512208;                 48;                       434863;                                     0,013480;               67;                     919605;                                     0,028505
       407;       545;         1;BR      ;30/10/2022 17:57:40;         472075;     156454011;          112;                 124415;                                     0,263549;       37051;              40630710;         28409;                32289343;                26820;                       30933286;            10252;                   15086192;                                     0,487701;                      16568;                             15847094;                                     0,512299;                504;                       435367;                                     0,013483;             1085;                     920690;                                     0,028514
       407;       545;         1;BR      ;30/10/2022 17:57:41;         472075;     156454011;           70;                 124485;                                     0,263698;       21605;              40652315;         16858;                32306201;                15962;                       30949248;             6245;                   15092437;                                     0,487651;                       9717;                             15856811;                                     0,512349;                297;                       435664;                                     0,013485;              599;                     921289;                                     0,028517
       407;       545;         1;BR      ;30/10/2022 17:57:43;         472075;     156454011;           75;                 124560;                                     0,263856;       24396;              40676711;         19586;                32325787;                18951;                       30968199;            10484;                   15102921;                                     0,487691;                       8467;                             15865278;                                     0,512309;                226;                       435890;                                     0,013484;              409;                     921698;                                     0,028513
       407;       545;         1;BR      ;30/10/2022 17:57:44;         472075;     156454011;          259;                 124819;                                     0,264405;       84355;              40761066;         67278;                32393065;                65023;                       31033222;            32777;                   15135698;                                     0,487726;                      32246;                             15897524;                                     0,512274;                707;                       436597;                                     0,013478;             1548;                     923246;                                     0,028501
       407;       545;         1;BR      ;30/10/2022 17:57:45;         472075;     156454011;           78;                 124897;                                     0,264570;       28657;              40789723;         23834;                32416899;                22937;                       31056159;             8547;                   15144245;                                     0,487641;                      14390;                             15911914;                                     0,512359;                371;                       436968;                                     0,013480;              526;                     923772;                                     0,028497
       407;       545;         1;BR      ;30/10/2022 17:57:46;         472075;     156454011;           27;                 124924;                                     0,264627;        9597;              40799320;          7760;                32424659;                 7559;                       31063718;             2655;                   15146900;                                     0,487607;                       4904;                             15916818;                                     0,512393;                 92;                       437060;                                     0,013479;              109;                     923881;                                     0,028493
       407;       545;         1;BR      ;30/10/2022 17:57:47;         472075;     156454011;           84;                 125008;                                     0,264805;       24674;              40823994;         19690;                32444349;                19059;                       31082777;             9137;                   15156037;                                     0,487602;                       9922;                             15926740;                                     0,512398;                246;                       437306;                                     0,013479;              385;                     924266;                                     0,028488
       407;       545;         1;BR      ;30/10/2022 17:57:48;         472075;     156454011;          182;                 125190;                                     0,265191;       63680;              40887674;         51638;                32495987;                48812;                       31131589;            30821;                   15186858;                                     0,487828;                      17991;                             15944731;                                     0,512172;                675;                       437981;                                     0,013478;             2151;                     926417;                                     0,028509
       407;       545;         1;BR      ;30/10/2022 17:57:49;         472075;     156454011;           60;                 125250;                                     0,265318;       18845;              40906519;         15022;                32511009;                14200;                       31145789;             9130;                   15195988;                                     0,487899;                       5070;                             15949801;                                     0,512101;                222;                       438203;                                     0,013479;              600;                     927017;                                     0,028514
       407;       545;         1;BR      ;30/10/2022 17:57:50;         472075;     156454011;            5;                 125255;                                     0,265329;        1620;              40908139;          1193;                32512202;                 1133;                       31146922;              838;                   15196826;                                     0,487908;                        295;                             15950096;                                     0,512092;                 11;                       438214;                                     0,013478;               49;                     927066;                                     0,028514
       407;       545;         1;BR      ;30/10/2022 17:57:51;         472075;     156454011;          124;                 125379;                                     0,265591;       38812;              40946951;         29835;                32542037;                28337;                       31175259;            20330;                   15217156;                                     0,488116;                       8007;                             15958103;                                     0,511884;                361;                       438575;                                     0,013477;             1137;                     928203;                                     0,028523
       407;       545;         1;BR      ;30/10/2022 17:57:52;         472075;     156454011;           75;                 125454;                                     0,265750;       23113;              40970064;         17866;                32559903;                17050;                       31192309;            11774;                   15228930;                                     0,488227;                       5276;                             15963379;                                     0,511773;                211;                       438786;                                     0,013476;              605;                     928808;                                     0,028526
       407;       545;         1;BR      ;30/10/2022 17:57:53;         472075;     156454011;          118;                 125572;                                     0,266000;       40811;              41010875;         33275;                32593178;                31991;                       31224300;            12706;                   15241636;                                     0,488134;                      19285;                             15982664;                                     0,511866;                393;                       439179;                                     0,013475;              891;                     929699;                                     0,028524
       407;       545;         1;BR      ;30/10/2022 17:57:54;         472075;     156454011;           26;                 125598;                                     0,266055;        8544;              41019419;          6539;                32599717;                 6374;                       31230674;             2281;                   15243917;                                     0,488107;                       4093;                             15986757;                                     0,511893;                 65;                       439244;                                     0,013474;              100;                     929799;                                     0,028522
       407;       545;         1;BR      ;30/10/2022 17:57:55;         472075;     156454011;           38;                 125636;                                     0,266136;       12429;              41031848;         10278;                32609995;                 9827;                       31240501;             5122;                   15249039;                                     0,488118;                       4705;                             15991462;                                     0,511882;                115;                       439359;                                     0,013473;              336;                     930135;                                     0,028523
       407;       545;         1;BR      ;30/10/2022 17:57:56;         472075;     156454011;            7;                 125643;                                     0,266151;        2538;              41034386;          2148;                32612143;                 2028;                       31242529;             1466;                   15250505;                                     0,488133;                        562;                             15992024;                                     0,511867;                 27;                       439386;                                     0,013473;               93;                     930228;                                     0,028524
       407;       545;         1;BR      ;30/10/2022 17:57:57;         472075;     156454011;           54;                 125697;                                     0,266265;       17334;              41051720;         12810;                32624953;                12536;                       31255065;             4488;                   15254993;                                     0,488081;                       8048;                             16000072;                                     0,511919;                 97;                       439483;                                     0,013471;              177;                     930405;                                     0,028518
       407;       545;         1;BR      ;30/10/2022 17:57:58;         472075;     156454011;          107;                 125804;                                     0,266492;       36515;              41088235;         29407;                32654360;                27633;                       31282698;            20434;                   15275427;                                     0,488303;                       7199;                             16007271;                                     0,511697;                321;                       439804;                                     0,013468;             1453;                     931858;                                     0,028537
       407;       545;         1;BR      ;30/10/2022 17:57:59;         472075;     156454011;           51;                 125855;                                     0,266600;       17489;              41105724;         13967;                32668327;                13237;                       31295935;             8846;                   15284273;                                     0,488379;                       4391;                             16011662;                                     0,511621;                196;                       440000;                                     0,013469;              534;                     932392;                                     0,028541
       407;       545;         1;BR      ;30/10/2022 17:58:00;         472075;     156454011;           14;                 125869;                                     0,266629;        3564;              41109288;          2747;                32671074;                 2673;                       31298608;             1496;                   15285769;                                     0,488385;                       1177;                             16012839;                                     0,511615;                 35;                       440035;                                     0,013469;               39;                     932431;                                     0,028540
       407;       545;         1;BR      ;30/10/2022 17:58:01;         472075;     156454011;           19;                 125888;                                     0,266669;        6150;              41115438;          4876;                32675950;                 4632;                       31303240;             3253;                   15289022;                                     0,488417;                       1379;                             16014218;                                     0,511583;                 46;                       440081;                                     0,013468;              198;                     932629;                                     0,028542
       407;       545;         1;BR      ;30/10/2022 17:58:02;         472075;     156454011;          122;                 126010;                                     0,266928;       39825;              41155263;         30586;                32706536;                29688;                       31332928;            13860;                   15302882;                                     0,488396;                      15828;                             16030046;                                     0,511604;                271;                       440352;                                     0,013464;              627;                     933256;                                     0,028534
       407;       545;         1;BR      ;30/10/2022 17:58:03;         472075;     156454011;          153;                 126163;                                     0,267252;       52186;              41207449;         41155;                32747691;                39594;                       31372522;            18750;                   15321632;                                     0,488377;                      20844;                             16050890;                                     0,511623;                424;                       440776;                                     0,013460;             1137;                     934393;                                     0,028533
       407;       545;         1;BR      ;30/10/2022 17:58:04;         472075;     156454011;          160;                 126323;                                     0,267591;       55223;              41262672;         42575;                32790266;                40787;                       31413309;            19478;                   15341110;                                     0,488363;                      21309;                             16072199;                                     0,511637;                749;                       441525;                                     0,013465;             1039;                     935432;                                     0,028528
       407;       545;         1;BR      ;30/10/2022 17:58:05;         472075;     156454011;           17;                 126340;                                     0,267627;        5538;              41268210;          4469;                32794735;                 4314;                       31417623;             1998;                   15343108;                                     0,488360;                       2316;                             16074515;                                     0,511640;                 65;                       441590;                                     0,013465;               90;                     935522;                                     0,028527
       407;       545;         1;BR      ;30/10/2022 17:58:06;         472075;     156454011;           30;                 126370;                                     0,267691;       10183;              41278393;          7952;                32802687;                 7513;                       31425136;             4367;                   15347475;                                     0,488382;                       3146;                             16077661;                                     0,511618;                152;                       441742;                                     0,013467;              287;                     935809;                                     0,028528
       407;       545;         1;BR      ;30/10/2022 17:58:07;         472075;     156454011;           79;                 126449;                                     0,267858;       25219;              41303612;         20503;                32823190;                19503;                       31444639;             8234;                   15355709;                                     0,488341;                      11269;                             16088930;                                     0,511659;                382;                       442124;                                     0,013470;              618;                     936427;                                     0,028529
       407;       545;         1;BR      ;30/10/2022 17:58:08;         472075;     156454011;            2;                 126451;                                     0,267862;         789;              41304401;           676;                32823866;                  654;                       31445293;              228;                   15355937;                                     0,488338;                        426;                             16089356;                                     0,511662;                 13;                       442137;                                     0,013470;                9;                     936436;                                     0,028529
       407;       545;         1;BR      ;30/10/2022 17:58:10;         472075;     156454011;           46;                 126497;                                     0,267960;       13723;              41318124;         11376;                32835242;                10849;                       31456142;             4195;                   15360132;                                     0,488303;                       6654;                             16096010;                                     0,511697;                246;                       442383;                                     0,013473;              281;                     936717;                                     0,028528
       407;       545;         1;BR      ;30/10/2022 17:58:11;         472075;     156454011;          155;                 126652;                                     0,268288;       46978;              41365102;         38897;                32874139;                36297;                       31492439;            24538;                   15384670;                                     0,488519;                      11759;                             16107769;                                     0,511481;                558;                       442941;                                     0,013474;             2042;                     938759;                                     0,028556
       407;       545;         1;BR      ;30/10/2022 17:58:12;         472075;     156454011;          210;                 126862;                                     0,268733;       68192;              41433294;         55475;                32929614;                53077;                       31545516;            20878;                   15405548;                                     0,488359;                      32199;                             16139968;                                     0,511641;                833;                       443774;                                     0,013476;             1565;                     940324;                                     0,028556
       407;       545;         1;BR      ;30/10/2022 17:58:13;         472075;     156454011;           61;                 126923;                                     0,268862;       17786;              41451080;         13913;                32943527;                13376;                       31558892;             4999;                   15410547;                                     0,488311;                       8377;                             16148345;                                     0,511689;                167;                       443941;                                     0,013476;              370;                     940694;                                     0,028555
       407;       545;         1;BR      ;30/10/2022 17:58:16;         472075;     156454011;            2;                 126925;                                     0,268866;         381;              41451461;           310;                32943837;                  297;                       31559189;              114;                   15410661;                                     0,488310;                        183;                             16148528;                                     0,511690;                  2;                       443943;                                     0,013476;               11;                     940705;                                     0,028555
       407;       545;         1;BR      ;30/10/2022 17:58:17;         472075;     156454011;            5;                 126930;                                     0,268877;        1613;              41453074;          1297;                32945134;                 1228;                       31560417;              411;                   15411072;                                     0,488304;                        817;                             16149345;                                     0,511696;                 22;                       443965;                                     0,013476;               47;                     940752;                                     0,028555
       407;       545;         1;BR      ;30/10/2022 17:58:37;         472075;     156454011;          133;                 127063;                                     0,269159;       41812;              41494886;         32468;                32977602;                31364;                       31591781;            21591;                   15432663;                                     0,488502;                       9773;                             16159118;                                     0,511498;                382;                       444347;                                     0,013474;              722;                     941474;                                     0,028549
       407;       545;         1;BR      ;30/10/2022 17:58:38;         472075;     156454011;          245;                 127308;                                     0,269677;       84827;              41579713;         66180;                33043782;                63490;                       31655271;            30200;                   15462863;                                     0,488477;                      33290;                             16192408;                                     0,511523;                886;                       445233;                                     0,013474;             1804;                     943278;                                     0,028546
       407;       545;         1;BR      ;30/10/2022 17:58:39;         472075;     156454011;          252;                 127560;                                     0,270211;       84736;              41664449;         69042;                33112824;                66393;                       31721664;            36429;                   15499292;                                     0,488603;                      29964;                             16222372;                                     0,511397;                824;                       446057;                                     0,013471;             1825;                     945103;                                     0,028542
       407;       545;         1;BR      ;30/10/2022 17:58:40;         472075;     156454011;          304;                 127864;                                     0,270855;       98027;              41762476;         78307;                33191131;                73829;                       31795493;            33267;                   15532559;                                     0,488514;                      40562;                             16262934;                                     0,511486;               1371;                       447428;                                     0,013480;             3107;                     948210;                                     0,028568
       407;       545;         1;BR      ;30/10/2022 17:58:41;         472075;     156454011;           65;                 127929;                                     0,270993;       19632;              41782108;         15158;                33206289;                14408;                       31809901;             5541;                   15538100;                                     0,488467;                       8867;                             16271801;                                     0,511533;                240;                       447668;                                     0,013481;              510;                     948720;                                     0,028570
       407;       545;         1;BR      ;30/10/2022 17:58:42;         472075;     156454011;           28;                 127957;                                     0,271052;        9259;              41791367;          7331;                33213620;                 6978;                       31816879;             3436;                   15541536;                                     0,488468;                       3542;                             16275343;                                     0,511532;                134;                       447802;                                     0,013482;              219;                     948939;                                     0,028571
       407;       545;         1;BR      ;30/10/2022 17:58:43;         472075;     156454011;          192;                 128149;                                     0,271459;       63057;              41854424;         49145;                33262765;                46458;                       31863337;            16867;                   15558403;                                     0,488285;                      29591;                             16304934;                                     0,511715;                845;                       448647;                                     0,013488;             1842;                     950781;                                     0,028584
       407;       545;         1;BR      ;30/10/2022 17:58:44;         472075;     156454011;          129;                 128278;                                     0,271732;       39230;              41893654;         31039;                33293804;                29444;                       31892781;            11129;                   15569532;                                     0,488184;                      18315;                             16323249;                                     0,511816;                570;                       449217;                                     0,013493;             1025;                     951806;                                     0,028588
       407;       545;         1;BR      ;30/10/2022 17:58:46;         472075;     156454011;            2;                 128280;                                     0,271736;         649;              41894303;           503;                33294307;                  476;                       31893257;              160;                   15569692;                                     0,488181;                        316;                             16323565;                                     0,511819;                  7;                       449224;                                     0,013493;               20;                     951826;                                     0,028588
       407;       545;         1;BR      ;30/10/2022 17:58:47;         472075;     156454011;           78;                 128358;                                     0,271902;       26087;              41920390;         19885;                33314192;                19343;                       31912600;             9131;                   15578823;                                     0,488172;                      10212;                             16333777;                                     0,511828;                189;                       449413;                                     0,013490;              353;                     952179;                                     0,028582
       407;       545;         1;BR      ;30/10/2022 17:58:48;         472075;     156454011;          243;                 128601;                                     0,272416;       81598;              42001988;         64565;                33378757;                62448;                       31975048;            28713;                   15607536;                                     0,488116;                      33735;                             16367512;                                     0,511884;                683;                       450096;                                     0,013485;             1434;                     953613;                                     0,028569
       407;       545;         1;BR      ;30/10/2022 17:58:49;         472075;     156454011;          123;                 128724;                                     0,272677;       39289;              42041277;         32425;                33411182;                31295;                       32006343;            13151;                   15620687;                                     0,488050;                      18144;                             16385656;                                     0,511950;                411;                       450507;                                     0,013484;              719;                     954332;                                     0,028563
       407;       545;         1;BR      ;30/10/2022 17:58:50;         472075;     156454011;           47;                 128771;                                     0,272777;       13569;              42054846;         11123;                33422305;                10773;                       32017116;             4568;                   15625255;                                     0,488028;                       6205;                             16391861;                                     0,511972;                130;                       450637;                                     0,013483;              220;                     954552;                                     0,028560
       407;       545;         1;BR      ;30/10/2022 17:58:51;         472075;     156454011;           72;                 128843;                                     0,272929;       22544;              42077390;         17911;                33440216;                17373;                       32034489;            10373;                   15635628;                                     0,488087;                       7000;                             16398861;                                     0,511913;                198;                       450835;                                     0,013482;              340;                     954892;                                     0,028555
       407;       545;         1;BR      ;30/10/2022 17:58:52;         472075;     156454011;          162;                 129005;                                     0,273272;       52645;              42130035;         43036;                33483252;                41434;                       32075923;            17869;                   15653497;                                     0,488014;                      23565;                             16422426;                                     0,511986;                584;                       451419;                                     0,013482;             1018;                     955910;                                     0,028549
       407;       545;         1;BR      ;30/10/2022 17:58:53;         472075;     156454011;          171;                 129176;                                     0,273634;       56578;              42186613;         44656;                33527908;                42717;                       32118640;            25777;                   15679274;                                     0,488167;                      16940;                             16439366;                                     0,511833;                536;                       451955;                                     0,013480;             1403;                     957313;                                     0,028553
       407;       545;         1;BR      ;30/10/2022 17:58:54;         472075;     156454011;          166;                 129342;                                     0,273986;       57432;              42244045;         46161;                33574069;                43151;                       32161791;            30074;                   15709348;                                     0,488448;                      13077;                             16452443;                                     0,511552;                679;                       452634;                                     0,013482;             2331;                     959644;                                     0,028583
       407;       545;         1;BR      ;30/10/2022 17:58:55;         472075;     156454011;           99;                 129441;                                     0,274196;       31347;              42275392;         23561;                33597630;                22400;                       32184191;            15663;                   15725011;                                     0,488594;                       6737;                             16459180;                                     0,511406;                262;                       452896;                                     0,013480;              899;                     960543;                                     0,028590
       407;       545;         1;BR      ;30/10/2022 17:58:56;         472075;     156454011;           41;                 129482;                                     0,274283;       13300;              42288692;         10616;                33608246;                10090;                       32194281;             4502;                   15729513;                                     0,488581;                       5588;                             16464768;                                     0,511419;                153;                       453049;                                     0,013480;              373;                     960916;                                     0,028592
       407;       545;         1;BR      ;30/10/2022 17:58:57;         472075;     156454011;          107;                 129589;                                     0,274509;       36787;              42325479;         28629;                33636875;                27970;                       32222251;             9229;                   15738742;                                     0,488443;                      18741;                             16483509;                                     0,511557;                268;                       453317;                                     0,013477;              391;                     961307;                                     0,028579
       407;       545;         1;BR      ;30/10/2022 17:58:58;         472075;     156454011;           30;                 129619;                                     0,274573;        9724;              42335203;          8059;                33644934;                 7794;                       32230045;             2760;                   15741502;                                     0,488411;                       5034;                             16488543;                                     0,511589;                100;                       453417;                                     0,013477;              165;                     961472;                                     0,028577
       407;       545;         1;BR      ;30/10/2022 17:58:59;         472075;     156454011;          105;                 129724;                                     0,274795;       33955;              42369158;         27744;                33672678;                26001;                       32256046;            18146;                   15759648;                                     0,488580;                       7855;                             16496398;                                     0,511420;                391;                       453808;                                     0,013477;             1352;                     962824;                                     0,028594
       407;       545;         1;BR      ;30/10/2022 17:59:01;         472075;     156454011;           22;                 129746;                                     0,274842;        5669;              42374827;          4727;                33677405;                 4463;                       32260509;             2964;                   15762612;                                     0,488604;                       1499;                             16497897;                                     0,511396;                 64;                       453872;                                     0,013477;              200;                     963024;                                     0,028596
       407;       545;         1;BR      ;30/10/2022 17:59:02;         472075;     156454011;           23;                 129769;                                     0,274891;        6783;              42381610;          5750;                33683155;                 5434;                       32265943;             3408;                   15766020;                                     0,488627;                       2026;                             16499923;                                     0,511373;                 87;                       453959;                                     0,013477;              229;                     963253;                                     0,028597
       407;       545;         1;BR      ;30/10/2022 17:59:03;         472075;     156454011;           60;                 129829;                                     0,275018;       19363;              42400973;         15452;                33698607;                14864;                       32280807;             8890;                   15774910;                                     0,488678;                       5974;                             16505897;                                     0,511322;                178;                       454137;                                     0,013476;              410;                     963663;                                     0,028597
       407;       545;         1;BR      ;30/10/2022 17:59:04;         472075;     156454011;          136;                 129965;                                     0,275306;       42347;              42443320;         32788;                33731395;                31972;                       32312779;            15860;                   15790770;                                     0,488685;                      16112;                             16522009;                                     0,511315;                302;                       454439;                                     0,013472;              514;                     964177;                                     0,028584
       407;       545;         1;BR      ;30/10/2022 17:59:05;         472075;     156454011;          205;                 130170;                                     0,275740;       71372;              42514692;         55186;                33786581;                52675;                       32365454;            25037;                   15815807;                                     0,488663;                      27638;                             16549647;                                     0,511337;                951;                       455390;                                     0,013478;             1560;                     965737;                                     0,028583
       407;       545;         1;BR      ;30/10/2022 17:59:06;         472075;     156454011;            3;                 130173;                                     0,275746;        1039;              42515731;           866;                33787447;                  818;                       32366272;              432;                   15816239;                                     0,488664;                        386;                             16550033;                                     0,511336;                 18;                       455408;                                     0,013479;               30;                     965767;                                     0,028584
       407;       545;         1;BR      ;30/10/2022 17:59:08;         472075;     156454011;            1;                 130174;                                     0,275749;          99;              42515830;            85;                33787532;                   82;                       32366354;               50;                   15816289;                                     0,488665;                         32;                             16550065;                                     0,511335;                  0;                       455408;                                     0,013479;                3;                     965770;                                     0,028584
       407;       545;         1;BR      ;30/10/2022 17:59:09;         472075;     156454011;           64;                 130238;                                     0,275884;       20752;              42536582;         14595;                33802127;                13861;                       32380215;             8141;                   15824430;                                     0,488707;                       5720;                             16555785;                                     0,511293;                234;                       455642;                                     0,013480;              500;                     966270;                                     0,028586
       407;       545;         1;BR      ;30/10/2022 17:59:10;         472075;     156454011;           93;                 130331;                                     0,276081;       31598;              42568180;         25359;                33827486;                24189;                       32404404;             9202;                   15833632;                                     0,488626;                      14987;                             16570772;                                     0,511374;                434;                       456076;                                     0,013482;              736;                     967006;                                     0,028586
       407;       545;         1;BR      ;30/10/2022 17:59:11;         472075;     156454011;           22;                 130353;                                     0,276128;        7359;              42575539;          5755;                33833241;                 5508;                       32409912;             2856;                   15836488;                                     0,488631;                       2652;                             16573424;                                     0,511369;                 79;                       456155;                                     0,013482;              168;                     967174;                                     0,028587
       407;       545;         1;BR      ;30/10/2022 17:59:12;         472075;     156454011;          154;                 130507;                                     0,276454;       48935;              42624474;         40326;                33873567;                37524;                       32447436;            25481;                   15861969;                                     0,488851;                      12043;                             16585467;                                     0,511149;                548;                       456703;                                     0,013483;             2254;                     969428;                                     0,028619
       407;       545;         1;BR      ;30/10/2022 17:59:13;         472075;     156454011;          154;                 130661;                                     0,276780;       48616;              42673090;         39216;                33912783;                37299;                       32484735;            15479;                   15877448;                                     0,488766;                      21820;                             16607287;                                     0,511234;                597;                       457300;                                     0,013485;             1320;                     970748;                                     0,028625
       407;       545;         1;BR      ;30/10/2022 17:59:14;         472075;     156454011;           23;                 130684;                                     0,276829;        6859;              42679949;          5802;                33918585;                 5540;                       32490275;             1935;                   15879383;                                     0,488743;                       3605;                             16610892;                                     0,511257;                 98;                       457398;                                     0,013485;              164;                     970912;                                     0,028625
       407;       545;         1;BR      ;30/10/2022 17:59:15;         472075;     156454011;           83;                 130767;                                     0,277005;       23601;              42703550;         18682;                33937267;                17884;                       32508159;             6977;                   15886360;                                     0,488688;                      10907;                             16621799;                                     0,511312;                230;                       457628;                                     0,013485;              568;                     971480;                                     0,028626
       407;       545;         1;BR      ;30/10/2022 17:59:18;         472075;     156454011;           18;                 130785;                                     0,277043;        4427;              42707977;          3310;                33940577;                 3182;                       32511341;             1335;                   15887695;                                     0,488682;                       1847;                             16623646;                                     0,511318;                 29;                       457657;                                     0,013484;               99;                     971579;                                     0,028626
       407;       545;         1;BR      ;30/10/2022 17:59:19;         472075;     156454011;            7;                 130792;                                     0,277058;        2273;              42710250;          1673;                33942250;                 1596;                       32512937;              971;                   15888666;                                     0,488688;                        625;                             16624271;                                     0,511312;                 11;                       457668;                                     0,013484;               66;                     971645;                                     0,028626
       407;       545;         1;BR      ;30/10/2022 17:59:20;         472075;     156454011;            4;                 130796;                                     0,277066;        1241;              42711491;           891;                33943141;                  858;                       32513795;              474;                   15889140;                                     0,488689;                        384;                             16624655;                                     0,511311;                  6;                       457674;                                     0,013484;               27;                     971672;                                     0,028626
       407;       545;         1;BR      ;30/10/2022 17:59:42;         472075;     156454011;          307;                 131103;                                     0,277716;      101273;              42812764;         79791;                34022932;                76862;                       32590657;            43140;                   15932280;                                     0,488860;                      33722;                             16658377;                                     0,511140;               1036;                       458710;                                     0,013482;             1893;                     973565;                                     0,028615
       407;       545;         1;BR      ;30/10/2022 17:59:43;         472075;     156454011;          306;                 131409;                                     0,278365;      110094;              42922858;         86203;                34109135;                82620;                       32673277;            37572;                   15969852;                                     0,488774;                      45048;                             16703425;                                     0,511226;               1144;                       459854;                                     0,013482;             2439;                     976004;                                     0,028614
       407;       545;         1;BR      ;30/10/2022 17:59:44;         472075;     156454011;          182;                 131591;                                     0,278750;       58552;              42981410;         47863;                34156998;                45998;                       32719275;            24105;                   15993957;                                     0,488824;                      21893;                             16725318;                                     0,511176;                610;                       460464;                                     0,013481;             1255;                     977259;                                     0,028611
       407;       545;         1;BR      ;30/10/2022 17:59:45;         472075;     156454011;          234;                 131825;                                     0,279246;       79091;              43060501;         63672;                34220670;                59550;                       32778825;            29141;                   16023098;                                     0,488825;                      30409;                             16755727;                                     0,511175;               1257;                       461721;                                     0,013492;             2865;                     980124;                                     0,028641
       407;       545;         1;BR      ;30/10/2022 17:59:46;         472075;     156454011;           18;                 131843;                                     0,279284;        6310;              43066811;          4824;                34225494;                 4632;                       32783457;             1809;                   16024907;                                     0,488811;                       2823;                             16758550;                                     0,511189;                 59;                       461780;                                     0,013492;              133;                     980257;                                     0,028641
       407;       545;         1;BR      ;30/10/2022 17:59:47;         472075;     156454011;           54;                 131897;                                     0,279398;       17961;              43084772;         14478;                34239972;                13757;                       32797214;             6678;                   16031585;                                     0,488809;                       7079;                             16765629;                                     0,511191;                248;                       462028;                                     0,013494;              473;                     980730;                                     0,028643
       407;       545;         1;BR      ;30/10/2022 17:59:48;         472075;     156454011;          191;                 132088;                                     0,279803;       63794;              43148566;         49936;                34289908;                47223;                       32844437;            17306;                   16048891;                                     0,488633;                      29917;                             16795546;                                     0,511367;                937;                       462965;                                     0,013501;             1776;                     982506;                                     0,028653
       407;       545;         1;BR      ;30/10/2022 17:59:49;         472075;     156454011;           44;                 132132;                                     0,279896;       14122;              43162688;         11041;                34300949;                10450;                       32854887;             4270;                   16053161;                                     0,488608;                       6180;                             16801726;                                     0,511392;                175;                       463140;                                     0,013502;              416;                     982922;                                     0,028656
       407;       545;         1;BR      ;30/10/2022 17:59:50;         472075;     156454011;           25;                 132157;                                     0,279949;        8086;              43170774;          6357;                34307306;                 5952;                       32860839;             2178;                   16055339;                                     0,488586;                       3774;                             16805500;                                     0,511414;                165;                       463305;                                     0,013505;              240;                     983162;                                     0,028658
       407;       545;         1;BR      ;30/10/2022 17:59:51;         472075;     156454011;            7;                 132164;                                     0,279964;        1865;              43172639;          1379;                34308685;                 1315;                       32862154;              640;                   16055979;                                     0,488586;                        675;                             16806175;                                     0,511414;                 25;                       463330;                                     0,013505;               39;                     983201;                                     0,028657
       407;       545;         1;BR      ;30/10/2022 17:59:52;         472075;     156454011;            2;                 132166;                                     0,279968;         593;              43173232;           445;                34309130;                  430;                       32862584;              133;                   16056112;                                     0,488583;                        297;                             16806472;                                     0,511417;                  6;                       463336;                                     0,013505;                9;                     983210;                                     0,028657
       407;       545;         1;BR      ;30/10/2022 17:59:53;         472075;     156454011;          271;                 132437;                                     0,280542;       90662;              43263894;         72149;                34381279;                69738;                       32932322;            32162;                   16088274;                                     0,488525;                      37576;                             16844048;                                     0,511475;                867;                       464203;                                     0,013502;             1544;                     984754;                                     0,028642
       407;       545;         1;BR      ;30/10/2022 17:59:54;         472075;     156454011;          174;                 132611;                                     0,280911;       51607;              43315501;         40994;                34422273;                39694;                       32972016;            21311;                   16109585;                                     0,488584;                      18383;                             16862431;                                     0,511416;                413;                       464616;                                     0,013498;              887;                     985641;                                     0,028634
       407;       545;         1;BR      ;30/10/2022 17:59:55;         472075;     156454011;          184;                 132795;                                     0,281301;       60681;              43376182;         49442;                34471715;                47638;                       33019654;            18883;                   16128468;                                     0,488451;                      28755;                             16891186;                                     0,511549;                741;                       465357;                                     0,013500;             1063;                     986704;                                     0,028624
       407;       545;         1;BR      ;30/10/2022 17:59:56;         472075;     156454011;          195;                 132990;                                     0,281714;       67533;              43443715;         54591;                34526306;                51162;                       33070816;            36271;                   16164739;                                     0,488792;                      14891;                             16906077;                                     0,511208;                781;                       466138;                                     0,013501;             2648;                     989352;                                     0,028655
       407;       545;         1;BR      ;30/10/2022 17:59:57;         472075;     156454011;          167;                 133157;                                     0,282067;       55319;              43499034;         44356;                34570662;                42050;                       33112866;            29944;                   16194683;                                     0,489075;                      12106;                             16918183;                                     0,510925;                599;                       466737;                                     0,013501;             1707;                     991059;                                     0,028668
       407;       545;         1;BR      ;30/10/2022 17:59:58;         472075;     156454011;           34;                 133191;                                     0,282139;       11052;              43510086;          8373;                34579035;                 8023;                       33120889;             4273;                   16198956;                                     0,489086;                       3750;                             16921933;                                     0,510914;                102;                       466839;                                     0,013501;              248;                     991307;                                     0,028668
       407;       545;         1;BR      ;30/10/2022 17:59:59;         472075;     156454011;          106;                 133297;                                     0,282364;       35312;              43545398;         27669;                34606704;                26817;                       33147706;             9687;                   16208643;                                     0,488982;                      17130;                             16939063;                                     0,511018;                284;                       467123;                                     0,013498;              568;                     991875;                                     0,028661
       407;       545;         1;BR      ;30/10/2022 18:00:00;         472075;     156454011;           54;                 133351;                                     0,282478;       17448;              43562846;         14065;                34620769;                13646;                       33161352;             3812;                   16212455;                                     0,488896;                       9834;                             16948897;                                     0,511104;                161;                       467284;                                     0,013497;              258;                     992133;                                     0,028657
       407;       545;         1;BR      ;30/10/2022 18:00:01;         472075;     156454011;           50;                 133401;                                     0,282584;       16443;              43579289;         13660;                34634429;                12963;                       33174315;             7620;                   16220075;                                     0,488935;                       5343;                             16954240;                                     0,511065;                154;                       467438;                                     0,013496;              543;                     992676;                                     0,028662
       407;       545;         1;BR      ;30/10/2022 18:00:02;         472075;     156454011;           75;                 133476;                                     0,282743;       24702;              43603991;         19938;                34654367;                18841;                       33193156;            12218;                   16232293;                                     0,489025;                       6623;                             16960863;                                     0,510975;                234;                       467672;                                     0,013495;              863;                     993539;                                     0,028670
       407;       545;         1;BR      ;30/10/2022 18:00:03;         472075;     156454011;          102;                 133578;                                     0,282959;       32197;              43636188;         25748;                34680115;                24765;                       33217921;            14340;                   16246633;                                     0,489092;                      10425;                             16971288;                                     0,510908;                271;                       467943;                                     0,013493;              712;                     994251;                                     0,028669
       407;       545;         1;BR      ;30/10/2022 18:00:04;         472075;     156454011;           67;                 133645;                                     0,283101;       23815;              43660003;         17634;                34697749;                17214;                       33235135;            10137;                   16256770;                                     0,489144;                       7077;                             16978365;                                     0,510856;                145;                       468088;                                     0,013490;              275;                     994526;                                     0,028663
       407;       545;         1;BR      ;30/10/2022 18:00:05;         472075;     156454011;           35;                 133680;                                     0,283175;       14678;              43674681;         12250;                34709999;                11901;                       33247036;             6459;                   16263229;                                     0,489163;                       5442;                             16983807;                                     0,510837;                156;                       468244;                                     0,013490;              193;                     994719;                                     0,028658
       407;       545;         1;BR      ;30/10/2022 18:00:06;         472075;     156454011;           87;                 133767;                                     0,283360;       25461;              43700142;         19308;                34729307;                18662;                       33265698;             8239;                   16271468;                                     0,489137;                      10423;                             16994230;                                     0,510863;                194;                       468438;                                     0,013488;              452;                     995171;                                     0,028655
       407;       545;         1;BR      ;30/10/2022 18:00:07;         472075;     156454011;           62;                 133829;                                     0,283491;       21088;              43721230;         16838;                34746145;                16031;                       33281729;             7341;                   16278809;                                     0,489121;                       8690;                             17002920;                                     0,510879;                230;                       468668;                                     0,013488;              577;                     995748;                                     0,028658
       407;       545;         1;BR      ;30/10/2022 18:00:08;         472075;     156454011;          174;                 134003;                                     0,283860;       57888;              43779118;         45610;                34791755;                43763;                       33325492;            19477;                   16298286;                                     0,489064;                      24286;                             17027206;                                     0,510936;                755;                       469423;                                     0,013492;             1092;                     996840;                                     0,028652
       407;       545;         1;BR      ;30/10/2022 18:00:09;         472075;     156454011;          150;                 134153;                                     0,284177;       48052;              43827170;         39730;                34831485;                37982;                       33363474;            14831;                   16313117;                                     0,488951;                      23151;                             17050357;                                     0,511049;                678;                       470101;                                     0,013496;             1070;                     997910;                                     0,028650
       407;       545;         1;BR      ;30/10/2022 18:00:10;         472075;     156454011;           14;                 134167;                                     0,284207;        3601;              43830771;          3027;                34834512;                 2897;                       33366371;             1144;                   16314261;                                     0,488943;                       1753;                             17052110;                                     0,511057;                 44;                       470145;                                     0,013497;               86;                     997996;                                     0,028650
       407;       545;         1;BR      ;30/10/2022 18:00:11;         472075;     156454011;           46;                 134213;                                     0,284304;       15450;              43846221;         12920;                34847432;                12138;                       33378509;             7017;                   16321278;                                     0,488976;                       5121;                             17057231;                                     0,511024;                164;                       470309;                                     0,013496;              618;                     998614;                                     0,028657
       407;       545;         1;BR      ;30/10/2022 18:00:12;         472075;     156454011;          129;                 134342;                                     0,284578;       41593;              43887814;         34263;                34881695;                32333;                       33410842;            19613;                   16340891;                                     0,489089;                      12720;                             17069951;                                     0,510911;                486;                       470795;                                     0,013497;             1444;                    1000058;                                     0,028670
       407;       545;         1;BR      ;30/10/2022 18:00:13;         472075;     156454011;          165;                 134507;                                     0,284927;       54751;              43942565;         43683;                34925378;                41276;                       33452118;            19369;                   16360260;                                     0,489065;                      21907;                             17091858;                                     0,510935;                696;                       471491;                                     0,013500;             1711;                    1001769;                                     0,028683
       407;       545;         1;BR      ;30/10/2022 18:00:14;         472075;     156454011;           51;                 134558;                                     0,285035;       14962;              43957527;         11903;                34937281;                11344;                       33463462;             4583;                   16364843;                                     0,489036;                       6761;                             17098619;                                     0,510964;                159;                       471650;                                     0,013500;              400;                    1002169;                                     0,028685
       407;       545;         1;BR      ;30/10/2022 18:00:15;         472075;     156454011;            3;                 134561;                                     0,285042;         701;              43958228;           531;                34937812;                  504;                       33463966;              329;                   16365172;                                     0,489039;                        175;                             17098794;                                     0,510961;                 11;                       471661;                                     0,013500;               16;                    1002185;                                     0,028685
       407;       545;         1;BR      ;30/10/2022 18:00:46;         472075;     156454011;          182;                 134743;                                     0,285427;       53150;              44011378;         41691;                34979503;                40448;                       33504414;            27919;                   16393091;                                     0,489282;                      12529;                             17111323;                                     0,510718;                427;                       472088;                                     0,013496;              816;                    1003001;                                     0,028674
       407;       545;         1;BR      ;30/10/2022 18:00:47;         472075;     156454011;          325;                 135068;                                     0,286116;      101411;              44112789;         81907;                35061410;                78860;                       33583274;            43260;                   16436351;                                     0,489421;                      35600;                             17146923;                                     0,510579;               1021;                       473109;                                     0,013494;             2026;                    1005027;                                     0,028665
       407;       545;         1;BR      ;30/10/2022 18:00:48;         472075;     156454011;          313;                 135381;                                     0,286779;      111747;              44224536;         87334;                35148744;                83825;                       33667099;            36826;                   16473177;                                     0,489296;                      46999;                             17193922;                                     0,510704;               1126;                       474235;                                     0,013492;             2383;                    1007410;                                     0,028661
       407;       545;         1;BR      ;30/10/2022 18:00:49;         472075;     156454011;           92;                 135473;                                     0,286973;       28698;              44253234;         22138;                35170882;                21304;                       33688403;             9730;                   16482907;                                     0,489275;                      11574;                             17205496;                                     0,510725;                316;                       474551;                                     0,013493;              518;                    1007928;                                     0,028658
       407;       545;         1;BR      ;30/10/2022 18:00:50;         472075;     156454011;          268;                 135741;                                     0,287541;       85883;              44339117;         67758;                35238640;                63470;                       33751873;            29520;                   16512427;                                     0,489230;                      33950;                             17239446;                                     0,510770;               1372;                       475923;                                     0,013506;             2916;                    1010844;                                     0,028686
       407;       545;         1;BR      ;30/10/2022 18:00:51;         472075;     156454011;          150;                 135891;                                     0,287859;       46884;              44386001;         36665;                35275305;                34808;                       33786681;            12182;                   16524609;                                     0,489086;                      22626;                             17262072;                                     0,510914;                641;                       476564;                                     0,013510;             1216;                    1012060;                                     0,028690
       407;       545;         1;BR      ;30/10/2022 18:00:52;         472075;     156454011;          175;                 136066;                                     0,288230;       56254;              44442255;         43840;                35319145;                41429;                       33828110;            17690;                   16542299;                                     0,489010;                      23739;                             17285811;                                     0,510990;                794;                       477358;                                     0,013516;             1617;                    1013677;                                     0,028700
       407;       545;         1;BR      ;30/10/2022 18:00:53;         472075;     156454011;          124;                 136190;                                     0,288492;       40273;              44482528;         31629;                35350774;                29842;                       33857952;            12546;                   16554845;                                     0,488950;                      17296;                             17303107;                                     0,511050;                601;                       477959;                                     0,013520;             1186;                    1014863;                                     0,028708
       407;       545;         1;BR      ;30/10/2022 18:00:54;         472075;     156454011;           48;                 136238;                                     0,288594;       15939;              44498467;         12801;                35363575;                12119;                       33870071;             5494;                   16560339;                                     0,488937;                       6625;                             17309732;                                     0,511063;                196;                       478155;                                     0,013521;              486;                    1015349;                                     0,028712
       407;       545;         1;BR      ;30/10/2022 18:00:55;         472075;     156454011;           11;                 136249;                                     0,288617;        3698;              44502165;          2863;                35366438;                 2696;                       33872767;             1245;                   16561584;                                     0,488935;                       1451;                             17311183;                                     0,511065;                 63;                       478218;                                     0,013522;              104;                    1015453;                                     0,028712
       407;       545;         1;BR      ;30/10/2022 18:00:56;         472075;     156454011;           10;                 136259;                                     0,288638;        3280;              44505445;          2431;                35368869;                 2355;                       33875122;              994;                   16562578;                                     0,488930;                       1361;                             17312544;                                     0,511070;                 28;                       478246;                                     0,013522;               48;                    1015501;                                     0,028712
       407;       545;         1;BR      ;30/10/2022 18:00:57;         472075;     156454011;          272;                 136531;                                     0,289215;       88933;              44594378;         70504;                35439373;                68174;                       33943296;            31301;                   16593879;                                     0,488871;                      36873;                             17349417;                                     0,511129;                784;                       479030;                                     0,013517;             1546;                    1017047;                                     0,028698
       407;       545;         1;BR      ;30/10/2022 18:00:58;         472075;     156454011;          195;                 136726;                                     0,289628;       63799;              44658177;         52096;                35491469;                50157;                       33993453;            22476;                   16616355;                                     0,488810;                      27681;                             17377098;                                     0,511190;                682;                       479712;                                     0,013516;             1257;                    1018304;                                     0,028692
       407;       545;         1;BR      ;30/10/2022 18:00:59;         472075;     156454011;          114;                 136840;                                     0,289869;       34352;              44692529;         28314;                35519783;                27479;                       34020932;            10139;                   16626494;                                     0,488714;                      17340;                             17394438;                                     0,511286;                337;                       480049;                                     0,013515;              498;                    1018802;                                     0,028683
       407;       545;         1;BR      ;30/10/2022 18:01:00;         472075;     156454011;          110;                 136950;                                     0,290102;       37717;              44730246;         30293;                35550076;                29178;                       34050110;            12277;                   16638771;                                     0,488655;                      16901;                             17411339;                                     0,511345;                414;                       480463;                                     0,013515;              701;                    1019503;                                     0,028678
       407;       545;         1;BR      ;30/10/2022 18:01:01;         472075;     156454011;          147;                 137097;                                     0,290414;       46122;              44776368;         36539;                35586615;                34809;                       34084919;            25055;                   16663826;                                     0,488891;                       9754;                             17421093;                                     0,511109;                430;                       480893;                                     0,013513;             1300;                    1020803;                                     0,028685
       407;       545;         1;BR      ;30/10/2022 18:01:02;         472075;     156454011;          186;                 137283;                                     0,290808;       62946;              44839314;         49859;                35636474;                46807;                       34131726;            33255;                   16697081;                                     0,489195;                      13552;                             17434645;                                     0,510805;                701;                       481594;                                     0,013514;             2351;                    1023154;                                     0,028711
       407;       545;         1;BR      ;30/10/2022 18:01:03;         472075;     156454011;           13;                 137296;                                     0,290835;        4653;              44843967;          3659;                35640133;                 3503;                       34135229;             1920;                   16699001;                                     0,489201;                       1583;                             17436228;                                     0,510799;                 50;                       481644;                                     0,013514;              106;                    1023260;                                     0,028711
       407;       545;         1;BR      ;30/10/2022 18:01:04;         472075;     156454011;           48;                 137344;                                     0,290937;       14139;              44858106;         10874;                35651007;                10579;                       34145808;             6035;                   16705036;                                     0,489227;                       4544;                             17440772;                                     0,510773;                 94;                       481738;                                     0,013513;              201;                    1023461;                                     0,028708
       407;       545;         1;BR      ;30/10/2022 18:01:05;         472075;     156454011;           47;                 137391;                                     0,291036;       16959;              44875065;         13377;                35664384;                13026;                       34158834;             5068;                   16710104;                                     0,489188;                       7958;                             17448730;                                     0,510812;                130;                       481868;                                     0,013511;              221;                    1023682;                                     0,028703
       407;       545;         1;BR      ;30/10/2022 18:01:06;         472075;     156454011;           58;                 137449;                                     0,291159;       21250;              44896315;         17819;                35682203;                17295;                       34176129;             4923;                   16715027;                                     0,489085;                      12372;                             17461102;                                     0,510915;                213;                       482081;                                     0,013510;              311;                    1023993;                                     0,028698
       407;       545;         1;BR      ;30/10/2022 18:01:07;         472075;     156454011;            6;                 137455;                                     0,291172;        1988;              44898303;          1603;                35683806;                 1555;                       34177684;              460;                   16715487;                                     0,489076;                       1095;                             17462197;                                     0,510924;                 18;                       482099;                                     0,013510;               30;                    1024023;                                     0,028697
       407;       545;         1;BR      ;30/10/2022 18:01:08;         472075;     156454011;           77;                 137532;                                     0,291335;       25786;              44924089;         20758;                35704564;                19543;                       34197227;            13885;                   16729372;                                     0,489203;                       5658;                             17467855;                                     0,510797;                218;                       482317;                                     0,013509;              997;                    1025020;                                     0,028708
       407;       545;         1;BR      ;30/10/2022 18:01:09;         472075;     156454011;           62;                 137594;                                     0,291466;       20754;              44944843;         17383;                35721947;                16280;                       34213507;            10684;                   16740056;                                     0,489282;                       5596;                             17473451;                                     0,510718;                238;                       482555;                                     0,013509;              865;                    1025885;                                     0,028719
       407;       545;         1;BR      ;30/10/2022 18:01:10;         472075;     156454011;           47;                 137641;                                     0,291566;       14295;              44959138;         11872;                35733819;                11289;                       34224796;             6843;                   16746899;                                     0,489321;                       4446;                             17477897;                                     0,510679;                179;                       482734;                                     0,013509;              404;                    1026289;                                     0,028720
       407;       545;         1;BR      ;30/10/2022 18:01:11;         472075;     156454011;            6;                 137647;                                     0,291579;        1867;              44961005;          1614;                35735433;                 1499;                       34226295;             1105;                   16748004;                                     0,489331;                        394;                             17478291;                                     0,510669;                 24;                       482758;                                     0,013509;               91;                    1026380;                                     0,028722
       407;       545;         1;BR      ;30/10/2022 18:01:12;         472075;     156454011;           39;                 137686;                                     0,291661;       12168;              44973173;          9470;                35744903;                 9244;                       34235539;             5035;                   16753039;                                     0,489346;                       4209;                             17482500;                                     0,510654;                 90;                       482848;                                     0,013508;              136;                    1026516;                                     0,028718
       407;       545;         1;BR      ;30/10/2022 18:01:13;         472075;     156454011;          116;                 137802;                                     0,291907;       37957;              45011130;         28058;                35772961;                27283;                       34262822;            16648;                   16769687;                                     0,489443;                      10635;                             17493135;                                     0,510557;                255;                       483103;                                     0,013505;              520;                    1027036;                                     0,028710
       407;       545;         1;BR      ;30/10/2022 18:01:14;         472075;     156454011;           91;                 137893;                                     0,292100;       29478;              45040608;         23793;                35796754;                22810;                       34285632;            10041;                   16779728;                                     0,489410;                      12769;                             17505904;                                     0,510590;                271;                       483374;                                     0,013503;              712;                    1027748;                                     0,028711
       407;       545;         1;BR      ;30/10/2022 18:01:15;         472075;     156454011;          119;                 138012;                                     0,292352;       41544;              45082152;         33213;                35829967;                31607;                       34317239;            15455;                   16795183;                                     0,489410;                      16152;                             17522056;                                     0,510590;                640;                       484014;                                     0,013509;              966;                    1028714;                                     0,028711
       407;       545;         1;BR      ;30/10/2022 18:01:16;         472075;     156454011;           12;                 138024;                                     0,292377;        3393;              45085545;          2876;                35832843;                 2775;                       34320014;             1003;                   16796186;                                     0,489399;                       1772;                             17523828;                                     0,510601;                 45;                       484059;                                     0,013509;               56;                    1028770;                                     0,028710
       407;       545;         1;BR      ;30/10/2022 18:01:17;         472075;     156454011;           58;                 138082;                                     0,292500;       16727;              45102272;         13910;                35846753;                13244;                       34333258;             5280;                   16801466;                                     0,489364;                       7964;                             17531792;                                     0,510636;                244;                       484303;                                     0,013510;              422;                    1029192;                                     0,028711
       407;       545;         1;BR      ;30/10/2022 18:01:18;         472075;     156454011;           39;                 138121;                                     0,292583;       12348;              45114620;          9796;                35856549;                 9417;                       34342675;             3742;                   16805208;                                     0,489339;                       5675;                             17537467;                                     0,510661;                141;                       484444;                                     0,013511;              238;                    1029430;                                     0,028710
       407;       545;         1;BR      ;30/10/2022 18:01:19;         472075;     156454011;            3;                 138124;                                     0,292589;         582;              45115202;           493;                35857042;                  464;                       34343139;              297;                   16805505;                                     0,489341;                        167;                             17537634;                                     0,510659;                 20;                       484464;                                     0,013511;                9;                    1029439;                                     0,028710
       407;       545;         1;BR      ;30/10/2022 18:01:20;         472075;     156454011;          194;                 138318;                                     0,293000;       62739;              45177941;         51257;                35908299;                48158;                       34391297;            26235;                   16831740;                                     0,489419;                      21923;                             17559557;                                     0,510581;                753;                       485217;                                     0,013513;             2346;                    1031785;                                     0,028734
       407;       545;         1;BR      ;30/10/2022 18:01:21;         472075;     156454011;           56;                 138374;                                     0,293119;       18262;              45196203;         14478;                35922777;                13690;                       34404987;             6450;                   16838190;                                     0,489411;                       7240;                             17566797;                                     0,510589;                243;                       485460;                                     0,013514;              545;                    1032330;                                     0,028737
       407;       545;         1;BR      ;30/10/2022 18:01:22;         472075;     156454011;           11;                 138385;                                     0,293142;        3304;              45199507;          2508;                35925285;                 2395;                       34407382;             1151;                   16839341;                                     0,489411;                       1244;                             17568041;                                     0,510589;                 32;                       485492;                                     0,013514;               81;                    1032411;                                     0,028738
       407;       545;         1;BR      ;30/10/2022 18:01:23;         472075;     156454011;           64;                 138449;                                     0,293278;       18333;              45217840;         13925;                35939210;                13285;                       34420667;             5489;                   16844830;                                     0,489381;                       7796;                             17575837;                                     0,510619;                137;                       485629;                                     0,013513;              503;                    1032914;                                     0,028741
       407;       545;         1;BR      ;30/10/2022 18:01:24;         472075;     156454011;            2;                 138451;                                     0,293282;         478;              45218318;           376;                35939586;                  352;                       34421019;              143;                   16844973;                                     0,489380;                        209;                             17576046;                                     0,510620;                  5;                       485634;                                     0,013513;               19;                    1032933;                                     0,028741
       407;       545;         1;BR      ;30/10/2022 18:01:26;         472075;     156454011;            9;                 138460;                                     0,293301;        2639;              45220957;          2220;                35941806;                 2126;                       34423145;              831;                   16845804;                                     0,489374;                       1295;                             17577341;                                     0,510626;                 34;                       485668;                                     0,013513;               60;                    1032993;                                     0,028741
       407;       545;         1;BR      ;30/10/2022 18:01:27;         472075;     156454011;            3;                 138463;                                     0,293307;         568;              45221525;           447;                35942253;                  431;                       34423576;              224;                   16846028;                                     0,489375;                        207;                             17577548;                                     0,510625;                  7;                       485675;                                     0,013513;                9;                    1033002;                                     0,028741
       407;       545;         1;BR      ;30/10/2022 18:01:51;         472075;     156454011;           53;                 138516;                                     0,293419;       18072;              45239597;         13197;                35955450;                12445;                       34436021;             7124;                   16853152;                                     0,489405;                       5321;                             17582869;                                     0,510595;                151;                       485826;                                     0,013512;              601;                    1033603;                                     0,028747
       407;       545;         1;BR      ;30/10/2022 18:01:52;         472075;     156454011;          275;                 138791;                                     0,294002;       87926;              45327523;         69516;                36024966;                66598;                       34502619;            32282;                   16885434;                                     0,489396;                      34316;                             17617185;                                     0,510604;                976;                       486802;                                     0,013513;             1942;                    1035545;                                     0,028745
       407;       545;         1;BR      ;30/10/2022 18:01:53;         472075;     156454011;          306;                 139097;                                     0,294650;      106611;              45434134;         82812;                36107778;                79490;                       34582109;            33540;                   16918974;                                     0,489241;                      45950;                             17663135;                                     0,510759;               1096;                       487898;                                     0,013512;             2226;                    1037771;                                     0,028741
       407;       545;         1;BR      ;30/10/2022 18:01:54;         472075;     156454011;          144;                 139241;                                     0,294955;       43247;              45477381;         34885;                36142663;                33724;                       34615833;            22061;                   16941035;                                     0,489401;                      11663;                             17674798;                                     0,510599;                434;                       488332;                                     0,013511;              727;                    1038498;                                     0,028733
       407;       545;         1;BR      ;30/10/2022 18:01:55;         472075;     156454011;           56;                 139297;                                     0,295074;       20716;              45498097;         17275;                36159938;                16600;                       34632433;             9775;                   16950810;                                     0,489449;                       6825;                             17681623;                                     0,510551;                211;                       488543;                                     0,013511;              464;                    1038962;                                     0,028732
       407;       545;         1;BR      ;30/10/2022 18:01:56;         472075;     156454011;           30;                 139327;                                     0,295137;        9814;              45507911;          7330;                36167268;                 7139;                       34639572;             3190;                   16954000;                                     0,489440;                       3949;                             17685572;                                     0,510560;                 63;                       488606;                                     0,013510;              128;                    1039090;                                     0,028730
       407;       545;         1;BR      ;30/10/2022 18:01:57;         472075;     156454011;           73;                 139400;                                     0,295292;       21183;              45529094;         16104;                36183372;                15538;                       34655110;            10692;                   16964692;                                     0,489529;                       4846;                             17690418;                                     0,510471;                183;                       488789;                                     0,013509;              383;                    1039473;                                     0,028728
       407;       545;         1;BR      ;30/10/2022 18:01:58;         472075;     156454011;          278;                 139678;                                     0,295881;       90576;              45619670;         71810;                36255182;                67684;                       34722794;            31018;                   16995710;                                     0,489468;                      36666;                             17727084;                                     0,510532;               1338;                       490127;                                     0,013519;             2788;                    1042261;                                     0,028748
       407;       545;         1;BR      ;30/10/2022 18:01:59;         472075;     156454011;          273;                 139951;                                     0,296459;       87278;              45706948;         67560;                36322742;                63691;                       34786485;            24963;                   17020673;                                     0,489290;                      38728;                             17765812;                                     0,510710;               1226;                       491353;                                     0,013527;             2643;                    1044904;                                     0,028767
       407;       545;         1;BR      ;30/10/2022 18:02:00;         472075;     156454011;          133;                 140084;                                     0,296741;       43557;              45750505;         34131;                36356873;                32422;                       34818907;            13670;                   17034343;                                     0,489227;                      18752;                             17784564;                                     0,510773;                617;                       491970;                                     0,013532;             1092;                    1045996;                                     0,028770
       407;       545;         1;BR      ;30/10/2022 18:02:01;         472075;     156454011;            4;                 140088;                                     0,296749;        1234;              45751739;           926;                36357799;                  892;                       34819799;              361;                   17034704;                                     0,489225;                        531;                             17785095;                                     0,510775;                 16;                       491986;                                     0,013532;               18;                    1046014;                                     0,028770
       407;       545;         1;BR      ;30/10/2022 18:02:03;         472075;     156454011;           50;                 140138;                                     0,296855;       17149;              45768888;         13202;                36371001;                12747;                       34832546;             4991;                   17039695;                                     0,489189;                       7756;                             17792851;                                     0,510811;                149;                       492135;                                     0,013531;              306;                    1046320;                                     0,028768
       407;       545;         1;BR      ;30/10/2022 18:02:04;         472075;     156454011;          141;                 140279;                                     0,297154;       47755;              45816643;         38149;                36409150;                36911;                       34869457;            17508;                   17057203;                                     0,489173;                      19403;                             17812254;                                     0,510827;                411;                       492546;                                     0,013528;              827;                    1047147;                                     0,028761
       407;       545;         1;BR      ;30/10/2022 18:02:05;         472075;     156454011;           75;                 140354;                                     0,297313;       21737;              45838380;         17502;                36426652;                16900;                       34886357;            11519;                   17068722;                                     0,489266;                       5381;                             17817635;                                     0,510734;                182;                       492728;                                     0,013527;              420;                    1047567;                                     0,028758
       407;       545;         1;BR      ;30/10/2022 18:02:06;         472075;     156454011;          144;                 140498;                                     0,297618;       49428;              45887808;         40629;                36467281;                39052;                       34925409;            12552;                   17081274;                                     0,489079;                      26500;                             17844135;                                     0,510921;                623;                       493351;                                     0,013529;              954;                    1048521;                                     0,028752
       407;       545;         1;BR      ;30/10/2022 18:02:07;         472075;     156454011;          120;                 140618;                                     0,297872;       41143;              45928951;         33318;                36500599;                32021;                       34957430;            15377;                   17096651;                                     0,489071;                      16644;                             17860779;                                     0,510929;                495;                       493846;                                     0,013530;              802;                    1049323;                                     0,028748
       407;       545;         1;BR      ;30/10/2022 18:02:08;         472075;     156454011;          150;                 140768;                                     0,298190;       52204;              45981155;         42072;                36542671;                39717;                       34997147;            24084;                   17120735;                                     0,489204;                      15633;                             17876412;                                     0,510796;                655;                       494501;                                     0,013532;             1700;                    1051023;                                     0,028762
       407;       545;         1;BR      ;30/10/2022 18:02:09;         472075;     156454011;           22;                 140790;                                     0,298237;        6357;              45987512;          5094;                36547765;                 4950;                       35002097;             2298;                   17123033;                                     0,489200;                       2652;                             17879064;                                     0,510800;                 63;                       494564;                                     0,013532;               81;                    1051104;                                     0,028760
       407;       545;         1;BR      ;30/10/2022 18:02:10;         472075;     156454011;           39;                 140829;                                     0,298319;       12781;              46000293;         10235;                36558000;                 9797;                       35011894;             6399;                   17129432;                                     0,489246;                       3398;                             17882462;                                     0,510754;                117;                       494681;                                     0,013531;              321;                    1051425;                                     0,028760
       407;       545;         1;BR      ;30/10/2022 18:02:11;         472075;     156454011;           73;                 140902;                                     0,298474;       21519;              46021812;         16864;                36574864;                16103;                       35027997;            12067;                   17141499;                                     0,489366;                       4036;                             17886498;                                     0,510634;                204;                       494885;                                     0,013531;              557;                    1051982;                                     0,028762
       407;       545;         1;BR      ;30/10/2022 18:02:12;         472075;     156454011;           61;                 140963;                                     0,298603;       19826;              46041638;         15261;                36590125;                14882;                       35042879;             5399;                   17146898;                                     0,489312;                       9483;                             17895981;                                     0,510688;                137;                       495022;                                     0,013529;              242;                    1052224;                                     0,028757
       407;       545;         1;BR      ;30/10/2022 18:02:13;         472075;     156454011;           31;                 140994;                                     0,298669;       11389;              46053027;          9458;                36599583;                 9118;                       35051997;             2521;                   17149419;                                     0,489257;                       6597;                             17902578;                                     0,510743;                114;                       495136;                                     0,013528;              226;                    1052450;                                     0,028756
       407;       545;         1;BR      ;30/10/2022 18:02:14;         472075;     156454011;           10;                 141004;                                     0,298690;        3368;              46056395;          2957;                36602540;                 2889;                       35054886;              722;                   17150141;                                     0,489237;                       2167;                             17904745;                                     0,510763;                 19;                       495155;                                     0,013528;               49;                    1052499;                                     0,028755
       407;       545;         1;BR      ;30/10/2022 18:02:15;         472075;     156454011;           44;                 141048;                                     0,298783;       14821;              46071216;         11580;                36614120;                11286;                       35066172;             3335;                   17153476;                                     0,489174;                       7951;                             17912696;                                     0,510826;                109;                       495264;                                     0,013527;              185;                    1052684;                                     0,028751
       407;       545;         1;BR      ;30/10/2022 18:02:16;         472075;     156454011;           75;                 141123;                                     0,298942;       24775;              46095991;         19954;                36634074;                18973;                       35085145;            10808;                   17164284;                                     0,489218;                       8165;                             17920861;                                     0,510782;                248;                       495512;                                     0,013526;              733;                    1053417;                                     0,028755
       407;       545;         1;BR      ;30/10/2022 18:02:17;         472075;     156454011;           33;                 141156;                                     0,299012;       10736;              46106727;          8515;                36642589;                 8057;                       35093202;             5947;                   17170231;                                     0,489275;                       2110;                             17922971;                                     0,510725;                 89;                       495601;                                     0,013525;              369;                    1053786;                                     0,028759
       407;       545;         1;BR      ;30/10/2022 18:02:18;         472075;     156454011;            4;                 141160;                                     0,299020;        1366;              46108093;          1084;                36643673;                 1012;                       35094214;              767;                   17170998;                                     0,489283;                        245;                             17923216;                                     0,510717;                 13;                       495614;                                     0,013525;               59;                    1053845;                                     0,028759
       407;       545;         1;BR      ;30/10/2022 18:02:19;         472075;     156454011;           50;                 141210;                                     0,299126;       16037;              46124130;         13158;                36656831;                12489;                       35106703;             7629;                   17178627;                                     0,489326;                       4860;                             17928076;                                     0,510674;                170;                       495784;                                     0,013525;              499;                    1054344;                                     0,028763
       407;       545;         1;BR      ;30/10/2022 18:02:20;         472075;     156454011;           87;                 141297;                                     0,299310;       25524;              46149654;         20334;                36677165;                19367;                       35126070;            13311;                   17191938;                                     0,489435;                       6056;                             17934132;                                     0,510565;                258;                       496042;                                     0,013525;              709;                    1055053;                                     0,028766
       407;       545;         1;BR      ;30/10/2022 18:02:21;         472075;     156454011;          102;                 141399;                                     0,299527;       31669;              46181323;         24466;                36701631;                23639;                       35149709;            13507;                   17205445;                                     0,489490;                      10132;                             17944264;                                     0,510510;                259;                       496301;                                     0,013523;              568;                    1055621;                                     0,028762
       407;       545;         1;BR      ;30/10/2022 18:02:22;         472075;     156454011;           85;                 141484;                                     0,299707;       28710;              46210033;         22598;                36724229;                21974;                       35171683;            11230;                   17216675;                                     0,489504;                      10744;                             17955008;                                     0,510496;                238;                       496539;                                     0,013521;              386;                    1056007;                                     0,028755
       407;       545;         1;BR      ;30/10/2022 18:02:23;         472075;     156454011;           74;                 141558;                                     0,299863;       26237;              46236270;         21048;                36745277;                20019;                       35191702;             8431;                   17225106;                                     0,489465;                      11588;                             17966596;                                     0,510535;                263;                       496802;                                     0,013520;              766;                    1056773;                                     0,028759
       407;       545;         1;BR      ;30/10/2022 18:02:24;         472075;     156454011;          123;                 141681;                                     0,300124;       39517;              46275787;         30911;                36776188;                29562;                       35221264;            13750;                   17238856;                                     0,489445;                      15812;                             17982408;                                     0,510555;                521;                       497323;                                     0,013523;              828;                    1057601;                                     0,028758
       407;       545;         1;BR      ;30/10/2022 18:02:25;         472075;     156454011;           35;                 141716;                                     0,300198;       10420;              46286207;          8386;                36784574;                 8034;                       35229298;             3691;                   17242547;                                     0,489438;                       4343;                             17986751;                                     0,510562;                122;                       497445;                                     0,013523;              230;                    1057831;                                     0,028757
       407;       545;         1;BR      ;30/10/2022 18:02:26;         472075;     156454011;            7;                 141723;                                     0,300213;        2543;              46288750;          1967;                36786541;                 1876;                       35231174;              929;                   17243476;                                     0,489438;                        947;                             17987698;                                     0,510562;                 38;                       497483;                                     0,013524;               53;                    1057884;                                     0,028757
       407;       545;         1;BR      ;30/10/2022 18:02:28;         472075;     156454011;           39;                 141762;                                     0,300296;       10097;              46298847;          8479;                36795020;                 8165;                       35239339;             3296;                   17246772;                                     0,489418;                       4869;                             17992567;                                     0,510582;                126;                       497609;                                     0,013524;              188;                    1058072;                                     0,028756
       407;       545;         1;BR      ;30/10/2022 18:02:29;         472075;     156454011;           11;                 141773;                                     0,300319;        3540;              46302387;          2951;                36797971;                 2776;                       35242115;             2074;                   17248846;                                     0,489438;                        702;                             17993269;                                     0,510562;                 42;                       497651;                                     0,013524;              133;                    1058205;                                     0,028757
       407;       545;         1;BR      ;30/10/2022 18:02:30;         472075;     156454011;           71;                 141844;                                     0,300469;       21336;              46323723;         18267;                36816238;                17112;                       35259227;             9793;                   17258639;                                     0,489479;                       7319;                             18000588;                                     0,510521;                221;                       497872;                                     0,013523;              934;                    1059139;                                     0,028768
       407;       545;         1;BR      ;30/10/2022 18:02:31;         472075;     156454011;           26;                 141870;                                     0,300524;        7787;              46331510;          6368;                36822606;                 5956;                       35265183;             3517;                   17262156;                                     0,489496;                       2439;                             18003027;                                     0,510504;                 93;                       497965;                                     0,013523;              319;                    1059458;                                     0,028772
       407;       545;         1;BR      ;30/10/2022 18:02:32;         472075;     156454011;          123;                 141993;                                     0,300785;       42765;              46374275;         33973;                36856579;                32088;                       35297271;            15424;                   17277580;                                     0,489488;                      16664;                             18019691;                                     0,510512;                604;                       498569;                                     0,013527;             1281;                    1060739;                                     0,028780
       407;       545;         1;BR      ;30/10/2022 18:02:33;         472075;     156454011;          117;                 142110;                                     0,301033;       33490;              46407765;         26426;                36883005;                25185;                       35322456;             9321;                   17286901;                                     0,489403;                      15864;                             18035555;                                     0,510597;                319;                       498888;                                     0,013526;              922;                    1061661;                                     0,028785
       407;       545;         1;BR      ;30/10/2022 18:02:34;         472075;     156454011;            8;                 142118;                                     0,301050;        2481;              46410246;          1963;                36884968;                 1872;                       35324328;              720;                   17287621;                                     0,489397;                       1152;                             18036707;                                     0,510603;                 15;                       498903;                                     0,013526;               76;                    1061737;                                     0,028785
       407;       545;         1;BR      ;30/10/2022 18:02:56;         472075;     156454011;           61;                 142179;                                     0,301179;       18201;              46428447;         14433;                36899401;                13934;                       35338262;             9638;                   17297259;                                     0,489477;                       4296;                             18041003;                                     0,510523;                160;                       499063;                                     0,013525;              339;                    1062076;                                     0,028783
       407;       545;         1;BR      ;30/10/2022 18:02:57;         472075;     156454011;          164;                 142343;                                     0,301526;       53100;              46481547;         41376;                36940777;                39913;                       35378175;            22044;                   17319303;                                     0,489548;                      17869;                             18058872;                                     0,510452;                519;                       499582;                                     0,013524;              944;                    1063020;                                     0,028776
       407;       545;         1;BR      ;30/10/2022 18:02:58;         472075;     156454011;          420;                 142763;                                     0,302416;      142855;              46624402;        110959;                37051736;               106464;                       35484639;            44522;                   17363825;                                     0,489334;                      61942;                             18120814;                                     0,510666;               1457;                       501039;                                     0,013523;             3038;                    1066058;                                     0,028772
       407;       545;         1;BR      ;30/10/2022 18:02:59;         472075;     156454011;          104;                 142867;                                     0,302636;       34861;              46659263;         27379;                37079115;                26301;                       35510940;            11947;                   17375772;                                     0,489308;                      14354;                             18135168;                                     0,510692;                370;                       501409;                                     0,013523;              708;                    1066766;                                     0,028770
       407;       545;         1;BR      ;30/10/2022 18:03:00;         472075;     156454011;          139;                 143006;                                     0,302931;       42467;              46701730;         33528;                37112643;                32305;                       35543245;            16178;                   17391950;                                     0,489318;                      16127;                             18151295;                                     0,510682;                427;                       501836;                                     0,013522;              796;                    1067562;                                     0,028765
       407;       545;         1;BR      ;30/10/2022 18:03:01;         472075;     156454011;          153;                 143159;                                     0,303255;       51566;              46753296;         41942;                37154585;                40463;                       35583708;            25021;                   17416971;                                     0,489465;                      15442;                             18166737;                                     0,510535;                464;                       502300;                                     0,013519;             1015;                    1068577;                                     0,028760
       407;       545;         1;BR      ;30/10/2022 18:03:02;         472075;     156454011;          233;                 143392;                                     0,303748;       78428;              46831724;         61983;                37216568;                58253;                       35641961;            28988;                   17445959;                                     0,489478;                      29265;                             18196002;                                     0,510522;               1186;                       503486;                                     0,013529;             2544;                    1071121;                                     0,028781
       407;       545;         1;BR      ;30/10/2022 18:03:03;         472075;     156454011;          131;                 143523;                                     0,304026;       41469;              46873193;         32962;                37249530;                31336;                       35673297;            13678;                   17459637;                                     0,489432;                      17658;                             18213660;                                     0,510568;                595;                       504081;                                     0,013533;             1031;                    1072152;                                     0,028783
       407;       545;         1;BR      ;30/10/2022 18:03:04;         472075;     156454011;          200;                 143723;                                     0,304450;       66372;              46939565;         52641;                37302171;                49503;                       35722800;            19277;                   17478914;                                     0,489293;                      30226;                             18243886;                                     0,510707;               1035;                       505116;                                     0,013541;             2103;                    1074255;                                     0,028799
       407;       545;         1;BR      ;30/10/2022 18:03:05;         472075;     156454011;          162;                 143885;                                     0,304793;       50923;              46990488;         39757;                37341928;                37519;                       35760319;            14099;                   17493013;                                     0,489174;                      23420;                             18267306;                                     0,510826;                742;                       505858;                                     0,013547;             1496;                    1075751;                                     0,028808
       407;       545;         1;BR      ;30/10/2022 18:03:06;         472075;     156454011;           39;                 143924;                                     0,304875;       13987;              47004475;         11018;                37352946;                10493;                       35770812;             4468;                   17497481;                                     0,489155;                       6025;                             18273331;                                     0,510845;                178;                       506036;                                     0,013547;              347;                    1076098;                                     0,028809
       407;       545;         1;BR      ;30/10/2022 18:03:09;         472075;     156454011;          203;                 144127;                                     0,305305;       67159;              47071634;         53821;                37406767;                52092;                       35822904;            25362;                   17522843;                                     0,489152;                      26730;                             18300061;                                     0,510848;                570;                       506606;                                     0,013543;             1159;                    1077257;                                     0,028798
       407;       545;         1;BR      ;30/10/2022 18:03:10;         472075;     156454011;           76;                 144203;                                     0,305466;       24601;              47096235;         19686;                37426453;                19044;                       35841948;             9085;                   17531928;                                     0,489146;                       9959;                             18310020;                                     0,510854;                230;                       506836;                                     0,013542;              412;                    1077669;                                     0,028794
       407;       545;         1;BR      ;30/10/2022 18:03:11;         472075;     156454011;           33;                 144236;                                     0,305536;       11733;              47107968;          9712;                37436165;                 9312;                       35851260;             3258;                   17535186;                                     0,489109;                       6054;                             18316074;                                     0,510891;                169;                       507005;                                     0,013543;              231;                    1077900;                                     0,028793
       407;       545;         1;BR      ;30/10/2022 18:03:12;         472075;     156454011;            9;                 144245;                                     0,305555;        2554;              47110522;          2020;                37438185;                 1961;                       35853221;             1237;                   17536423;                                     0,489117;                        724;                             18316798;                                     0,510883;                 26;                       507031;                                     0,013543;               33;                    1077933;                                     0,028792
       407;       545;         1;BR      ;30/10/2022 18:03:13;         472075;     156454011;          104;                 144349;                                     0,305776;       30265;              47140787;         24374;                37462559;                23589;                       35876810;            14413;                   17550836;                                     0,489197;                       9176;                             18325974;                                     0,510803;                290;                       507321;                                     0,013542;              495;                    1078428;                                     0,028787
       407;       545;         1;BR      ;30/10/2022 18:03:14;         472075;     156454011;          173;                 144522;                                     0,306142;       59128;              47199915;         48067;                37510626;                45911;                       35922721;            24060;                   17574896;                                     0,489242;                      21851;                             18347825;                                     0,510758;                700;                       508021;                                     0,013543;             1456;                    1079884;                                     0,028789
       407;       545;         1;BR      ;30/10/2022 18:03:15;         472075;     156454011;           45;                 144567;                                     0,306237;       18452;              47218367;         15210;                37525836;                14229;                       35936950;             9761;                   17584657;                                     0,489320;                       4468;                             18352293;                                     0,510680;                239;                       508260;                                     0,013544;              742;                    1080626;                                     0,028797
       407;       545;         1;BR      ;30/10/2022 18:03:16;         472075;     156454011;           29;                 144596;                                     0,306299;       10030;              47228397;          7470;                37533306;                 7052;                       35944002;             4658;                   17589315;                                     0,489353;                       2394;                             18354687;                                     0,510647;                 97;                       508357;                                     0,013544;              321;                    1080947;                                     0,028800
       407;       545;         1;BR      ;30/10/2022 18:03:17;         472075;     156454011;          104;                 144700;                                     0,306519;       31896;              47260293;         25439;                37558745;                24371;                       35968373;            16201;                   17605516;                                     0,489472;                       8170;                             18362857;                                     0,510528;                286;                       508643;                                     0,013543;              782;                    1081729;                                     0,028801
       407;       545;         1;BR      ;30/10/2022 18:03:18;         472075;     156454011;          145;                 144845;                                     0,306826;       45673;              47305966;         34482;                37593227;                32735;                       36001108;            18484;                   17624000;                                     0,489540;                      14251;                             18377108;                                     0,510460;                421;                       509064;                                     0,013541;             1326;                    1083055;                                     0,028810
       407;       545;         1;BR      ;30/10/2022 18:03:19;         472075;     156454011;           27;                 144872;                                     0,306883;        8976;              47314942;          6839;                37600066;                 6575;                       36007683;             3484;                   17627484;                                     0,489548;                       3091;                             18380199;                                     0,510452;                 59;                       509123;                                     0,013540;              205;                    1083260;                                     0,028810
       407;       545;         1;BR      ;30/10/2022 18:03:20;         472075;     156454011;           45;                 144917;                                     0,306979;       15677;              47330619;         13089;                37613155;                12654;                       36020337;             3807;                   17631291;                                     0,489482;                       8847;                             18389046;                                     0,510518;                171;                       509294;                                     0,013540;              264;                    1083524;                                     0,028807
       407;       545;         1;BR      ;30/10/2022 18:03:21;         472075;     156454011;           64;                 144981;                                     0,307114;       22428;              47353047;         18642;                37631797;                17804;                       36038141;             9120;                   17640411;                                     0,489493;                       8684;                             18397730;                                     0,510507;                233;                       509527;                                     0,013540;              605;                    1084129;                                     0,028809
       407;       545;         1;BR      ;30/10/2022 18:03:22;         472075;     156454011;           53;                 145034;                                     0,307227;       18014;              47371061;         14987;                37646784;                14167;                       36052308;             8667;                   17649078;                                     0,489541;                       5500;                             18403230;                                     0,510459;                188;                       509715;                                     0,013539;              632;                    1084761;                                     0,028814
       407;       545;         1;BR      ;30/10/2022 18:03:23;         472075;     156454011;           30;                 145064;                                     0,307290;        9480;              47380541;          8149;                37654933;                 7685;                       36059993;             4596;                   17653674;                                     0,489564;                       3089;                             18406319;                                     0,510436;                 97;                       509812;                                     0,013539;              367;                    1085128;                                     0,028818
       407;       545;         1;BR      ;30/10/2022 18:03:24;         472075;     156454011;           14;                 145078;                                     0,307320;        4753;              47385294;          3558;                37658491;                 3330;                       36063323;             2401;                   17656075;                                     0,489585;                        929;                             18407248;                                     0,510415;                 43;                       509855;                                     0,013539;              185;                    1085313;                                     0,028820
       407;       545;         1;BR      ;30/10/2022 18:03:25;         472075;     156454011;           45;                 145123;                                     0,307415;       14549;              47399843;         11214;                37669705;                10928;                       36074251;             5239;                   17661314;                                     0,489582;                       5689;                             18412937;                                     0,510418;                119;                       509974;                                     0,013538;              167;                    1085480;                                     0,028816
       407;       545;         1;BR      ;30/10/2022 18:03:26;         472075;     156454011;          123;                 145246;                                     0,307676;       43108;              47442951;         32582;                37702287;                31771;                       36106022;            16909;                   17678223;                                     0,489620;                      14862;                             18427799;                                     0,510380;                328;                       510302;                                     0,013535;              483;                    1085963;                                     0,028804
       407;       545;         1;BR      ;30/10/2022 18:03:27;         472075;     156454011;          100;                 145346;                                     0,307888;       33239;              47476190;         26318;                37728605;                25154;                       36131176;            14090;                   17692313;                                     0,489669;                      11064;                             18438863;                                     0,510331;                311;                       510613;                                     0,013534;              853;                    1086816;                                     0,028806
       407;       545;         1;BR      ;30/10/2022 18:03:28;         472075;     156454011;           76;                 145422;                                     0,308049;       25577;              47501767;         20262;                37748867;                19334;                       36150510;             8544;                   17700857;                                     0,489643;                      10790;                             18449653;                                     0,510357;                209;                       510822;                                     0,013532;              719;                    1087535;                                     0,028810
       407;       545;         1;BR      ;30/10/2022 18:03:29;         472075;     156454011;           48;                 145470;                                     0,308150;       16666;              47518433;         13343;                37762210;                12775;                       36163285;             6244;                   17707101;                                     0,489643;                       6531;                             18456184;                                     0,510357;                234;                       511056;                                     0,013534;              334;                    1087869;                                     0,028808
       407;       545;         1;BR      ;30/10/2022 18:03:30;         472075;     156454011;           37;                 145507;                                     0,308229;       12354;              47530787;          9784;                37771994;                 9275;                       36172560;             5281;                   17712382;                                     0,489663;                       3994;                             18460178;                                     0,510337;                172;                       511228;                                     0,013535;              337;                    1088206;                                     0,028810
       407;       545;         1;BR      ;30/10/2022 18:03:31;         472075;     156454011;           32;                 145539;                                     0,308296;        9711;              47540498;          7923;                37779917;                 7651;                       36180211;             3002;                   17715384;                                     0,489643;                       4649;                             18464827;                                     0,510357;                123;                       511351;                                     0,013535;              149;                    1088355;                                     0,028808
       407;       545;         1;BR      ;30/10/2022 18:03:32;         472075;     156454011;           59;                 145598;                                     0,308421;       17654;              47558152;         14402;                37794319;                13755;                       36193966;             5507;                   17720891;                                     0,489609;                       8248;                             18473075;                                     0,510391;                268;                       511619;                                     0,013537;              379;                    1088734;                                     0,028807
       407;       545;         1;BR      ;30/10/2022 18:03:33;         472075;     156454011;           14;                 145612;                                     0,308451;        4278;              47562430;          3462;                37797781;                 3339;                       36197305;             1287;                   17722178;                                     0,489599;                       2052;                             18475127;                                     0,510401;                 38;                       511657;                                     0,013537;               85;                    1088819;                                     0,028806
       407;       545;         1;BR      ;30/10/2022 18:03:34;         472075;     156454011;           57;                 145669;                                     0,308572;       20481;              47582911;         16632;                37814413;                15675;                       36212980;             9253;                   17731431;                                     0,489643;                       6422;                             18481549;                                     0,510357;                248;                       511905;                                     0,013537;              709;                    1089528;                                     0,028813
       407;       545;         1;BR      ;30/10/2022 18:03:35;         472075;     156454011;           19;                 145688;                                     0,308612;        5918;              47588829;          5008;                37819421;                 4676;                       36217656;             2731;                   17734162;                                     0,489655;                       1945;                             18483494;                                     0,510345;                 59;                       511964;                                     0,013537;              273;                    1089801;                                     0,028816
       407;       545;         1;BR      ;30/10/2022 18:03:36;         472075;     156454011;           91;                 145779;                                     0,308805;       29864;              47618693;         24014;                37843435;                22777;                       36240433;            10174;                   17744336;                                     0,489628;                      12603;                             18496097;                                     0,510372;                405;                       512369;                                     0,013539;              832;                    1090633;                                     0,028820
       407;       545;         1;BR      ;30/10/2022 18:03:38;         472075;     156454011;           97;                 145876;                                     0,309010;       28757;              47647450;         22617;                37866052;                21651;                       36262084;             8939;                   17753275;                                     0,489582;                      12712;                             18508809;                                     0,510418;                263;                       512632;                                     0,013538;              703;                    1091336;                                     0,028821
       407;       545;         1;BR      ;30/10/2022 18:03:41;         472075;     156454011;           18;                 145894;                                     0,309048;        5131;              47652581;          3812;                37869864;                 3610;                       36265694;             1402;                   17754677;                                     0,489572;                       2208;                             18511017;                                     0,510428;                 40;                       512672;                                     0,013538;              162;                    1091498;                                     0,028822
       407;       545;         1;BR      ;30/10/2022 18:03:45;         472075;     156454011;            7;                 145901;                                     0,309063;        2446;              47655027;          2063;                37871927;                 1903;                       36267597;             1658;                   17756335;                                     0,489592;                        245;                             18511262;                                     0,510408;                 33;                       512705;                                     0,013538;              127;                    1091625;                                     0,028824
       407;       545;         1;BR      ;30/10/2022 18:04:02;         472075;     156454011;          338;                 146239;                                     0,309779;      103963;              47758990;         83538;                37955465;                80942;                       36348539;            51562;                   17807897;                                     0,489921;                      29380;                             18540642;                                     0,510079;                894;                       513599;                                     0,013532;             1702;                    1093327;                                     0,028806
       407;       545;         1;BR      ;30/10/2022 18:04:03;         472075;     156454011;          199;                 146438;                                     0,310201;       64947;              47823937;         51643;                38007108;                49495;                       36398034;            24688;                   17832585;                                     0,489933;                      24807;                             18565449;                                     0,510067;                727;                       514326;                                     0,013532;             1421;                    1094748;                                     0,028804
       407;       545;         1;BR      ;30/10/2022 18:04:04;         472075;     156454011;          247;                 146685;                                     0,310724;       89585;              47913522;         69796;                38076904;                66939;                       36464973;            32071;                   17864656;                                     0,489913;                      34868;                             18600317;                                     0,510087;                935;                       515261;                                     0,013532;             1922;                    1096670;                                     0,028801
       407;       545;         1;BR      ;30/10/2022 18:04:05;         472075;     156454011;          144;                 146829;                                     0,311029;       44855;              47958377;         33993;                38110897;                32617;                       36497590;            16541;                   17881197;                                     0,489928;                      16076;                             18616393;                                     0,510072;                453;                       515714;                                     0,013532;              923;                    1097593;                                     0,028800
       407;       545;         1;BR      ;30/10/2022 18:04:06;         472075;     156454011;          291;                 147120;                                     0,311645;       99095;              48057472;         78163;                38189060;                73304;                       36570894;            35136;                   17916333;                                     0,489907;                      38168;                             18654561;                                     0,510093;               1597;                       517311;                                     0,013546;             3262;                    1100855;                                     0,028826
       407;       545;         1;BR      ;30/10/2022 18:04:07;         472075;     156454011;          106;                 147226;                                     0,311870;       36695;              48094167;         29166;                38218226;                27357;                       36598251;            11437;                   17927770;                                     0,489853;                      15920;                             18670481;                                     0,510147;                653;                       517964;                                     0,013553;             1156;                    1102011;                                     0,028835
       407;       545;         1;BR      ;30/10/2022 18:04:08;         472075;     156454011;           55;                 147281;                                     0,311986;       17396;              48111563;         13256;                38231482;                12444;                       36610695;             5011;                   17932781;                                     0,489824;                       7433;                             18677914;                                     0,510176;                256;                       518220;                                     0,013555;              556;                    1102567;                                     0,028839
       407;       545;         1;BR      ;30/10/2022 18:04:09;         472075;     156454011;          100;                 147381;                                     0,312198;       32867;              48144430;         25827;                38257309;                24421;                       36635116;             9319;                   17942100;                                     0,489751;                      15102;                             18693016;                                     0,510249;                478;                       518698;                                     0,013558;              928;                    1103495;                                     0,028844
       407;       545;         1;BR      ;30/10/2022 18:04:10;         472075;     156454011;            8;                 147389;                                     0,312215;        2605;              48147035;          2086;                38259395;                 1970;                       36637086;              751;                   17942851;                                     0,489746;                       1219;                             18694235;                                     0,510254;                 34;                       518732;                                     0,013558;               82;                    1103577;                                     0,028845
       407;       545;         1;BR      ;30/10/2022 18:04:13;         472075;     156454011;          163;                 147552;                                     0,312561;       58862;              48205897;         47159;                38306554;                45650;                       36682736;            21564;                   17964415;                                     0,489724;                      24086;                             18718321;                                     0,510276;                528;                       519260;                                     0,013555;              981;                    1104558;                                     0,028835
       407;       545;         1;BR      ;30/10/2022 18:04:14;         472075;     156454011;          198;                 147750;                                     0,312980;       61381;              48267278;         49905;                38356459;                48156;                       36730892;            24818;                   17989233;                                     0,489758;                      23338;                             18741659;                                     0,510242;                645;                       519905;                                     0,013555;             1104;                    1105662;                                     0,028826
       407;       545;         1;BR      ;30/10/2022 18:04:15;         472075;     156454011;           83;                 147833;                                     0,313156;       28696;              48295974;         23654;                38380113;                22776;                       36753668;             8780;                   17998013;                                     0,489693;                      13996;                             18755655;                                     0,510307;                377;                       520282;                                     0,013556;              501;                    1106163;                                     0,028821
       407;       545;         1;BR      ;30/10/2022 18:04:16;         472075;     156454011;            2;                 147835;                                     0,313160;         568;              48296542;           438;                38380551;                  424;                       36754092;              252;                   17998265;                                     0,489694;                        172;                             18755827;                                     0,510306;                  3;                       520285;                                     0,013556;               11;                    1106174;                                     0,028821
       407;       545;         1;BR      ;30/10/2022 18:04:17;         472075;     156454011;           38;                 147873;                                     0,313240;       12399;              48308941;          9983;                38390534;                 9627;                       36763719;             3938;                   18002203;                                     0,489673;                       5689;                             18761516;                                     0,510327;                129;                       520414;                                     0,013556;              227;                    1106401;                                     0,028820
       407;       545;         1;BR      ;30/10/2022 18:04:18;         472075;     156454011;           95;                 147968;                                     0,313442;       29775;              48338716;         23499;                38414033;                22602;                       36786321;            13089;                   18015292;                                     0,489728;                       9513;                             18771029;                                     0,510272;                288;                       520702;                                     0,013555;              609;                    1107010;                                     0,028818
       407;       545;         1;BR      ;30/10/2022 18:04:19;         472075;     156454011;          212;                 148180;                                     0,313891;       67784;              48406500;         53912;                38467945;                51157;                       36837478;            31920;                   18047212;                                     0,489914;                      19237;                             18790266;                                     0,510086;                723;                       521425;                                     0,013555;             2032;                    1109042;                                     0,028830
       407;       545;         1;BR      ;30/10/2022 18:04:20;         472075;     156454011;           32;                 148212;                                     0,313959;        9345;              48415845;          7116;                38475061;                 6767;                       36844245;             3901;                   18051113;                                     0,489930;                       2866;                             18793132;                                     0,510070;                 94;                       521519;                                     0,013555;              255;                    1109297;                                     0,028832
       407;       545;         1;BR      ;30/10/2022 18:04:21;         472075;     156454011;           62;                 148274;                                     0,314090;       20384;              48436229;         15205;                38490266;                14386;                       36858631;             8684;                   18059797;                                     0,489975;                       5702;                             18798834;                                     0,510025;                187;                       521706;                                     0,013554;              632;                    1109929;                                     0,028837
       407;       545;         1;BR      ;30/10/2022 18:04:22;         472075;     156454011;           78;                 148352;                                     0,314255;       26261;              48462490;         20672;                38510938;                19582;                       36878213;            11690;                   18071487;                                     0,490032;                       7892;                             18806726;                                     0,509968;                238;                       521944;                                     0,013553;              852;                    1110781;                                     0,028843
       407;       545;         1;BR      ;30/10/2022 18:04:23;         472075;     156454011;           57;                 148409;                                     0,314376;       20753;              48483243;         17252;                38528190;                16338;                       36894551;             8360;                   18079847;                                     0,490041;                       7978;                             18814704;                                     0,509959;                207;                       522151;                                     0,013552;              707;                    1111488;                                     0,028849
       407;       545;         1;BR      ;30/10/2022 18:04:24;         472075;     156454011;           20;                 148429;                                     0,314418;        6785;              48490028;          5765;                38533955;                 5476;                       36900027;             2348;                   18082195;                                     0,490032;                       3128;                             18817832;                                     0,509968;                 79;                       522230;                                     0,013552;              210;                    1111698;                                     0,028850
       407;       545;         1;BR      ;30/10/2022 18:04:25;         472075;     156454011;           38;                 148467;                                     0,314499;       13024;              48503052;         10581;                38544536;                10009;                       36910036;             5682;                   18087877;                                     0,490053;                       4327;                             18822159;                                     0,509947;                105;                       522335;                                     0,013551;              467;                    1112165;                                     0,028854
       407;       545;         1;BR      ;30/10/2022 18:04:26;         472075;     156454011;           18;                 148485;                                     0,314537;        6172;              48509224;          5046;                38549582;                 4881;                       36914917;             1626;                   18089503;                                     0,490032;                       3255;                             18825414;                                     0,509968;                 78;                       522413;                                     0,013552;               87;                    1112252;                                     0,028853
       407;       545;         1;BR      ;30/10/2022 18:04:27;         472075;     156454011;           21;                 148506;                                     0,314581;        6876;              48516100;          5594;                38555176;                 5430;                       36920347;             2070;                   18091573;                                     0,490016;                       3360;                             18828774;                                     0,509984;                 70;                       522483;                                     0,013552;               94;                    1112346;                                     0,028851
       407;       545;         1;BR      ;30/10/2022 18:04:28;         472075;     156454011;           56;                 148562;                                     0,314700;       15537;              48531637;         12625;                38567801;                12319;                       36932666;             6440;                   18098013;                                     0,490027;                       5879;                             18834653;                                     0,509973;                 87;                       522570;                                     0,013549;              219;                    1112565;                                     0,028847
       407;       545;         1;BR      ;30/10/2022 18:04:29;         472075;     156454011;           89;                 148651;                                     0,314889;       29069;              48560706;         22311;                38590112;                21666;                       36954332;             9801;                   18107814;                                     0,490005;                      11865;                             18846518;                                     0,509995;                242;                       522812;                                     0,013548;              403;                    1112968;                                     0,028841
       407;       545;         1;BR      ;30/10/2022 18:04:30;         472075;     156454011;           10;                 148661;                                     0,314910;        3667;              48564373;          2666;                38592778;                 2603;                       36956935;             1464;                   18109278;                                     0,490010;                       1139;                             18847657;                                     0,509990;                 25;                       522837;                                     0,013548;               38;                    1113006;                                     0,028840
       407;       545;         1;BR      ;30/10/2022 18:04:31;         472075;     156454011;            4;                 148665;                                     0,314918;        1011;              48565384;           798;                38593576;                  788;                       36957723;              347;                   18109625;                                     0,490009;                        441;                             18848098;                                     0,509991;                  4;                       522841;                                     0,013547;                6;                    1113012;                                     0,028839
       407;       545;         1;BR      ;30/10/2022 18:04:32;         472075;     156454011;           37;                 148702;                                     0,314997;       14158;              48579542;         11162;                38604738;                10855;                       36968578;             6231;                   18115856;                                     0,490034;                       4624;                             18852722;                                     0,509966;                132;                       522973;                                     0,013547;              175;                    1113187;                                     0,028836
       407;       545;         1;BR      ;30/10/2022 18:04:33;         472075;     156454011;          138;                 148840;                                     0,315289;       45910;              48625452;         36684;                38641422;                34816;                       37003394;            19443;                   18135299;                                     0,490098;                      15373;                             18868095;                                     0,509902;                438;                       523411;                                     0,013545;             1430;                    1114617;                                     0,028845
       407;       545;         1;BR      ;30/10/2022 18:04:34;         472075;     156454011;           59;                 148899;                                     0,315414;       18111;              48643563;         13533;                38654955;                13032;                       37016426;             4826;                   18140125;                                     0,490056;                       8206;                             18876301;                                     0,509944;                139;                       523550;                                     0,013544;              362;                    1114979;                                     0,028844
       407;       545;         1;BR      ;30/10/2022 18:04:35;         472075;     156454011;          105;                 149004;                                     0,315636;       36445;              48680008;         28255;                38683210;                26928;                       37043354;            13599;                   18153724;                                     0,490067;                      13329;                             18889630;                                     0,509933;                551;                       524101;                                     0,013549;              776;                    1115755;                                     0,028843
       407;       545;         1;BR      ;30/10/2022 18:04:36;         472075;     156454011;           30;                 149034;                                     0,315700;        9341;              48689349;          7632;                38690842;                 7281;                       37050635;             2798;                   18156522;                                     0,490046;                       4483;                             18894113;                                     0,509954;                125;                       524226;                                     0,013549;              226;                    1115981;                                     0,028844
       407;       545;         1;BR      ;30/10/2022 18:04:37;         472075;     156454011;           64;                 149098;                                     0,315835;       20514;              48709863;         16579;                38707421;                15853;                       37066488;             7625;                   18164147;                                     0,490042;                       8228;                             18902341;                                     0,509958;                298;                       524524;                                     0,013551;              428;                    1116409;                                     0,028842
       407;       545;         1;BR      ;30/10/2022 18:04:38;         472075;     156454011;           27;                 149125;                                     0,315893;        8335;              48718198;          6728;                38714149;                 6448;                       37072936;             3401;                   18167548;                                     0,490049;                       3047;                             18905388;                                     0,509951;                 89;                       524613;                                     0,013551;              191;                    1116600;                                     0,028842
       407;       545;         1;BR      ;30/10/2022 18:04:39;         472075;     156454011;           95;                 149220;                                     0,316094;       30285;              48748483;         25226;                38739375;                23761;                       37096697;            14277;                   18181825;                                     0,490120;                       9484;                             18914872;                                     0,509880;                371;                       524984;                                     0,013552;             1094;                    1117694;                                     0,028852
       407;       545;         1;BR      ;30/10/2022 18:04:40;         472075;     156454011;           74;                 149294;                                     0,316251;       22296;              48770779;         17594;                38756969;                16479;                       37113176;            10431;                   18192256;                                     0,490183;                       6048;                             18920920;                                     0,509817;                253;                       525237;                                     0,013552;              862;                    1118556;                                     0,028861
       407;       545;         1;BR      ;30/10/2022 18:04:41;         472075;     156454011;          110;                 149404;                                     0,316484;       35041;              48805820;         28283;                38785252;                26937;                       37140113;            11605;                   18203861;                                     0,490140;                      15332;                             18936252;                                     0,509860;                461;                       525698;                                     0,013554;              885;                    1119441;                                     0,028863
       407;       545;         1;BR      ;30/10/2022 18:04:42;         472075;     156454011;           86;                 149490;                                     0,316666;       26593;              48832413;         20631;                38805883;                19697;                       37159810;             8844;                   18212705;                                     0,490118;                      10853;                             18947105;                                     0,509882;                255;                       525953;                                     0,013553;              679;                    1120120;                                     0,028865
       407;       545;         1;BR      ;30/10/2022 18:04:43;         472075;     156454011;           13;                 149503;                                     0,316693;        3860;              48836273;          2540;                38808423;                 2322;                       37162132;             2172;                   18214877;                                     0,490146;                        150;                             18947255;                                     0,509854;                 10;                       525963;                                     0,013553;              208;                    1120328;                                     0,028868
       407;       545;         1;BR      ;30/10/2022 18:04:48;         472075;     156454011;            2;                 149505;                                     0,316698;         608;              48836881;           483;                38808906;                  468;                       37162600;              184;                   18215061;                                     0,490145;                        284;                             18947539;                                     0,509855;                  3;                       525966;                                     0,013553;               12;                    1120340;                                     0,028868
       407;       545;         1;BR      ;30/10/2022 18:04:49;         472075;     156454011;            3;                 149508;                                     0,316704;         833;              48837714;           625;                38809531;                  600;                       37163200;              211;                   18215272;                                     0,490143;                        389;                             18947928;                                     0,509857;                  2;                       525968;                                     0,013553;               23;                    1120363;                                     0,028868
       407;       545;         1;BR      ;30/10/2022 18:05:06;         472075;     156454011;          217;                 149725;                                     0,317164;       70880;              48908594;         59396;                38868927;                57155;                       37220355;            35422;                   18250694;                                     0,490342;                      21733;                             18969661;                                     0,509658;                753;                       526721;                                     0,013551;             1488;                    1121851;                                     0,028862
       407;       545;         1;BR      ;30/10/2022 18:05:07;         472075;     156454011;          280;                 150005;                                     0,317757;       86660;              48995254;         68392;                38937319;                65911;                       37286266;            39164;                   18289858;                                     0,490525;                      26747;                             18996408;                                     0,509475;                826;                       527547;                                     0,013549;             1655;                    1123506;                                     0,028854
       407;       545;         1;BR      ;30/10/2022 18:05:08;         472075;     156454011;          183;                 150188;                                     0,318144;       66018;              49061272;         50944;                38988263;                48887;                       37335153;            22710;                   18312568;                                     0,490491;                      26177;                             19022585;                                     0,509509;                663;                       528210;                                     0,013548;             1394;                    1124900;                                     0,028852
       407;       545;         1;BR      ;30/10/2022 18:05:09;         472075;     156454011;          125;                 150313;                                     0,318409;       40633;              49101905;         31602;                39019865;                30540;                       37365693;            15660;                   18328228;                                     0,490510;                      14880;                             19037465;                                     0,509490;                403;                       528613;                                     0,013547;              659;                    1125559;                                     0,028846
       407;       545;         1;BR      ;30/10/2022 18:05:10;         472075;     156454011;          270;                 150583;                                     0,318981;       91627;              49193532;         71450;                39091315;                66958;                       37432651;            32378;                   18360606;                                     0,490497;                      34580;                             19072045;                                     0,509503;               1384;                       529997;                                     0,013558;             3108;                    1128667;                                     0,028873
       407;       545;         1;BR      ;30/10/2022 18:05:11;         472075;     156454011;           78;                 150661;                                     0,319146;       24596;              49218128;         19510;                39110825;                18278;                       37450929;             7701;                   18368307;                                     0,490463;                      10577;                             19082622;                                     0,509537;                403;                       530400;                                     0,013561;              829;                    1129496;                                     0,028879
       407;       545;         1;BR      ;30/10/2022 18:05:12;         472075;     156454011;            2;                 150663;                                     0,319151;         550;              49218678;           437;                39111262;                  405;                       37451334;              166;                   18368473;                                     0,490462;                        239;                             19082861;                                     0,509538;                 12;                       530412;                                     0,013562;               20;                    1129516;                                     0,028880
       407;       545;         1;BR      ;30/10/2022 18:05:13;         472075;     156454011;           20;                 150683;                                     0,319193;        6171;              49224849;          5049;                39116311;                 4757;                       37456091;             1955;                   18370428;                                     0,490452;                       2802;                             19085663;                                     0,509548;                 95;                       530507;                                     0,013562;              197;                    1129713;                                     0,028881
       407;       545;         1;BR      ;30/10/2022 18:05:14;         472075;     156454011;            3;                 150686;                                     0,319199;         840;              49225689;           695;                39117006;                  659;                       37456750;              284;                   18370712;                                     0,490451;                        375;                             19086038;                                     0,509549;                  5;                       530512;                                     0,013562;               31;                    1129744;                                     0,028881
       407;       545;         1;BR      ;30/10/2022 18:05:15;         472075;     156454011;           96;                 150782;                                     0,319403;       33198;              49258887;         25843;                39142849;                24442;                       37481192;             9172;                   18379884;                                     0,490376;                      15270;                             19101308;                                     0,509624;                467;                       530979;                                     0,013565;              934;                    1130678;                                     0,028886
       407;       545;         1;BR      ;30/10/2022 18:05:16;         472075;     156454011;          175;                 150957;                                     0,319773;       58326;              49317213;         45280;                39188129;                42801;                       37523993;            17609;                   18397493;                                     0,490286;                      25192;                             19126500;                                     0,509714;                786;                       531765;                                     0,013570;             1693;                    1132371;                                     0,028896
       407;       545;         1;BR      ;30/10/2022 18:05:19;         472075;     156454011;           80;                 151037;                                     0,319943;       26421;              49343634;         20987;                39209116;                20253;                       37544246;             8047;                   18405540;                                     0,490236;                      12206;                             19138706;                                     0,509764;                264;                       532029;                                     0,013569;              470;                    1132841;                                     0,028892
       407;       545;         1;BR      ;30/10/2022 18:05:20;         472075;     156454011;           97;                 151134;                                     0,320148;       31778;              49375412;         26058;                39235174;                25148;                       37569394;            15593;                   18421133;                                     0,490323;                       9555;                             19148261;                                     0,509677;                281;                       532310;                                     0,013567;              629;                    1133470;                                     0,028889
       407;       545;         1;BR      ;30/10/2022 18:05:21;         472075;     156454011;          109;                 151243;                                     0,320379;       33482;              49408894;         26967;                39262141;                26090;                       37595484;            13057;                   18434190;                                     0,490330;                      13033;                             19161294;                                     0,509670;                298;                       532608;                                     0,013565;              579;                    1134049;                                     0,028884
       407;       545;         1;BR      ;30/10/2022 18:05:22;         472075;     156454011;           53;                 151296;                                     0,320491;       15168;              49424062;         12648;                39274789;                12210;                       37607694;             6387;                   18440577;                                     0,490341;                       5823;                             19167117;                                     0,509659;                150;                       532758;                                     0,013565;              288;                    1134337;                                     0,028882
       407;       545;         1;BR      ;30/10/2022 18:05:23;         472075;     156454011;           77;                 151373;                                     0,320655;       26244;              49450306;         20888;                39295677;                20215;                       37627909;             9473;                   18450050;                                     0,490329;                      10742;                             19177859;                                     0,509671;                281;                       533039;                                     0,013565;              392;                    1134729;                                     0,028877
       407;       545;         1;BR      ;30/10/2022 18:05:24;         472075;     156454011;          163;                 151536;                                     0,321000;       56014;              49506320;         44254;                39339931;                42431;                       37670340;            22548;                   18472598;                                     0,490375;                      19883;                             19197742;                                     0,509625;                550;                       533589;                                     0,013564;             1273;                    1136002;                                     0,028877
       407;       545;         1;BR      ;30/10/2022 18:05:25;         472075;     156454011;          151;                 151687;                                     0,321320;       53841;              49560161;         43562;                39383493;                41229;                       37711569;            28277;                   18500875;                                     0,490589;                      12952;                             19210694;                                     0,509411;                617;                       534206;                                     0,013564;             1716;                    1137718;                                     0,028888
       407;       545;         1;BR      ;30/10/2022 18:05:26;         472075;     156454011;           70;                 151757;                                     0,321468;       20466;              49580627;         15291;                39398784;                14549;                       37726118;            11280;                   18512155;                                     0,490699;                       3269;                             19213963;                                     0,509301;                146;                       534352;                                     0,013563;              596;                    1138314;                                     0,028892
       407;       545;         1;BR      ;30/10/2022 18:05:27;         472075;     156454011;           76;                 151833;                                     0,321629;       22990;              49603617;         17350;                39416134;                16335;                       37742453;            10512;                   18522667;                                     0,490765;                       5823;                             19219786;                                     0,509235;                201;                       534553;                                     0,013562;              814;                    1139128;                                     0,028900
       407;       545;         1;BR      ;30/10/2022 18:05:28;         472075;     156454011;           26;                 151859;                                     0,321684;        7397;              49611014;          5681;                39421815;                 5335;                       37747788;             3257;                   18525924;                                     0,490782;                       2078;                             19221864;                                     0,509218;                 70;                       534623;                                     0,013562;              276;                    1139404;                                     0,028903
       407;       545;         1;BR      ;30/10/2022 18:05:29;         472075;     156454011;           34;                 151893;                                     0,321756;       11466;              49622480;          9542;                39431357;                 8951;                       37756739;             6086;                   18532010;                                     0,490827;                       2865;                             19224729;                                     0,509173;                112;                       534735;                                     0,013561;              479;                    1139883;                                     0,028908
       407;       545;         1;BR      ;30/10/2022 18:05:30;         472075;     156454011;           15;                 151908;                                     0,321788;        4896;              49627376;          3717;                39435074;                 3470;                       37760209;             2824;                   18534834;                                     0,490856;                        646;                             19225375;                                     0,509144;                 61;                       534796;                                     0,013561;              186;                    1140069;                                     0,028910
       407;       545;         1;BR      ;30/10/2022 18:05:31;         472075;     156454011;            6;                 151914;                                     0,321801;        1960;              49629336;          1491;                39436565;                 1417;                       37761626;              870;                   18535704;                                     0,490861;                        547;                             19225922;                                     0,509139;                 12;                       534808;                                     0,013561;               62;                    1140131;                                     0,028911
       407;       545;         1;BR      ;30/10/2022 18:05:32;         472075;     156454011;           85;                 151999;                                     0,321981;       29286;              49658622;         24216;                39460781;                22631;                       37784257;            15324;                   18551028;                                     0,490972;                       7307;                             19233229;                                     0,509028;                318;                       535126;                                     0,013561;             1267;                    1141398;                                     0,028925
       407;       545;         1;BR      ;30/10/2022 18:05:33;         472075;     156454011;            9;                 152008;                                     0,322000;        2723;              49661345;          2324;                39463105;                 2223;                       37786480;              914;                   18551942;                                     0,490968;                       1309;                             19234538;                                     0,509032;                 26;                       535152;                                     0,013561;               75;                    1141473;                                     0,028925
       407;       545;         1;BR      ;30/10/2022 18:05:34;         472075;     156454011;            8;                 152016;                                     0,322017;        2847;              49664192;          2334;                39465439;                 2242;                       37788722;              934;                   18552876;                                     0,490963;                       1308;                             19235846;                                     0,509037;                 38;                       535190;                                     0,013561;               54;                    1141527;                                     0,028925
       407;       545;         1;BR      ;30/10/2022 18:05:35;         472075;     156454011;           20;                 152036;                                     0,322059;        6609;              49670801;          5436;                39470875;                 5140;                       37793862;             2769;                   18555645;                                     0,490970;                       2371;                             19238217;                                     0,509030;                 82;                       535272;                                     0,013561;              214;                    1141741;                                     0,028926
       407;       545;         1;BR      ;30/10/2022 18:05:36;         472075;     156454011;           59;                 152095;                                     0,322184;       20330;              49691131;         16502;                39487377;                15938;                       37809800;             5797;                   18561442;                                     0,490916;                      10141;                             19248358;                                     0,509084;                171;                       535443;                                     0,013560;              393;                    1142134;                                     0,028924
       407;       545;         1;BR      ;30/10/2022 18:05:37;         472075;     156454011;           84;                 152179;                                     0,322362;       27789;              49718920;         22221;                39509598;                21665;                       37831465;             9448;                   18570890;                                     0,490885;                      12217;                             19260575;                                     0,509115;                224;                       535667;                                     0,013558;              332;                    1142466;                                     0,028916
       407;       545;         1;BR      ;30/10/2022 18:05:38;         472075;     156454011;           77;                 152256;                                     0,322525;       27819;              49746739;         21944;                39531542;                21371;                       37852836;            10383;                   18581273;                                     0,490882;                      10988;                             19271563;                                     0,509118;                197;                       535864;                                     0,013555;              376;                    1142842;                                     0,028910
       407;       545;         1;BR      ;30/10/2022 18:05:39;         472075;     156454011;          131;                 152387;                                     0,322803;       44861;              49791600;         35882;                39567424;                34072;                       37886908;            18718;                   18599991;                                     0,490935;                      15354;                             19286917;                                     0,509065;                407;                       536271;                                     0,013553;             1403;                    1144245;                                     0,028919
       407;       545;         1;BR      ;30/10/2022 18:05:40;         472075;     156454011;           80;                 152467;                                     0,322972;       26657;              49818257;         21204;                39588628;                20256;                       37907164;             9350;                   18609341;                                     0,490919;                      10906;                             19297823;                                     0,509081;                368;                       536639;                                     0,013555;              580;                    1144825;                                     0,028918
       407;       545;         1;BR      ;30/10/2022 18:05:41;         472075;     156454011;           26;                 152493;                                     0,323027;        8784;              49827041;          6901;                39595529;                 6626;                       37913790;             2873;                   18612214;                                     0,490909;                       3753;                             19301576;                                     0,509091;                108;                       536747;                                     0,013556;              167;                    1144992;                                     0,028917
       407;       545;         1;BR      ;30/10/2022 18:05:42;         472075;     156454011;           19;                 152512;                                     0,323067;        6025;              49833066;          4857;                39600386;                 4606;                       37918396;             2361;                   18614575;                                     0,490911;                       2245;                             19303821;                                     0,509089;                109;                       536856;                                     0,013557;              142;                    1145134;                                     0,028917
       407;       545;         1;BR      ;30/10/2022 18:05:43;         472075;     156454011;          124;                 152636;                                     0,323330;       38478;              49871544;         31628;                39632014;                30277;                       37948673;            12382;                   18626957;                                     0,490846;                      17895;                             19321716;                                     0,509154;                517;                       537373;                                     0,013559;              834;                    1145968;                                     0,028915
       407;       545;         1;BR      ;30/10/2022 18:05:44;         472075;     156454011;           56;                 152692;                                     0,323449;       17105;              49888649;         14103;                39646117;                13563;                       37962236;             5911;                   18632868;                                     0,490826;                       7652;                             19329368;                                     0,509174;                198;                       537571;                                     0,013559;              342;                    1146310;                                     0,028914
       407;       545;         1;BR      ;30/10/2022 18:05:45;         472075;     156454011;           98;                 152790;                                     0,323656;       32186;              49920835;         27396;                39673513;                25753;                       37987989;            14097;                   18646965;                                     0,490865;                      11656;                             19341024;                                     0,509135;                353;                       537924;                                     0,013559;             1290;                    1147600;                                     0,028926
       407;       545;         1;BR      ;30/10/2022 18:05:46;         472075;     156454011;           79;                 152869;                                     0,323824;       23767;              49944602;         19048;                39692561;                17891;                       38005880;            10566;                   18657531;                                     0,490912;                       7325;                             19348349;                                     0,509088;                289;                       538213;                                     0,013560;              868;                    1148468;                                     0,028934
       407;       545;         1;BR      ;30/10/2022 18:05:47;         472075;     156454011;           72;                 152941;                                     0,323976;       24323;              49968925;         18866;                39711427;                17968;                       38023848;             8440;                   18665971;                                     0,490902;                       9528;                             19357877;                                     0,509098;                276;                       538489;                                     0,013560;              622;                    1149090;                                     0,028936
       407;       545;         1;BR      ;30/10/2022 18:05:48;         472075;     156454011;          100;                 153041;                                     0,324188;       29476;              49998401;         23384;                39734811;                22012;                       38045860;            12319;                   18678290;                                     0,490941;                       9693;                             19367570;                                     0,509059;                345;                       538834;                                     0,013561;             1027;                    1150117;                                     0,028945
       407;       545;         1;BR      ;30/10/2022 18:06:11;         472075;     156454011;           50;                 153091;                                     0,324294;       14500;              50012901;         10596;                39745407;                10040;                       38055900;             5733;                   18684023;                                     0,490963;                       4307;                             19371877;                                     0,509037;                105;                       538939;                                     0,013560;              451;                    1150568;                                     0,028948
       407;       545;         1;BR      ;30/10/2022 18:06:12;         472075;     156454011;          175;                 153266;                                     0,324665;       55450;              50068351;         43283;                39788690;                41449;                       38097349;            19442;                   18703465;                                     0,490939;                      22007;                             19393884;                                     0,509061;                633;                       539572;                                     0,013561;             1201;                    1151769;                                     0,028947
       407;       545;         1;BR      ;30/10/2022 18:06:13;         472075;     156454011;          277;                 153543;                                     0,325251;       99016;              50167367;         77177;                39865867;                74007;                       38171356;            35726;                   18739191;                                     0,490923;                      38281;                             19432165;                                     0,509077;               1013;                       540585;                                     0,013560;             2157;                    1153926;                                     0,028945
       407;       545;         1;BR      ;30/10/2022 18:06:14;         472075;     156454011;          240;                 153783;                                     0,325760;       77835;              50245202;         63281;                39929148;                61104;                       38232460;            35534;                   18774725;                                     0,491068;                      25570;                             19457735;                                     0,508932;                816;                       541401;                                     0,013559;             1361;                    1155287;                                     0,028933
       407;       545;         1;BR      ;30/10/2022 18:06:15;         472075;     156454011;          287;                 154070;                                     0,326368;      102004;              50347206;         80301;                40009449;                75200;                       38307660;            36874;                   18811599;                                     0,491066;                      38326;                             19496061;                                     0,508934;               1625;                       543026;                                     0,013572;             3476;                    1158763;                                     0,028962
       407;       545;         1;BR      ;30/10/2022 18:06:16;         472075;     156454011;           52;                 154122;                                     0,326478;       18145;              50365351;         14425;                40023874;                13565;                       38321225;             5041;                   18816640;                                     0,491024;                       8524;                             19504585;                                     0,508976;                278;                       543304;                                     0,013574;              582;                    1159345;                                     0,028966
       407;       545;         1;BR      ;30/10/2022 18:06:17;         472075;     156454011;          162;                 154284;                                     0,326821;       54024;              50419375;         41855;                40065729;                39542;                       38360767;            15431;                   18832071;                                     0,490920;                      24111;                             19528696;                                     0,509080;                742;                       544046;                                     0,013579;             1571;                    1160916;                                     0,028975
       407;       545;         1;BR      ;30/10/2022 18:06:18;         472075;     156454011;          169;                 154453;                                     0,327179;       56051;              50475426;         43848;                40109577;                41555;                       38402322;            17357;                   18849428;                                     0,490841;                      24198;                             19552894;                                     0,509159;                795;                       544841;                                     0,013584;             1498;                    1162414;                                     0,028981
       407;       545;         1;BR      ;30/10/2022 18:06:19;         472075;     156454011;            1;                 154454;                                     0,327181;         374;              50475800;           292;                40109869;                  270;                       38402592;              117;                   18849545;                                     0,490840;                        153;                             19553047;                                     0,509160;                 10;                       544851;                                     0,013584;               12;                    1162426;                                     0,028981
       407;       545;         1;BR      ;30/10/2022 18:06:21;         472075;     156454011;            4;                 154458;                                     0,327190;        1273;              50477073;           917;                40110786;                  872;                       38403464;              319;                   18849864;                                     0,490838;                        553;                             19553600;                                     0,509162;                 16;                       544867;                                     0,013584;               29;                    1162455;                                     0,028981
       407;       545;         1;BR      ;30/10/2022 18:06:22;         472075;     156454011;          194;                 154652;                                     0,327600;       63558;              50540631;         50632;                40161418;                48953;                       38452417;            21576;                   18871440;                                     0,490774;                      27377;                             19580977;                                     0,509226;                513;                       545380;                                     0,013580;             1166;                    1163621;                                     0,028974
       407;       545;         1;BR      ;30/10/2022 18:06:23;         472075;     156454011;          173;                 154825;                                     0,327967;       53756;              50594387;         43776;                40205194;                42207;                       38494624;            18598;                   18890038;                                     0,490719;                      23609;                             19604586;                                     0,509281;                603;                       545983;                                     0,013580;              966;                    1164587;                                     0,028966
       407;       545;         1;BR      ;30/10/2022 18:06:24;         472075;     156454011;          111;                 154936;                                     0,328202;       36772;              50631159;         30150;                40235344;                29028;                       38523652;            11621;                   18901659;                                     0,490651;                      17407;                             19621993;                                     0,509349;                470;                       546453;                                     0,013581;              652;                    1165239;                                     0,028961
       407;       545;         1;BR      ;30/10/2022 18:06:25;         472075;     156454011;          128;                 155064;                                     0,328473;       39611;              50670770;         31005;                40266349;                29905;                       38553557;            15526;                   18917185;                                     0,490673;                      14379;                             19636372;                                     0,509327;                319;                       546772;                                     0,013579;              781;                    1166020;                                     0,028958
       407;       545;         1;BR      ;30/10/2022 18:06:26;         472075;     156454011;          209;                 155273;                                     0,328916;       68515;              50739285;         54629;                40320978;                51686;                       38605243;            36090;                   18953275;                                     0,490951;                      15596;                             19651968;                                     0,509049;                745;                       547517;                                     0,013579;             2198;                    1168218;                                     0,028973
       407;       545;         1;BR      ;30/10/2022 18:06:29;         472075;     156454011;           67;                 155340;                                     0,329058;       23115;              50762400;         18551;                40339529;                17400;                       38622643;            11341;                   18964616;                                     0,491023;                       6059;                             19658027;                                     0,508977;                266;                       547783;                                     0,013579;              885;                    1169103;                                     0,028982
       407;       545;         1;BR      ;30/10/2022 18:06:30;         472075;     156454011;          113;                 155453;                                     0,329297;       38339;              50800739;         31130;                40370659;                29211;                       38651854;            19930;                   18984546;                                     0,491168;                       9281;                             19667308;                                     0,508832;                380;                       548163;                                     0,013578;             1539;                    1170642;                                     0,028997
       407;       545;         1;BR      ;30/10/2022 18:06:31;         472075;     156454011;           56;                 155509;                                     0,329416;       18698;              50819437;         13855;                40384514;                13482;                       38665336;             6974;                   18991520;                                     0,491177;                       6508;                             19673816;                                     0,508823;                123;                       548286;                                     0,013577;              250;                    1170892;                                     0,028994
       407;       545;         1;BR      ;30/10/2022 18:06:32;         472075;     156454011;          117;                 155626;                                     0,329664;       43355;              50862792;         34677;                40419191;                33653;                       38698989;            15662;                   19007182;                                     0,491154;                      17991;                             19691807;                                     0,508846;                388;                       548674;                                     0,013575;              636;                    1171528;                                     0,028984
       407;       545;         1;BR      ;30/10/2022 18:06:33;         472075;     156454011;           59;                 155685;                                     0,329789;       19185;              50881977;         15820;                40435011;                15368;                       38714357;             4522;                   19011704;                                     0,491076;                      10846;                             19702653;                                     0,508924;                182;                       548856;                                     0,013574;              270;                    1171798;                                     0,028980
       407;       545;         1;BR      ;30/10/2022 18:06:34;         472075;     156454011;           74;                 155759;                                     0,329945;       23774;              50905751;         19496;                40454507;                18383;                       38732740;            11382;                   19023086;                                     0,491137;                       7001;                             19709654;                                     0,508863;                295;                       549151;                                     0,013575;              818;                    1172616;                                     0,028986
       407;       545;         1;BR      ;30/10/2022 18:06:35;         472075;     156454011;           60;                 155819;                                     0,330073;       21335;              50927086;         16860;                40471367;                16111;                       38748851;             8766;                   19031852;                                     0,491159;                       7345;                             19716999;                                     0,508841;                174;                       549325;                                     0,013573;              575;                    1173191;                                     0,028988
       407;       545;         1;BR      ;30/10/2022 18:06:36;         472075;     156454011;           61;                 155880;                                     0,330202;       18412;              50945498;         14382;                40485749;                13779;                       38762630;             6866;                   19038718;                                     0,491162;                       6913;                             19723912;                                     0,508838;                227;                       549552;                                     0,013574;              376;                    1173567;                                     0,028987
       407;       545;         1;BR      ;30/10/2022 18:06:37;         472075;     156454011;           66;                 155946;                                     0,330342;       21119;              50966617;         17068;                40502817;                16292;                       38778922;             7823;                   19046541;                                     0,491157;                       8469;                             19732381;                                     0,508843;                280;                       549832;                                     0,013575;              496;                    1174063;                                     0,028987
       407;       545;         1;BR      ;30/10/2022 18:06:38;         472075;     156454011;           11;                 155957;                                     0,330365;        3461;              50970078;          2826;                40505643;                 2675;                       38781597;             1300;                   19047841;                                     0,491157;                       1375;                             19733756;                                     0,508843;                 64;                       549896;                                     0,013576;               87;                    1174150;                                     0,028987
       407;       545;         1;BR      ;30/10/2022 18:06:39;         472075;     156454011;           67;                 156024;                                     0,330507;       20064;              50990142;         16869;                40522512;                16137;                       38797734;             5653;                   19053494;                                     0,491098;                      10484;                             19744240;                                     0,508902;                259;                       550155;                                     0,013577;              473;                    1174623;                                     0,028987
       407;       545;         1;BR      ;30/10/2022 18:06:40;         472075;     156454011;            6;                 156030;                                     0,330520;        1370;              50991512;          1168;                40523680;                 1110;                       38798844;              469;                   19053963;                                     0,491096;                        641;                             19744881;                                     0,508904;                 30;                       550185;                                     0,013577;               28;                    1174651;                                     0,028987
       407;       545;         1;BR      ;30/10/2022 18:06:43;         472075;     156454011;          124;                 156154;                                     0,330782;       41219;              51032731;         35150;                40558830;                33132;                       38831976;            18080;                   19072043;                                     0,491143;                      15052;                             19759933;                                     0,508857;                479;                       550664;                                     0,013577;             1539;                    1176190;                                     0,029000
       407;       545;         1;BR      ;30/10/2022 18:06:44;         472075;     156454011;          159;                 156313;                                     0,331119;       49430;              51082161;         39840;                40598670;                37618;                       38869594;            19971;                   19092014;                                     0,491181;                      17647;                             19777580;                                     0,508819;                627;                       551291;                                     0,013579;             1595;                    1177785;                                     0,029010
       407;       545;         1;BR      ;30/10/2022 18:06:45;         472075;     156454011;           18;                 156331;                                     0,331157;        4994;              51087155;          3961;                40602631;                 3781;                       38873375;             2048;                   19094062;                                     0,491186;                       1733;                             19779313;                                     0,508814;                 57;                       551348;                                     0,013579;              123;                    1177908;                                     0,029011
       407;       545;         1;BR      ;30/10/2022 18:06:46;         472075;     156454011;           37;                 156368;                                     0,331236;       11374;              51098529;          9178;                40611809;                 8732;                       38882107;             3769;                   19097831;                                     0,491173;                       4963;                             19784276;                                     0,508827;                128;                       551476;                                     0,013579;              318;                    1178226;                                     0,029012
       407;       545;         1;BR      ;30/10/2022 18:07:16;         472075;     156454011;            2;                 156370;                                     0,331240;         185;              51098714;           110;                40611919;                  107;                       38882214;              101;                   19097932;                                     0,491174;                          6;                             19784282;                                     0,508826;                  2;                       551478;                                     0,013579;                1;                    1178227;                                     0,029012
       407;       545;         1;BR      ;30/10/2022 18:07:17;         472075;     156454011;          236;                 156606;                                     0,331740;       73487;              51172201;         57713;                40669632;                55264;                       38937478;            26222;                   19124154;                                     0,491150;                      29042;                             19813324;                                     0,508850;                845;                       552323;                                     0,013581;             1604;                    1179831;                                     0,029010
       407;       545;         1;BR      ;30/10/2022 18:07:18;         472075;     156454011;          279;                 156885;                                     0,332331;       93486;              51265687;         71957;                40741589;                69485;                       39006963;            31960;                   19156114;                                     0,491095;                      37525;                             19850849;                                     0,508905;                865;                       553188;                                     0,013578;             1607;                    1181438;                                     0,028998
       407;       545;         1;BR      ;30/10/2022 18:07:19;         472075;     156454011;          159;                 157044;                                     0,332667;       49676;              51315363;         40319;                40781908;                38950;                       39045913;            23317;                   19179431;                                     0,491202;                      15633;                             19866482;                                     0,508798;                455;                       553643;                                     0,013576;              914;                    1182352;                                     0,028992
       407;       545;         1;BR      ;30/10/2022 18:07:20;         472075;     156454011;          349;                 157393;                                     0,333407;      115840;              51431203;         90948;                40872856;                85523;                       39131436;            44310;                   19223741;                                     0,491261;                      41213;                             19907695;                                     0,508739;               1712;                       555355;                                     0,013587;             3713;                    1186065;                                     0,029018
       407;       545;         1;BR      ;30/10/2022 18:07:21;         472075;     156454011;          165;                 157558;                                     0,333756;       54053;              51485256;         42705;                40915561;                40264;                       39171700;            17242;                   19240983;                                     0,491196;                      23022;                             19930717;                                     0,508804;                753;                       556108;                                     0,013592;             1688;                    1187753;                                     0,029029
       407;       545;         1;BR      ;30/10/2022 18:07:22;         472075;     156454011;           68;                 157626;                                     0,333900;       21523;              51506779;         16891;                40932452;                16013;                       39187713;             5203;                   19246186;                                     0,491128;                      10810;                             19941527;                                     0,508872;                252;                       556360;                                     0,013592;              626;                    1188379;                                     0,029033
       407;       545;         1;BR      ;30/10/2022 18:07:23;         472075;     156454011;           69;                 157695;                                     0,334046;       24849;              51531628;         19647;                40952099;                18391;                       39206104;             9825;                   19256011;                                     0,491148;                       8566;                             19950093;                                     0,508852;                391;                       556751;                                     0,013595;              865;                    1189244;                                     0,029040
       407;       545;         1;BR      ;30/10/2022 18:07:24;         472075;     156454011;          121;                 157816;                                     0,334303;       39983;              51571611;         31426;                40983525;                29731;                       39235835;            10871;                   19266882;                                     0,491053;                      18860;                             19968953;                                     0,508947;                586;                       557337;                                     0,013599;             1109;                    1190353;                                     0,029045
       407;       545;         1;BR      ;30/10/2022 18:07:25;         472075;     156454011;           78;                 157894;                                     0,334468;       25045;              51596656;         19341;                41002866;                18251;                       39254086;             7926;                   19274808;                                     0,491027;                      10325;                             19979278;                                     0,508973;                337;                       557674;                                     0,013601;              753;                    1191106;                                     0,029049
       407;       545;         1;BR      ;30/10/2022 18:07:26;         472075;     156454011;            2;                 157896;                                     0,334472;         500;              51597156;           414;                41003280;                  396;                       39254482;               94;                   19274902;                                     0,491024;                        302;                             19979580;                                     0,508976;                  3;                       557677;                                     0,013601;               15;                    1191121;                                     0,029049
       407;       545;         1;BR      ;30/10/2022 18:07:28;         472075;     156454011;          197;                 158093;                                     0,334890;       67580;              51664736;         53153;                41056433;                51427;                       39305909;            20338;                   19295240;                                     0,490899;                      31089;                             20010669;                                     0,509101;                631;                       558308;                                     0,013599;             1095;                    1192216;                                     0,029038
       407;       545;         1;BR      ;30/10/2022 18:07:29;         472075;     156454011;          135;                 158228;                                     0,335176;       43057;              51707793;         34523;                41090956;                33392;                       39339301;            18369;                   19313609;                                     0,490949;                      15023;                             20025692;                                     0,509051;                377;                       558685;                                     0,013596;              754;                    1192970;                                     0,029032
       407;       545;         1;BR      ;30/10/2022 18:07:30;         472075;     156454011;          180;                 158408;                                     0,335557;       58472;              51766265;         47787;                41138743;                46161;                       39385462;            20906;                   19334515;                                     0,490905;                      25255;                             20050947;                                     0,509095;                638;                       559323;                                     0,013596;              988;                    1193958;                                     0,029023
       407;       545;         1;BR      ;30/10/2022 18:07:31;         472075;     156454011;           64;                 158472;                                     0,335692;       20760;              51787025;         16881;                41155624;                16313;                       39401775;             6026;                   19340541;                                     0,490855;                      10287;                             20061234;                                     0,509145;                220;                       559543;                                     0,013596;              348;                    1194306;                                     0,029019
       407;       545;         1;BR      ;30/10/2022 18:07:32;         472075;     156454011;          125;                 158597;                                     0,335957;       37456;              51824481;         29998;                41185622;                29164;                       39430939;            10766;                   19351307;                                     0,490765;                      18398;                             20079632;                                     0,509235;                339;                       559882;                                     0,013594;              495;                    1194801;                                     0,029010
       407;       545;         1;BR      ;30/10/2022 18:07:33;         472075;     156454011;          193;                 158790;                                     0,336366;       65940;              51890421;         52390;                41238012;                49628;                       39480567;            32619;                   19383926;                                     0,490974;                      17009;                             20096641;                                     0,509026;                718;                       560600;                                     0,013594;             2044;                    1196845;                                     0,029023
       407;       545;         1;BR      ;30/10/2022 18:07:34;         472075;     156454011;           68;                 158858;                                     0,336510;       21047;              51911468;         16594;                41254606;                15774;                       39496341;            11517;                   19395443;                                     0,491069;                       4257;                             20100898;                                     0,508931;                218;                       560818;                                     0,013594;              602;                    1197447;                                     0,029026
       407;       545;         1;BR      ;30/10/2022 18:07:35;         472075;     156454011;           11;                 158869;                                     0,336533;        3495;              51914963;          2636;                41257242;                 2494;                       39498835;             1850;                   19397293;                                     0,491085;                        644;                             20101542;                                     0,508915;                 37;                       560855;                                     0,013594;              105;                    1197552;                                     0,029026
       407;       545;         1;BR      ;30/10/2022 18:07:36;         472075;     156454011;           66;                 158935;                                     0,336673;       20870;              51935833;         16190;                41273432;                15420;                       39514255;            10773;                   19408066;                                     0,491166;                       4647;                             20106189;                                     0,508834;                165;                       561020;                                     0,013593;              605;                    1198157;                                     0,029030
       407;       545;         1;BR      ;30/10/2022 18:07:37;         472075;     156454011;           58;                 158993;                                     0,336796;       18390;              51954223;         13931;                41287363;                13148;                       39527403;             9841;                   19417907;                                     0,491252;                       3307;                             20109496;                                     0,508748;                159;                       561179;                                     0,013592;              624;                    1198781;                                     0,029035
       407;       545;         1;BR      ;30/10/2022 18:07:38;         472075;     156454011;           24;                 159017;                                     0,336847;        8142;              51962365;          6168;                41293531;                 5786;                       39533189;             3759;                   19421666;                                     0,491275;                       2027;                             20111523;                                     0,508725;                 67;                       561246;                                     0,013592;              315;                    1199096;                                     0,029038
       407;       545;         1;BR      ;30/10/2022 18:07:39;         472075;     156454011;           44;                 159061;                                     0,336940;       14868;              51977233;         12183;                41305714;                11538;                       39544727;             7590;                   19429256;                                     0,491324;                       3948;                             20115471;                                     0,508676;                135;                       561381;                                     0,013591;              510;                    1199606;                                     0,029042
       407;       545;         1;BR      ;30/10/2022 18:07:40;         472075;     156454011;           52;                 159113;                                     0,337050;       17903;              51995136;         13553;                41319267;                12656;                       39557383;             9553;                   19438809;                                     0,491408;                       3103;                             20118574;                                     0,508592;                160;                       561541;                                     0,013590;              737;                    1200343;                                     0,029050
       407;       545;         1;BR      ;30/10/2022 18:07:41;         472075;     156454011;           55;                 159168;                                     0,337167;       18630;              52013766;         15019;                41334286;                14071;                       39571454;             8586;                   19447395;                                     0,491450;                       5485;                             20124059;                                     0,508550;                196;                       561737;                                     0,013590;              752;                    1201095;                                     0,029058
       407;       545;         1;BR      ;30/10/2022 18:07:42;         472075;     156454011;           19;                 159187;                                     0,337207;        6332;              52020098;          5196;                41339482;                 4922;                       39576376;             3534;                   19450929;                                     0,491478;                       1388;                             20125447;                                     0,508522;                 74;                       561811;                                     0,013590;              200;                    1201295;                                     0,029059
       407;       545;         1;BR      ;30/10/2022 18:07:43;         472075;     156454011;           19;                 159206;                                     0,337247;        5445;              52025543;          4111;                41343593;                 4027;                       39580403;             1855;                   19452784;                                     0,491475;                       2172;                             20127619;                                     0,508525;                 34;                       561845;                                     0,013590;               50;                    1201345;                                     0,029058
       407;       545;         1;BR      ;30/10/2022 18:07:44;         472075;     156454011;          102;                 159308;                                     0,337463;       34897;              52060440;         27168;                41370761;                26223;                       39606626;            14102;                   19466886;                                     0,491506;                      12121;                             20139740;                                     0,508494;                291;                       562136;                                     0,013588;              654;                    1201999;                                     0,029054
       407;       545;         1;BR      ;30/10/2022 18:07:45;         472075;     156454011;          173;                 159481;                                     0,337830;       62751;              52123191;         50118;                41420879;                48582;                       39655208;            20119;                   19487005;                                     0,491411;                      28463;                             20168203;                                     0,508589;                559;                       562695;                                     0,013585;              977;                    1202976;                                     0,029043
       407;       545;         1;BR      ;30/10/2022 18:07:46;         472075;     156454011;           56;                 159537;                                     0,337948;       18989;              52142180;         15766;                41436645;                15207;                       39670415;             5444;                   19492449;                                     0,491360;                       9763;                             20177966;                                     0,508640;                205;                       562900;                                     0,013585;              354;                    1203330;                                     0,029040
       407;       545;         1;BR      ;30/10/2022 18:07:47;         472075;     156454011;           31;                 159568;                                     0,338014;        8767;              52150947;          7141;                41443786;                 6788;                       39677203;             3913;                   19496362;                                     0,491374;                       2875;                             20180841;                                     0,508626;                105;                       563005;                                     0,013585;              248;                    1203578;                                     0,029041
       407;       545;         1;BR      ;30/10/2022 18:07:48;         472075;     156454011;           56;                 159624;                                     0,338133;       18225;              52169172;         15042;                41458828;                14427;                       39691630;             7114;                   19503476;                                     0,491375;                       7313;                             20188154;                                     0,508625;                201;                       563206;                                     0,013585;              414;                    1203992;                                     0,029041
       407;       545;         1;BR      ;30/10/2022 18:07:49;         472075;     156454011;           49;                 159673;                                     0,338237;       16730;              52185902;         13671;                41472499;                13008;                       39704638;             5747;                   19509223;                                     0,491359;                       7261;                             20195415;                                     0,508641;                152;                       563358;                                     0,013584;              511;                    1204503;                                     0,029043
       407;       545;         1;BR      ;30/10/2022 18:07:50;         472075;     156454011;           53;                 159726;                                     0,338349;       17489;              52203391;         13391;                41485890;                12816;                       39717454;             6481;                   19515704;                                     0,491363;                       6335;                             20201750;                                     0,508637;                211;                       563569;                                     0,013585;              364;                    1204867;                                     0,029043
       407;       545;         1;BR      ;30/10/2022 18:07:51;         472075;     156454011;           38;                 159764;                                     0,338429;       10624;              52214015;          8288;                41494178;                 7906;                       39725360;             3936;                   19519640;                                     0,491365;                       3970;                             20205720;                                     0,508635;                126;                       563695;                                     0,013585;              256;                    1205123;                                     0,029043
       407;       545;         1;BR      ;30/10/2022 18:07:52;         472075;     156454011;          104;                 159868;                                     0,338650;       32591;              52246606;         26031;                41520209;                24871;                       39750231;            13006;                   19532646;                                     0,491384;                      11865;                             20217585;                                     0,508616;                445;                       564140;                                     0,013587;              715;                    1205838;                                     0,029042
       407;       545;         1;BR      ;30/10/2022 18:07:53;         472075;     156454011;          116;                 159984;                                     0,338895;       36831;              52283437;         29412;                41549621;                27871;                       39778102;            12496;                   19545142;                                     0,491354;                      15375;                             20232960;                                     0,508646;                586;                       564726;                                     0,013592;              955;                    1206793;                                     0,029045
       407;       545;         1;BR      ;30/10/2022 18:07:55;         472075;     156454011;          121;                 160105;                                     0,339152;       37799;              52321236;         31601;                41581222;                29398;                       39807500;            19568;                   19564710;                                     0,491483;                       9830;                             20242790;                                     0,508517;                518;                       565244;                                     0,013594;             1685;                    1208478;                                     0,029063
       407;       545;         1;BR      ;30/10/2022 18:07:56;         472075;     156454011;          118;                 160223;                                     0,339402;       38136;              52359372;         29973;                41611195;                28458;                       39835958;            10731;                   19575441;                                     0,491401;                      17727;                             20260517;                                     0,508599;                440;                       565684;                                     0,013595;             1075;                    1209553;                                     0,029068
       407;       545;         1;BR      ;30/10/2022 18:07:57;         472075;     156454011;            2;                 160225;                                     0,339406;         812;              52360184;           705;                41611900;                  666;                       39836624;              228;                   19575669;                                     0,491399;                        438;                             20260955;                                     0,508601;                 18;                       565702;                                     0,013595;               21;                    1209574;                                     0,029068
       407;       545;         1;BR      ;30/10/2022 18:07:58;         472075;     156454011;           61;                 160286;                                     0,339535;       18709;              52378893;         15060;                41626960;                14309;                       39850933;             5274;                   19580943;                                     0,491355;                       9035;                             20269990;                                     0,508645;                182;                       565884;                                     0,013594;              569;                    1210143;                                     0,029071
       407;       545;         1;BR      ;30/10/2022 18:07:59;         472075;     156454011;           19;                 160305;                                     0,339575;        5653;              52384546;          4433;                41631393;                 4164;                       39855097;             1929;                   19582872;                                     0,491352;                       2235;                             20272225;                                     0,508648;                 72;                       565956;                                     0,013594;              197;                    1210340;                                     0,029073
       407;       545;         1;BR      ;30/10/2022 18:08:21;         472075;     156454011;          142;                 160447;                                     0,339876;       46593;              52431139;         37386;                41668779;                35685;                       39890782;            24248;                   19607120;                                     0,491520;                      11437;                             20283662;                                     0,508480;                476;                       566432;                                     0,013594;             1225;                    1211565;                                     0,029076
       407;       545;         1;BR      ;30/10/2022 18:08:22;         472075;     156454011;          244;                 160691;                                     0,340393;       78794;              52509933;         62866;                41731645;                60387;                       39951169;            27936;                   19635056;                                     0,491476;                      32451;                             20316113;                                     0,508524;                800;                       567232;                                     0,013592;             1679;                    1213244;                                     0,029073
       407;       545;         1;BR      ;30/10/2022 18:08:23;         472075;     156454011;          412;                 161103;                                     0,341266;      142842;              52652775;        111213;                41842858;               107115;                       40058284;            53593;                   19688649;                                     0,491500;                      53522;                             20369635;                                     0,508500;               1321;                       568553;                                     0,013588;             2777;                    1216021;                                     0,029062
       407;       545;         1;BR      ;30/10/2022 18:08:24;         472075;     156454011;          197;                 161300;                                     0,341683;       64110;              52716885;         51316;                41894174;                49519;                       40107803;            30648;                   19719297;                                     0,491657;                      18871;                             20388506;                                     0,508343;                611;                       569164;                                     0,013586;             1186;                    1217207;                                     0,029054
       407;       545;         1;BR      ;30/10/2022 18:08:25;         472075;     156454011;          191;                 161491;                                     0,342088;       67601;              52784486;         52852;                41947026;                49261;                       40157064;            24019;                   19743316;                                     0,491652;                      25242;                             20413748;                                     0,508348;               1078;                       570242;                                     0,013594;             2513;                    1219720;                                     0,029078
       407;       545;         1;BR      ;30/10/2022 18:08:26;         472075;     156454011;          158;                 161649;                                     0,342422;       52206;              52836692;         41030;                41988056;                38741;                       40195805;            15747;                   19759063;                                     0,491570;                      22994;                             20436742;                                     0,508430;                789;                       571031;                                     0,013600;             1500;                    1221220;                                     0,029085
       407;       545;         1;BR      ;30/10/2022 18:08:27;         472075;     156454011;          237;                 161886;                                     0,342924;       77302;              52913994;         60339;                42048395;                56980;                       40252785;            24326;                   19783389;                                     0,491479;                      32654;                             20469396;                                     0,508521;               1102;                       572133;                                     0,013607;             2257;                    1223477;                                     0,029097
       407;       545;         1;BR      ;30/10/2022 18:08:28;         472075;     156454011;           77;                 161963;                                     0,343087;       25605;              52939599;         20139;                42068534;                18941;                       40271726;             6957;                   19790346;                                     0,491420;                      11984;                             20481380;                                     0,508580;                415;                       572548;                                     0,013610;              783;                    1224260;                                     0,029102
       407;       545;         1;BR      ;30/10/2022 18:08:30;         472075;     156454011;            6;                 161969;                                     0,343100;        2047;              52941646;          1601;                42070135;                 1527;                       40273253;              905;                   19791251;                                     0,491424;                        622;                             20482002;                                     0,508576;                 31;                       572579;                                     0,013610;               43;                    1224303;                                     0,029101
       407;       545;         1;BR      ;30/10/2022 18:08:31;         472075;     156454011;            3;                 161972;                                     0,343106;        1001;              52942647;           740;                42070875;                  698;                       40273951;              229;                   19791480;                                     0,491421;                        469;                             20482471;                                     0,508579;                 21;                       572600;                                     0,013610;               21;                    1224324;                                     0,029101
       407;       545;         1;BR      ;30/10/2022 18:08:33;         472075;     156454011;            2;                 161974;                                     0,343111;         668;              52943315;           507;                42071382;                  491;                       40274442;              281;                   19791761;                                     0,491422;                        210;                             20482681;                                     0,508578;                  4;                       572604;                                     0,013610;               12;                    1224336;                                     0,029101
       407;       545;         1;BR      ;30/10/2022 18:08:34;         472075;     156454011;          195;                 162169;                                     0,343524;       66998;              53010313;         53594;                42124976;                51870;                       40326312;            23750;                   19815511;                                     0,491379;                      28120;                             20510801;                                     0,508621;                573;                       573177;                                     0,013607;             1151;                    1225487;                                     0,029092
       407;       545;         1;BR      ;30/10/2022 18:08:35;         472075;     156454011;          113;                 162282;                                     0,343763;       34824;              53045137;         28759;                42153735;                27921;                       40354233;            13920;                   19829431;                                     0,491384;                      14001;                             20524802;                                     0,508616;                303;                       573480;                                     0,013604;              535;                    1226022;                                     0,029085
       407;       545;         1;BR      ;30/10/2022 18:08:36;         472075;     156454011;          111;                 162393;                                     0,343998;       36680;              53081817;         30256;                42183991;                29239;                       40383472;            12135;                   19841566;                                     0,491329;                      17104;                             20541906;                                     0,508671;                429;                       573909;                                     0,013605;              588;                    1226610;                                     0,029078
       407;       545;         1;BR      ;30/10/2022 18:08:37;         472075;     156454011;          258;                 162651;                                     0,344545;       86964;              53168781;         70273;                42254264;                68039;                       40451511;            28612;                   19870178;                                     0,491210;                      39427;                             20581333;                                     0,508790;                867;                       574776;                                     0,013603;             1367;                    1227977;                                     0,029062
       407;       545;         1;BR      ;30/10/2022 18:08:38;         472075;     156454011;          191;                 162842;                                     0,344949;       66059;              53234840;         53942;                42308206;                50551;                       40502062;            35672;                   19905850;                                     0,491477;                      14879;                             20596212;                                     0,508523;                732;                       575508;                                     0,013603;             2659;                    1230636;                                     0,029087
       407;       545;         1;BR      ;30/10/2022 18:08:39;         472075;     156454011;           32;                 162874;                                     0,345017;       10572;              53245412;          8218;                42316424;                 7703;                       40509765;             4613;                   19910463;                                     0,491498;                       3090;                             20599302;                                     0,508502;                125;                       575633;                                     0,013603;              390;                    1231026;                                     0,029091
       407;       545;         1;BR      ;30/10/2022 18:08:40;         472075;     156454011;           79;                 162953;                                     0,345185;       25099;              53270511;         19468;                42335892;                18227;                       40527992;            13853;                   19924316;                                     0,491619;                       4374;                             20603676;                                     0,508381;                242;                       575875;                                     0,013603;              999;                    1232025;                                     0,029101
       407;       545;         1;BR      ;30/10/2022 18:08:41;         472075;     156454011;           99;                 163052;                                     0,345394;       33672;              53304183;         26579;                42362471;                25438;                       40553430;            14364;                   19938680;                                     0,491664;                      11074;                             20614750;                                     0,508336;                290;                       576165;                                     0,013601;              851;                    1232876;                                     0,029103
       407;       545;         1;BR      ;30/10/2022 18:08:42;         472075;     156454011;            3;                 163055;                                     0,345401;        1084;              53305267;           875;                42363346;                  857;                       40554287;              559;                   19939239;                                     0,491668;                        298;                             20615048;                                     0,508332;                  9;                       576174;                                     0,013601;                9;                    1232885;                                     0,029103
       407;       545;         1;BR      ;30/10/2022 18:08:43;         472075;     156454011;            3;                 163058;                                     0,345407;         988;              53306255;           676;                42364022;                  667;                       40554954;              461;                   19939700;                                     0,491671;                        206;                             20615254;                                     0,508329;                  1;                       576175;                                     0,013601;                8;                    1232893;                                     0,029102
       407;       545;         1;BR      ;30/10/2022 18:08:44;         472075;     156454011;            8;                 163066;                                     0,345424;        2364;              53308619;          1882;                42365904;                 1798;                       40556752;             1294;                   19940994;                                     0,491681;                        504;                             20615758;                                     0,508319;                 20;                       576195;                                     0,013600;               64;                    1232957;                                     0,029103
       407;       545;         1;BR      ;30/10/2022 18:08:45;         472075;     156454011;           69;                 163135;                                     0,345570;       23863;              53332482;         18236;                42384140;                17756;                       40574508;            10363;                   19951357;                                     0,491721;                       7393;                             20623151;                                     0,508279;                166;                       576361;                                     0,013599;              314;                    1233271;                                     0,029097
       407;       545;         1;BR      ;30/10/2022 18:08:46;         472075;     156454011;           52;                 163187;                                     0,345680;       17487;              53349969;         14163;                42398303;                13619;                       40588127;             5137;                   19956494;                                     0,491683;                       8482;                             20631633;                                     0,508317;                169;                       576530;                                     0,013598;              375;                    1233646;                                     0,029097
       407;       545;         1;BR      ;30/10/2022 18:08:47;         472075;     156454011;          105;                 163292;                                     0,345903;       33755;              53383724;         27321;                42425624;                26234;                       40614361;            12167;                   19968661;                                     0,491665;                      14067;                             20645700;                                     0,508335;                370;                       576900;                                     0,013598;              717;                    1234363;                                     0,029095
       407;       545;         1;BR      ;30/10/2022 18:08:48;         472075;     156454011;            2;                 163294;                                     0,345907;         596;              53384320;           410;                42426034;                  384;                       40614745;              238;                   19968899;                                     0,491666;                        146;                             20645846;                                     0,508334;                  4;                       576904;                                     0,013598;               22;                    1234385;                                     0,029095
       407;       545;         1;BR      ;30/10/2022 18:08:49;         472075;     156454011;           63;                 163357;                                     0,346040;       20454;              53404774;         16618;                42442652;                15803;                       40630548;             5992;                   19974891;                                     0,491622;                       9811;                             20655657;                                     0,508378;                204;                       577108;                                     0,013597;              611;                    1234996;                                     0,029098
       407;       545;         1;BR      ;30/10/2022 18:08:50;         472075;     156454011;           82;                 163439;                                     0,346214;       27232;              53432006;         21406;                42464058;                20473;                       40651021;             9521;                   19984412;                                     0,491609;                      10952;                             20666609;                                     0,508391;                327;                       577435;                                     0,013598;              606;                    1235602;                                     0,029098
       407;       545;         1;BR      ;30/10/2022 18:08:51;         472075;     156454011;          106;                 163545;                                     0,346439;       32932;              53464938;         26540;                42490598;                25290;                       40676311;            11608;                   19996020;                                     0,491589;                      13682;                             20680291;                                     0,508411;                480;                       577915;                                     0,013601;              770;                    1236372;                                     0,029098
       407;       545;         1;BR      ;30/10/2022 18:08:52;         472075;     156454011;           11;                 163556;                                     0,346462;        4009;              53468947;          3481;                42494079;                 3273;                       40679584;             1898;                   19997918;                                     0,491596;                       1375;                             20681666;                                     0,508404;                 45;                       577960;                                     0,013601;              163;                    1236535;                                     0,029099
       407;       545;         1;BR      ;30/10/2022 18:08:55;         472075;     156454011;           40;                 163596;                                     0,346547;       12434;              53481381;         10021;                42504100;                 9394;                       40688978;             5791;                   20003709;                                     0,491625;                       3603;                             20685269;                                     0,508375;                149;                       578109;                                     0,013601;              478;                    1237013;                                     0,029103
       407;       545;         1;BR      ;30/10/2022 18:08:56;         472075;     156454011;          127;                 163723;                                     0,346816;       43112;              53524493;         34259;                42538359;                32391;                       40721369;            12903;                   20016612;                                     0,491551;                      19488;                             20704757;                                     0,508449;                619;                       578728;                                     0,013605;             1249;                    1238262;                                     0,029109
       407;       545;         1;BR      ;30/10/2022 18:08:57;         472075;     156454011;           59;                 163782;                                     0,346941;       17432;              53541925;         12992;                42551351;                12428;                       40733797;             5804;                   20022416;                                     0,491543;                       6624;                             20711381;                                     0,508457;                155;                       578883;                                     0,013604;              409;                    1238671;                                     0,029110
       407;       545;         1;BR      ;30/10/2022 18:09:00;         472075;     156454011;           11;                 163793;                                     0,346964;        3549;              53545474;          2988;                42554339;                 2681;                       40736478;             1930;                   20024346;                                     0,491558;                        751;                             20712132;                                     0,508442;                 54;                       578937;                                     0,013605;              253;                    1238924;                                     0,029114
       407;       545;         1;BR      ;30/10/2022 18:09:27;         472075;     156454011;          123;                 163916;                                     0,347224;       39867;              53585341;         31101;                42585440;                29635;                       40766113;            17794;                   20042140;                                     0,491637;                      11841;                             20723973;                                     0,508363;                366;                       579303;                                     0,013603;             1100;                    1240024;                                     0,029118
       407;       545;         1;BR      ;30/10/2022 18:09:28;         472075;     156454011;          223;                 164139;                                     0,347697;       73035;              53658376;         56736;                42642176;                54341;                       40820454;            26520;                   20068660;                                     0,491632;                      27821;                             20751794;                                     0,508368;                835;                       580138;                                     0,013605;             1560;                    1241584;                                     0,029116
       407;       545;         1;BR      ;30/10/2022 18:09:29;         472075;     156454011;          302;                 164441;                                     0,348337;      107006;              53765382;         83812;                42725988;                80407;                       40900861;            38111;                   20106771;                                     0,491598;                      42296;                             20794090;                                     0,508402;               1119;                       581257;                                     0,013604;             2286;                    1243870;                                     0,029113
       407;       545;         1;BR      ;30/10/2022 18:09:30;         472075;     156454011;          172;                 164613;                                     0,348701;       53753;              53819135;         42601;                42768589;                41172;                       40942033;            24175;                   20130946;                                     0,491694;                      16997;                             20811087;                                     0,508306;                558;                       581815;                                     0,013604;              871;                    1244741;                                     0,029104
       407;       545;         1;BR      ;30/10/2022 18:09:31;         472075;     156454011;          194;                 164807;                                     0,349112;       61644;              53880779;         50249;                42818838;                47991;                       40990024;            27903;                   20158849;                                     0,491799;                      20088;                             20831175;                                     0,508201;                735;                       582550;                                     0,013605;             1523;                    1246264;                                     0,029106
       407;       545;         1;BR      ;30/10/2022 18:09:32;         472075;     156454011;          303;                 165110;                                     0,349754;      103843;              53984622;         82339;                42901177;                77075;                       41067099;            38193;                   20197042;                                     0,491806;                      38882;                             20870057;                                     0,508194;               1554;                       584104;                                     0,013615;             3710;                    1249974;                                     0,029136
       407;       545;         1;BR      ;30/10/2022 18:09:33;         472075;     156454011;          202;                 165312;                                     0,350182;       67040;              54051662;         53392;                42954569;                50273;                       41117372;            19855;                   20216897;                                     0,491687;                      30418;                             20900475;                                     0,508313;                979;                       585083;                                     0,013621;             2140;                    1252114;                                     0,029150
       407;       545;         1;BR      ;30/10/2022 18:09:34;         472075;     156454011;          119;                 165431;                                     0,350434;       35776;              54087438;         27801;                42982370;                26294;                       41143666;             9938;                   20226835;                                     0,491615;                      16356;                             20916831;                                     0,508385;                510;                       585593;                                     0,013624;              997;                    1253111;                                     0,029154
       407;       545;         1;BR      ;30/10/2022 18:09:35;         472075;     156454011;           36;                 165467;                                     0,350510;       11000;              54098438;          8573;                42990943;                 8199;                       41151865;             3902;                   20230737;                                     0,491612;                       4297;                             20921128;                                     0,508388;                116;                       585709;                                     0,013624;              258;                    1253369;                                     0,029154
       407;       545;         1;BR      ;30/10/2022 18:09:38;         472075;     156454011;          104;                 165571;                                     0,350730;       35782;              54134220;         28541;                43019484;                27625;                       41179490;            12426;                   20243163;                                     0,491584;                      15199;                             20936327;                                     0,508416;                319;                       586028;                                     0,013622;              597;                    1253966;                                     0,029149
       407;       545;         1;BR      ;30/10/2022 18:09:39;         472075;     156454011;           56;                 165627;                                     0,350849;       17678;              54151898;         14613;                43034097;                14079;                       41193569;             9247;                   20252410;                                     0,491640;                       4832;                             20941159;                                     0,508360;                165;                       586193;                                     0,013622;              369;                    1254335;                                     0,029147
       407;       545;         1;BR      ;30/10/2022 18:09:40;         472075;     156454011;           30;                 165657;                                     0,350912;        9320;              54161218;          7639;                43041736;                 7432;                       41201001;             3444;                   20255854;                                     0,491635;                       3988;                             20945147;                                     0,508365;                 89;                       586282;                                     0,013621;              118;                    1254453;                                     0,029145
       407;       545;         1;BR      ;30/10/2022 18:09:41;         472075;     156454011;          103;                 165760;                                     0,351131;       31459;              54192677;         25390;                43067126;                24557;                       41225558;            10837;                   20266691;                                     0,491605;                      13720;                             20958867;                                     0,508395;                320;                       586602;                                     0,013621;              513;                    1254966;                                     0,029140
       407;       545;         1;BR      ;30/10/2022 18:09:42;         472075;     156454011;          182;                 165942;                                     0,351516;       62491;              54255168;         50475;                43117601;                48769;                       41274327;            19397;                   20286088;                                     0,491494;                      29372;                             20988239;                                     0,508506;                663;                       587265;                                     0,013620;             1043;                    1256009;                                     0,029130
       407;       545;         1;BR      ;30/10/2022 18:09:43;         472075;     156454011;          179;                 166121;                                     0,351895;       64579;              54319747;         51567;                43169168;                48759;                       41323086;            30278;                   20316366;                                     0,491647;                      18481;                             21006720;                                     0,508353;                707;                       587972;                                     0,013620;             2101;                    1258110;                                     0,029144
       407;       545;         1;BR      ;30/10/2022 18:09:44;         472075;     156454011;           58;                 166179;                                     0,352018;       18553;              54338300;         14974;                43184142;                14352;                       41337438;            11884;                   20328250;                                     0,491764;                       2468;                             21009188;                                     0,508236;                157;                       588129;                                     0,013619;              465;                    1258575;                                     0,029144
       407;       545;         1;BR      ;30/10/2022 18:09:45;         472075;     156454011;           74;                 166253;                                     0,352175;       24105;              54362405;         19052;                43203194;                18020;                       41355458;            10827;                   20339077;                                     0,491811;                       7193;                             21016381;                                     0,508189;                222;                       588351;                                     0,013618;              810;                    1259385;                                     0,029150
       407;       545;         1;BR      ;30/10/2022 18:09:46;         472075;     156454011;          114;                 166367;                                     0,352416;       36102;              54398507;         28063;                43231257;                26918;                       41382376;            16448;                   20355525;                                     0,491889;                      10470;                             21026851;                                     0,508111;                281;                       588632;                                     0,013616;              864;                    1260249;                                     0,029151
       407;       545;         1;BR      ;30/10/2022 18:09:47;         472075;     156454011;           28;                 166395;                                     0,352476;       10543;              54409050;          7773;                43239030;                 7412;                       41389788;             4810;                   20360335;                                     0,491917;                       2602;                             21029453;                                     0,508083;                 76;                       588708;                                     0,013615;              285;                    1260534;                                     0,029153
       407;       545;         1;BR      ;30/10/2022 18:09:48;         472075;     156454011;           89;                 166484;                                     0,352664;       28989;              54438039;         22318;                43261348;                21409;                       41411197;            11161;                   20371496;                                     0,491932;                      10248;                             21039701;                                     0,508068;                232;                       588940;                                     0,013614;              677;                    1261211;                                     0,029153
       407;       545;         1;BR      ;30/10/2022 18:09:49;         472075;     156454011;           67;                 166551;                                     0,352806;       21725;              54459764;         18346;                43279694;                17448;                       41428645;            10237;                   20381733;                                     0,491972;                       7211;                             21046912;                                     0,508028;                231;                       589171;                                     0,013613;              667;                    1261878;                                     0,029156
       407;       545;         1;BR      ;30/10/2022 18:09:51;         472075;     156454011;            1;                 166552;                                     0,352808;         330;              54460094;           255;                43279949;                  247;                       41428892;              206;                   20381939;                                     0,491974;                         41;                             21046953;                                     0,508026;                  0;                       589171;                                     0,013613;                8;                    1261886;                                     0,029156
       407;       545;         1;BR      ;30/10/2022 18:09:52;         472075;     156454011;           42;                 166594;                                     0,352897;       13808;              54473902;         10741;                43290690;                10378;                       41439270;             6422;                   20388361;                                     0,492006;                       3956;                             21050909;                                     0,507994;                103;                       589274;                                     0,013612;              260;                    1262146;                                     0,029155
       407;       545;         1;BR      ;30/10/2022 18:09:53;         472075;     156454011;          150;                 166744;                                     0,353215;       47328;              54521230;         39463;                43330153;                37779;                       41477049;            19156;                   20407517;                                     0,492020;                      18623;                             21069532;                                     0,507980;                498;                       589772;                                     0,013611;             1186;                    1263332;                                     0,029156
       407;       545;         1;BR      ;30/10/2022 18:09:54;         472075;     156454011;           43;                 166787;                                     0,353306;       14588;              54535818;         11981;                43342134;                11537;                       41488586;             4653;                   20412170;                                     0,491995;                       6884;                             21076416;                                     0,508005;                158;                       589930;                                     0,013611;              286;                    1263618;                                     0,029154
       407;       545;         1;BR      ;30/10/2022 18:09:57;         472075;     156454011;           15;                 166802;                                     0,353338;        4896;              54540714;          4091;                43346225;                 3975;                       41492561;             1306;                   20413476;                                     0,491979;                       2669;                             21079085;                                     0,508021;                 45;                       589975;                                     0,013611;               71;                    1263689;                                     0,029153
       407;       545;         1;BR      ;30/10/2022 18:09:58;         472075;     156454011;          121;                 166923;                                     0,353594;       40599;              54581313;         32376;                43378601;                30769;                       41523330;            14102;                   20427578;                                     0,491954;                      16667;                             21095752;                                     0,508046;                486;                       590461;                                     0,013612;             1121;                    1264810;                                     0,029157
       407;       545;         1;BR      ;30/10/2022 18:09:59;         472075;     156454011;          128;                 167051;                                     0,353865;       38931;              54620244;         30878;                43409479;                29565;                       41552895;            13691;                   20441269;                                     0,491934;                      15874;                             21111626;                                     0,508066;                502;                       590963;                                     0,013614;              811;                    1265621;                                     0,029155
       407;       545;         1;BR      ;30/10/2022 18:10:00;         472075;     156454011;           32;                 167083;                                     0,353933;       11581;              54631825;          9456;                43418935;                 8829;                       41561724;             5238;                   20446507;                                     0,491955;                       3591;                             21115217;                                     0,508045;                149;                       591112;                                     0,013614;              478;                    1266099;                                     0,029160
       407;       545;         1;BR      ;30/10/2022 18:10:01;         472075;     156454011;           86;                 167169;                                     0,354115;       27605;              54659430;         22236;                43441171;                20987;                       41582711;            10300;                   20456807;                                     0,491955;                      10687;                             21125904;                                     0,508045;                351;                       591463;                                     0,013615;              898;                    1266997;                                     0,029166
       407;       545;         1;BR      ;30/10/2022 18:10:02;         472075;     156454011;           60;                 167229;                                     0,354242;       19290;              54678720;         15469;                43456640;                14722;                       41597433;             6536;                   20463343;                                     0,491938;                       8186;                             21134090;                                     0,508062;                240;                       591703;                                     0,013616;              507;                    1267504;                                     0,029167
       407;       545;         1;BR      ;30/10/2022 18:10:03;         472075;     156454011;           33;                 167262;                                     0,354312;        9677;              54688397;          7648;                43464288;                 7331;                       41604764;             3130;                   20466473;                                     0,491926;                       4201;                             21138291;                                     0,508074;                 91;                       591794;                                     0,013616;              226;                    1267730;                                     0,029167
       407;       545;         1;BR      ;30/10/2022 18:10:04;         472075;     156454011;           53;                 167315;                                     0,354425;       14310;              54702707;         11358;                43475646;                10881;                       41615645;             3982;                   20470455;                                     0,491893;                       6899;                             21145190;                                     0,508107;                143;                       591937;                                     0,013615;              334;                    1268064;                                     0,029167
       407;       545;         1;BR      ;30/10/2022 18:10:05;         472075;     156454011;            6;                 167321;                                     0,354437;         956;              54703663;           795;                43476441;                  761;                       41616406;              370;                   20470825;                                     0,491893;                        391;                             21145581;                                     0,508107;                 18;                       591955;                                     0,013616;               16;                    1268080;                                     0,029167
       407;       545;         1;BR      ;30/10/2022 18:10:09;         472075;     156454011;            7;                 167328;                                     0,354452;        2288;              54705951;          1761;                43478202;                 1707;                       41618113;              662;                   20471487;                                     0,491889;                       1045;                             21146626;                                     0,508111;                 22;                       591977;                                     0,013615;               32;                    1268112;                                     0,029167
       407;       545;         1;BR      ;30/10/2022 18:10:33;         472075;     156454011;           64;                 167392;                                     0,354588;       20482;              54726433;         15176;                43493378;                14343;                       41632456;             7336;                   20478823;                                     0,491896;                       7007;                             21153633;                                     0,508104;                199;                       592176;                                     0,013615;              634;                    1268746;                                     0,029171
       407;       545;         1;BR      ;30/10/2022 18:10:34;         472075;     156454011;          276;                 167668;                                     0,355172;       87734;              54814167;         68387;                43561765;                65550;                       41698006;            32945;                   20511768;                                     0,491912;                      32605;                             21186238;                                     0,508088;                975;                       593151;                                     0,013616;             1862;                    1270608;                                     0,029168
       407;       545;         1;BR      ;30/10/2022 18:10:35;         472075;     156454011;          326;                 167994;                                     0,355863;      118850;              54933017;         92599;                43654364;                88763;                       41786769;            38031;                   20549799;                                     0,491778;                      50732;                             21236970;                                     0,508222;               1135;                       594286;                                     0,013613;             2701;                    1273309;                                     0,029168
       407;       545;         1;BR      ;30/10/2022 18:10:36;         472075;     156454011;          152;                 168146;                                     0,356185;       45393;              54978410;         36953;                43691317;                35781;                       41822550;            22847;                   20572646;                                     0,491903;                      12934;                             21249904;                                     0,508097;                434;                       594720;                                     0,013612;              738;                    1274047;                                     0,029160
       407;       545;         1;BR      ;30/10/2022 18:10:37;         472075;     156454011;           51;                 168197;                                     0,356293;       17900;              54996310;         15060;                43706377;                14465;                       41837015;             9101;                   20581747;                                     0,491951;                       5364;                             21255268;                                     0,508049;                197;                       594917;                                     0,013612;              398;                    1274445;                                     0,029159
       407;       545;         1;BR      ;30/10/2022 18:10:38;         472075;     156454011;            3;                 168200;                                     0,356299;         820;              54997130;           661;                43707038;                  642;                       41837657;              381;                   20582128;                                     0,491952;                        261;                             21255529;                                     0,508048;                  5;                       594922;                                     0,013612;               14;                    1274459;                                     0,029159
       407;       545;         1;BR      ;30/10/2022 18:10:39;         472075;     156454011;           78;                 168278;                                     0,356465;       22795;              55019925;         17786;                43724824;                17229;                       41854886;            13401;                   20595529;                                     0,492070;                       3828;                             21259357;                                     0,507930;                187;                       595109;                                     0,013610;              370;                    1274829;                                     0,029156
       407;       545;         1;BR      ;30/10/2022 18:10:40;         472075;     156454011;          553;                 168831;                                     0,357636;      185591;              55205516;        146508;                43871332;               137325;                       41992211;            64909;                   20660438;                                     0,492006;                      72416;                             21331773;                                     0,507994;               2895;                       598004;                                     0,013631;             6288;                    1281117;                                     0,029202
       407;       545;         1;BR      ;30/10/2022 18:10:41;         472075;     156454011;          110;                 168941;                                     0,357869;       36875;              55242391;         29258;                43900590;                27623;                       42019834;            10741;                   20671179;                                     0,491939;                      16882;                             21348655;                                     0,508061;                554;                       598558;                                     0,013634;             1081;                    1282198;                                     0,029207
       407;       545;         1;BR      ;30/10/2022 18:10:42;         472075;     156454011;           34;                 168975;                                     0,357941;       11632;              55254023;          9045;                43909635;                 8481;                       42028315;             3124;                   20674303;                                     0,491914;                       5357;                             21354012;                                     0,508086;                171;                       598729;                                     0,013635;              393;                    1282591;                                     0,029210
       407;       545;         1;BR      ;30/10/2022 18:10:43;         472075;     156454011;           42;                 169017;                                     0,358030;       14833;              55268856;         11627;                43921262;                11068;                       42039383;             3601;                   20677904;                                     0,491870;                       7467;                             21361479;                                     0,508130;                214;                       598943;                                     0,013637;              345;                    1282936;                                     0,029210
       407;       545;         1;BR      ;30/10/2022 18:10:44;         472075;     156454011;          197;                 169214;                                     0,358447;       63389;              55332245;         48847;                43970109;                46086;                       42085469;            17038;                   20694942;                                     0,491736;                      29048;                             21390527;                                     0,508264;                912;                       599855;                                     0,013642;             1849;                    1284785;                                     0,029220
       407;       545;         1;BR      ;30/10/2022 18:10:45;         472075;     156454011;           44;                 169258;                                     0,358540;       14741;              55346986;         11496;                43981605;                10807;                       42096276;             4194;                   20699136;                                     0,491709;                       6613;                             21397140;                                     0,508291;                225;                       600080;                                     0,013644;              464;                    1285249;                                     0,029222
       407;       545;         1;BR      ;30/10/2022 18:10:47;         472075;     156454011;          128;                 169386;                                     0,358812;       44230;              55391216;         34810;                44016415;                33689;                       42129965;            12862;                   20711998;                                     0,491622;                      20827;                             21417967;                                     0,508378;                372;                       600452;                                     0,013642;              749;                    1285998;                                     0,029216
       407;       545;         1;BR      ;30/10/2022 18:10:48;         472075;     156454011;          186;                 169572;                                     0,359206;       59762;              55450978;         49341;                44065756;                47590;                       42177555;            23133;                   20735131;                                     0,491615;                      24457;                             21442424;                                     0,508385;                573;                       601025;                                     0,013639;             1178;                    1287176;                                     0,029210
       407;       545;         1;BR      ;30/10/2022 18:10:49;         472075;     156454011;           87;                 169659;                                     0,359390;       28971;              55479949;         23682;                44089438;                22972;                       42200527;             9574;                   20744705;                                     0,491575;                      13398;                             21455822;                                     0,508425;                320;                       601345;                                     0,013639;              390;                    1287566;                                     0,029204
       407;       545;         1;BR      ;30/10/2022 18:10:50;         472075;     156454011;          123;                 169782;                                     0,359650;       41422;              55521371;         33047;                44122485;                32060;                       42232587;            10821;                   20755526;                                     0,491458;                      21239;                             21477061;                                     0,508542;                407;                       601752;                                     0,013638;              580;                    1288146;                                     0,029195
       407;       545;         1;BR      ;30/10/2022 18:10:51;         472075;     156454011;          180;                 169962;                                     0,360032;       55724;              55577095;         43747;                44166232;                41735;                       42274322;            28130;                   20783656;                                     0,491638;                      13605;                             21490666;                                     0,508362;                504;                       602256;                                     0,013636;             1508;                    1289654;                                     0,029200
       407;       545;         1;BR      ;30/10/2022 18:10:52;         472075;     156454011;          172;                 170134;                                     0,360396;       59200;              55636295;         47886;                44214118;                44789;                       42319111;            30834;                   20814490;                                     0,491846;                      13955;                             21504621;                                     0,508154;                720;                       602976;                                     0,013638;             2377;                    1292031;                                     0,029222
       407;       545;         1;BR      ;30/10/2022 18:10:54;         472075;     156454011;            8;                 170142;                                     0,360413;        2794;              55639089;          2235;                44216353;                 2108;                       42321219;             1856;                   20816346;                                     0,491865;                        252;                             21504873;                                     0,508135;                 15;                       602991;                                     0,013637;              112;                    1292143;                                     0,029223
       407;       545;         1;BR      ;30/10/2022 18:10:55;         472075;     156454011;           36;                 170178;                                     0,360489;       11423;              55650512;          8958;                44225311;                 8523;                       42329742;             6464;                   20822810;                                     0,491919;                       2059;                             21506932;                                     0,508081;                 98;                       603089;                                     0,013637;              337;                    1292480;                                     0,029225
       407;       545;         1;BR      ;30/10/2022 18:10:56;         472075;     156454011;          136;                 170314;                                     0,360777;       47001;              55697513;         35719;                44261030;                34861;                       42364603;            17721;                   20840531;                                     0,491933;                      17140;                             21524072;                                     0,508067;                309;                       603398;                                     0,013633;              549;                    1293029;                                     0,029214
       407;       545;         1;BR      ;30/10/2022 18:10:57;         472075;     156454011;           54;                 170368;                                     0,360892;       18911;              55716424;         14602;                44275632;                13913;                       42378516;             8141;                   20848672;                                     0,491963;                       5772;                             21529844;                                     0,508037;                180;                       603578;                                     0,013632;              509;                    1293538;                                     0,029216
       407;       545;         1;BR      ;30/10/2022 18:10:59;         472075;     156454011;           26;                 170394;                                     0,360947;        9118;              55725542;          7367;                44282999;                 7162;                       42385678;             4276;                   20852948;                                     0,491981;                       2886;                             21532730;                                     0,508019;                 74;                       603652;                                     0,013632;              131;                    1293669;                                     0,029214
       407;       545;         1;BR      ;30/10/2022 18:11:00;         472075;     156454011;           65;                 170459;                                     0,361085;       20205;              55745747;         15812;                44298811;                15105;                       42400783;            10459;                   20863407;                                     0,492052;                       4646;                             21537376;                                     0,507948;                159;                       603811;                                     0,013630;              548;                    1294217;                                     0,029216
       407;       545;         1;BR      ;30/10/2022 18:11:01;         472075;     156454011;          114;                 170573;                                     0,361326;       39031;              55784778;         31004;                44329815;                29100;                       42429883;            20367;                   20883774;                                     0,492195;                       8733;                             21546109;                                     0,507805;                391;                       604202;                                     0,013630;             1513;                    1295730;                                     0,029229
       407;       545;         1;BR      ;30/10/2022 18:11:02;         472075;     156454011;           17;                 170590;                                     0,361362;        6089;              55790867;          4729;                44334544;                 4531;                       42434414;             3235;                   20887009;                                     0,492219;                       1296;                             21547405;                                     0,507781;                 44;                       604246;                                     0,013629;              154;                    1295884;                                     0,029230
       407;       545;         1;BR      ;30/10/2022 18:11:03;         472075;     156454011;          103;                 170693;                                     0,361580;       34838;              55825705;         28368;                44362912;                27171;                       42461585;            11948;                   20898957;                                     0,492185;                      15223;                             21562628;                                     0,507815;                354;                       604600;                                     0,013629;              843;                    1296727;                                     0,029230
       407;       545;         1;BR      ;30/10/2022 18:11:04;         472075;     156454011;           23;                 170716;                                     0,361629;        7488;              55833193;          6139;                44369051;                 5964;                       42467549;             1654;                   20900611;                                     0,492155;                       4310;                             21566938;                                     0,507845;                 78;                       604678;                                     0,013628;               97;                    1296824;                                     0,029228
       407;       545;         1;BR      ;30/10/2022 18:11:06;         472075;     156454011;           21;                 170737;                                     0,361673;        5879;              55839072;          4982;                44374033;                 4838;                       42472387;             1341;                   20901952;                                     0,492130;                       3497;                             21570435;                                     0,507870;                 62;                       604740;                                     0,013628;               82;                    1296906;                                     0,029227
       407;       545;         1;BR      ;30/10/2022 18:11:07;         472075;     156454011;           14;                 170751;                                     0,361703;        4337;              55843409;          3137;                44377170;                 3012;                       42475399;             1904;                   20903856;                                     0,492140;                       1108;                             21571543;                                     0,507860;                 30;                       604770;                                     0,013628;               95;                    1297001;                                     0,029227
       407;       545;         1;BR      ;30/10/2022 18:11:08;         472075;     156454011;          153;                 170904;                                     0,362027;       49289;              55892698;         39097;                44416267;                37440;                       42512839;            16987;                   20920843;                                     0,492106;                      20453;                             21591996;                                     0,507894;                548;                       605318;                                     0,013628;             1109;                    1298110;                                     0,029226
       407;       545;         1;BR      ;30/10/2022 18:11:09;         472075;     156454011;          111;                 171015;                                     0,362262;       35529;              55928227;         28763;                44445030;                27563;                       42540402;            11806;                   20932649;                                     0,492065;                      15757;                             21607753;                                     0,507935;                511;                       605829;                                     0,013631;              689;                    1298799;                                     0,029223
       407;       545;         1;BR      ;30/10/2022 18:11:10;         472075;     156454011;           99;                 171114;                                     0,362472;       32265;              55960492;         27361;                44472391;                25480;                       42565882;            15046;                   20947695;                                     0,492124;                      10434;                             21618187;                                     0,507876;                363;                       606192;                                     0,013631;             1518;                    1300317;                                     0,029239
       407;       545;         1;BR      ;30/10/2022 18:11:11;         472075;     156454011;           12;                 171126;                                     0,362497;        3605;              55964097;          2971;                44475362;                 2815;                       42568697;             1959;                   20949654;                                     0,492138;                        856;                             21619043;                                     0,507862;                 41;                       606233;                                     0,013631;              115;                    1300432;                                     0,029239
       407;       545;         1;BR      ;30/10/2022 18:11:12;         472075;     156454011;           47;                 171173;                                     0,362597;       15353;              55979450;         12496;                44487858;                11822;                       42580519;             4908;                   20954562;                                     0,492116;                       6914;                             21625957;                                     0,507884;                210;                       606443;                                     0,013632;              464;                    1300896;                                     0,029242
       407;       545;         1;BR      ;30/10/2022 18:11:13;         472075;     156454011;          113;                 171286;                                     0,362836;       36345;              56015795;         28370;                44516228;                26466;                       42606985;            16948;                   20971510;                                     0,492208;                       9518;                             21635475;                                     0,507792;                456;                       606899;                                     0,013633;             1448;                    1302344;                                     0,029255
       407;       545;         1;BR      ;30/10/2022 18:11:14;         472075;     156454011;           37;                 171323;                                     0,362915;       12194;              56027989;          9740;                44525968;                 9324;                       42616309;             4065;                   20975575;                                     0,492196;                       5259;                             21640734;                                     0,507804;                144;                       607043;                                     0,013633;              272;                    1302616;                                     0,029255
       407;       545;         1;BR      ;30/10/2022 18:11:15;         472075;     156454011;           37;                 171360;                                     0,362993;       11430;              56039419;          9133;                44535101;                 8670;                       42624979;             3328;                   20978903;                                     0,492174;                       5342;                             21646076;                                     0,507826;                135;                       607178;                                     0,013634;              328;                    1302944;                                     0,029257
       407;       545;         1;BR      ;30/10/2022 18:11:17;         472075;     156454011;            2;                 171362;                                     0,362997;         543;              56039962;           451;                44535552;                  431;                       42625410;              384;                   20979287;                                     0,492178;                         47;                             21646123;                                     0,507822;                  1;                       607179;                                     0,013634;               19;                    1302963;                                     0,029257
       407;       545;         1;BR      ;30/10/2022 18:11:20;         472075;     156454011;            3;                 171365;                                     0,363004;         655;              56040617;           523;                44536075;                  508;                       42625918;              129;                   20979416;                                     0,492175;                        379;                             21646502;                                     0,507825;                  4;                       607183;                                     0,013634;               11;                    1302974;                                     0,029257
       407;       545;         1;BR      ;30/10/2022 18:11:38;         472075;     156454011;          118;                 171483;                                     0,363254;       36029;              56076646;         28407;                44564482;                27206;                       42653124;            18036;                   20997452;                                     0,492284;                       9170;                             21655672;                                     0,507716;                371;                       607554;                                     0,013633;              830;                    1303804;                                     0,029257
       407;       545;         1;BR      ;30/10/2022 18:11:39;         472075;     156454011;          222;                 171705;                                     0,363724;       74903;              56151549;         60411;                44624893;                57964;                       42711088;            33989;                   21031441;                                     0,492412;                      23975;                             21679647;                                     0,507588;                772;                       608326;                                     0,013632;             1675;                    1305479;                                     0,029255
       407;       545;         1;BR      ;30/10/2022 18:11:40;         472075;     156454011;           18;                 171723;                                     0,363762;        5159;              56156708;          3918;                44628811;                 3757;                       42714845;             1730;                   21033171;                                     0,492409;                       2027;                             21681674;                                     0,507591;                 55;                       608381;                                     0,013632;              106;                    1305585;                                     0,029254
       407;       545;         1;BR      ;30/10/2022 18:11:41;         472075;     156454011;          219;                 171942;                                     0,364226;       74150;              56230858;         58353;                44687164;                55992;                       42770837;            26849;                   21060020;                                     0,492392;                      29143;                             21710817;                                     0,507608;                748;                       609129;                                     0,013631;             1613;                    1307198;                                     0,029252
       407;       545;         1;BR      ;30/10/2022 18:11:42;         472075;     156454011;          209;                 172151;                                     0,364669;       70356;              56301214;         55492;                44742656;                53206;                       42824043;            23301;                   21083321;                                     0,492324;                      29905;                             21740722;                                     0,507676;                799;                       609928;                                     0,013632;             1487;                    1308685;                                     0,029249
       407;       545;         1;BR      ;30/10/2022 18:11:43;         472075;     156454011;          142;                 172293;                                     0,364970;       45745;              56346959;         35696;                44778352;                34193;                       42858236;            18228;                   21101549;                                     0,492357;                      15965;                             21756687;                                     0,507643;                567;                       610495;                                     0,013634;              936;                    1309621;                                     0,029247
       407;       545;         1;BR      ;30/10/2022 18:11:44;         472075;     156454011;          307;                 172600;                                     0,365620;      105426;              56452385;         84493;                44862845;                79173;                       42937409;            40002;                   21141551;                                     0,492381;                      39171;                             21795858;                                     0,507619;               1496;                       611991;                                     0,013641;             3824;                    1313445;                                     0,029277
       407;       545;         1;BR      ;30/10/2022 18:11:45;         472075;     156454011;          144;                 172744;                                     0,365925;       42313;              56494698;         33779;                44896624;                31710;                       42969119;            13430;                   21154981;                                     0,492330;                      18280;                             21814138;                                     0,507670;                606;                       612597;                                     0,013645;             1463;                    1314908;                                     0,029287
       407;       545;         1;BR      ;30/10/2022 18:11:46;         472075;     156454011;          123;                 172867;                                     0,366185;       41226;              56535924;         31466;                44928090;                29946;                       42999065;            12812;                   21167793;                                     0,492285;                      17134;                             21831272;                                     0,507715;                531;                       613128;                                     0,013647;              989;                    1315897;                                     0,029289
       407;       545;         1;BR      ;30/10/2022 18:11:47;         472075;     156454011;          198;                 173065;                                     0,366605;       69801;              56605725;         55001;                44983091;                51674;                       43050739;            22708;                   21190501;                                     0,492222;                      28966;                             21860238;                                     0,507778;               1085;                       614213;                                     0,013654;             2242;                    1318139;                                     0,029303
       407;       545;         1;BR      ;30/10/2022 18:11:48;         472075;     156454011;          115;                 173180;                                     0,366848;       38402;              56644127;         30528;                45013619;                28883;                       43079622;            11587;                   21202088;                                     0,492160;                      17296;                             21877534;                                     0,507840;                538;                       614751;                                     0,013657;             1107;                    1319246;                                     0,029308
       407;       545;         1;BR      ;30/10/2022 18:11:50;         472075;     156454011;            5;                 173185;                                     0,366859;        1705;              56645832;          1313;                45014932;                 1237;                       43080859;              474;                   21202562;                                     0,492157;                        763;                             21878297;                                     0,507843;                 27;                       614778;                                     0,013657;               49;                    1319295;                                     0,029308
       407;       545;         1;BR      ;30/10/2022 18:11:51;         472075;     156454011;            3;                 173188;                                     0,366865;         988;              56646820;           721;                45015653;                  693;                       43081552;              238;                   21202800;                                     0,492155;                        455;                             21878752;                                     0,507845;                 13;                       614791;                                     0,013657;               15;                    1319310;                                     0,029308
       407;       545;         1;BR      ;30/10/2022 18:11:52;         472075;     156454011;          174;                 173362;                                     0,367234;       61717;              56708537;         49255;                45064908;                47662;                       43129214;            20003;                   21222803;                                     0,492075;                      27659;                             21906411;                                     0,507925;                563;                       615354;                                     0,013655;             1030;                    1320340;                                     0,029299
       407;       545;         1;BR      ;30/10/2022 18:11:53;         472075;     156454011;          121;                 173483;                                     0,367490;       41048;              56749585;         33577;                45098485;                32503;                       43161717;            19594;                   21242397;                                     0,492158;                      12909;                             21919320;                                     0,507842;                333;                       615687;                                     0,013652;              741;                    1321081;                                     0,029293
       407;       545;         1;BR      ;30/10/2022 18:11:54;         472075;     156454011;          127;                 173610;                                     0,367759;       41436;              56791021;         33655;                45132140;                32568;                       43194285;            12914;                   21255311;                                     0,492086;                      19654;                             21938974;                                     0,507914;                461;                       616148;                                     0,013652;              626;                    1321707;                                     0,029285
       407;       545;         1;BR      ;30/10/2022 18:11:55;         472075;     156454011;          139;                 173749;                                     0,368054;       47732;              56838753;         38337;                45170477;                37007;                       43231292;            14191;                   21269502;                                     0,491993;                      22816;                             21961790;                                     0,508007;                587;                       616735;                                     0,013653;              743;                    1322450;                                     0,029277
       407;       545;         1;BR      ;30/10/2022 18:11:56;         472075;     156454011;          221;                 173970;                                     0,368522;       69865;              56908618;         56758;                45227235;                53923;                       43285215;            32965;                   21302467;                                     0,492142;                      20958;                             21982748;                                     0,507858;                728;                       617463;                                     0,013652;             2107;                    1324557;                                     0,029287
       407;       545;         1;BR      ;30/10/2022 18:11:57;         472075;     156454011;           88;                 174058;                                     0,368708;       27211;              56935829;         21320;                45248555;                20271;                       43305486;            14911;                   21317378;                                     0,492256;                       5360;                             21988108;                                     0,507744;                252;                       617715;                                     0,013652;              797;                    1325354;                                     0,029291
       407;       545;         1;BR      ;30/10/2022 18:12:00;         472075;     156454011;           19;                 174077;                                     0,368749;        5296;              56941125;          4081;                45252636;                 3829;                       43309315;             2865;                   21320243;                                     0,492278;                        964;                             21989072;                                     0,507722;                 56;                       617771;                                     0,013652;              196;                    1325550;                                     0,029292
       407;       545;         1;BR      ;30/10/2022 18:12:01;         472075;     156454011;          128;                 174205;                                     0,369020;       41935;              56983060;         31980;                45284616;                30344;                       43339659;            18976;                   21339219;                                     0,492372;                      11368;                             22000440;                                     0,507628;                355;                       618126;                                     0,013650;             1281;                    1326831;                                     0,029300
       407;       545;         1;BR      ;30/10/2022 18:12:02;         472075;     156454011;           51;                 174256;                                     0,369128;       17998;              57001058;         13848;                45298464;                13525;                       43353184;             7357;                   21346576;                                     0,492388;                       6168;                             22006608;                                     0,507612;                117;                       618243;                                     0,013648;              206;                    1327037;                                     0,029295
       407;       545;         1;BR      ;30/10/2022 18:12:03;         472075;     156454011;           23;                 174279;                                     0,369177;        8422;              57009480;          6711;                45305175;                 6529;                       43359713;             3675;                   21350251;                                     0,492398;                       2854;                             22009462;                                     0,507602;                 79;                       618322;                                     0,013648;              103;                    1327140;                                     0,029293
       407;       545;         1;BR      ;30/10/2022 18:12:04;         472075;     156454011;           37;                 174316;                                     0,369255;       11641;              57021121;          8677;                45313852;                 8410;                       43368123;             5766;                   21356017;                                     0,492436;                       2644;                             22012106;                                     0,507564;                 82;                       618404;                                     0,013647;              185;                    1327325;                                     0,029292
       407;       545;         1;BR      ;30/10/2022 18:12:05;         472075;     156454011;          123;                 174439;                                     0,369515;       41070;              57062191;         32645;                45346497;                30976;                       43399099;            21290;                   21377307;                                     0,492575;                       9686;                             22021792;                                     0,507425;                358;                       618762;                                     0,013645;             1311;                    1328636;                                     0,029300
       407;       545;         1;BR      ;30/10/2022 18:12:06;         472075;     156454011;           48;                 174487;                                     0,369617;       16860;              57079051;         14251;                45360748;                13377;                       43412476;             8152;                   21385459;                                     0,492611;                       5225;                             22027017;                                     0,507389;                194;                       618956;                                     0,013645;              680;                    1329316;                                     0,029305
       407;       545;         1;BR      ;30/10/2022 18:12:07;         472075;     156454011;          101;                 174588;                                     0,369831;       34319;              57113370;         28225;                45388973;                26759;                       43439235;            16572;                   21402031;                                     0,492689;                      10187;                             22037204;                                     0,507311;                386;                       619342;                                     0,013645;             1080;                    1330396;                                     0,029311
       407;       545;         1;BR      ;30/10/2022 18:12:08;         472075;     156454011;           57;                 174645;                                     0,369952;       19172;              57132542;         15787;                45404760;                15337;                       43454572;             4540;                   21406571;                                     0,492620;                      10797;                             22048001;                                     0,507380;                158;                       619500;                                     0,013644;              292;                    1330688;                                     0,029307
       407;       545;         1;BR      ;30/10/2022 18:12:09;         472075;     156454011;           54;                 174699;                                     0,370066;       18356;              57150898;         15254;                45420014;                14764;                       43469336;             4365;                   21410936;                                     0,492553;                      10399;                             22058400;                                     0,507447;                187;                       619687;                                     0,013643;              303;                    1330991;                                     0,029304
       407;       545;         1;BR      ;30/10/2022 18:12:10;         472075;     156454011;           18;                 174717;                                     0,370104;        5658;              57156556;          4337;                45424351;                 4179;                       43473515;             1856;                   21412792;                                     0,492548;                       2323;                             22060723;                                     0,507452;                 45;                       619732;                                     0,013643;              113;                    1331104;                                     0,029304
       407;       545;         1;BR      ;30/10/2022 18:12:11;         472075;     156454011;           64;                 174781;                                     0,370240;       23263;              57179819;         18888;                45443239;                17958;                       43491473;             7737;                   21420529;                                     0,492522;                      10221;                             22070944;                                     0,507478;                315;                       620047;                                     0,013644;              615;                    1331719;                                     0,029305
       407;       545;         1;BR      ;30/10/2022 18:12:12;         472075;     156454011;          180;                 174961;                                     0,370621;       56163;              57235982;         43002;                45486241;                41148;                       43532621;            18532;                   21439061;                                     0,492483;                      22616;                             22093560;                                     0,507517;                642;                       620689;                                     0,013646;             1212;                    1332931;                                     0,029304
       407;       545;         1;BR      ;30/10/2022 18:12:13;         472075;     156454011;           49;                 175010;                                     0,370725;       16719;              57252701;         13393;                45499634;                12859;                       43545480;             4566;                   21443627;                                     0,492442;                       8293;                             22101853;                                     0,507558;                219;                       620908;                                     0,013646;              315;                    1333246;                                     0,029302
       407;       545;         1;BR      ;30/10/2022 18:12:16;         472075;     156454011;          107;                 175117;                                     0,370952;       34234;              57286935;         29093;                45528727;                26981;                       43572461;            16082;                   21459709;                                     0,492506;                      10899;                             22112752;                                     0,507494;                441;                       621349;                                     0,013647;             1671;                    1334917;                                     0,029320
       407;       545;         1;BR      ;30/10/2022 18:12:17;         472075;     156454011;          119;                 175236;                                     0,371204;       37019;              57323954;         29898;                45558625;                28146;                       43600607;            15846;                   21475555;                                     0,492552;                      12300;                             22125052;                                     0,507448;                451;                       621800;                                     0,013648;             1301;                    1336218;                                     0,029330
       407;       545;         1;BR      ;30/10/2022 18:12:18;         472075;     156454011;           24;                 175260;                                     0,371255;        7252;              57331206;          5534;                45564159;                 5253;                       43605860;             2407;                   21477962;                                     0,492548;                       2846;                             22127898;                                     0,507452;                 70;                       621870;                                     0,013648;              211;                    1336429;                                     0,029331
       407;       545;         1;BR      ;30/10/2022 18:12:19;         472075;     156454011;           24;                 175284;                                     0,371305;        7460;              57338666;          5709;                45569868;                 5386;                       43611246;             2408;                   21480370;                                     0,492542;                       2978;                             22130876;                                     0,507458;                 86;                       621956;                                     0,013648;              237;                    1336666;                                     0,029332
       407;       545;         1;BR      ;30/10/2022 18:12:20;         472075;     156454011;           10;                 175294;                                     0,371327;        2669;              57341335;          2190;                45572058;                 2085;                       43613331;              947;                   21481317;                                     0,492540;                       1138;                             22132014;                                     0,507460;                 41;                       621997;                                     0,013649;               64;                    1336730;                                     0,029332
       407;       545;         1;BR      ;30/10/2022 18:12:22;         472075;     156454011;            6;                 175300;                                     0,371339;        1734;              57343069;          1421;                45573479;                 1361;                       43614692;              731;                   21482048;                                     0,492542;                        630;                             22132644;                                     0,507458;                 16;                       622013;                                     0,013649;               44;                    1336774;                                     0,029332
       407;       545;         1;BR      ;30/10/2022 18:12:24;         472075;     156454011;            4;                 175304;                                     0,371348;        1491;              57344560;          1245;                45574724;                 1126;                       43615818;              892;                   21482940;                                     0,492549;                        234;                             22132878;                                     0,507451;                 19;                       622032;                                     0,013649;              100;                    1336874;                                     0,029334
       407;       545;         1;BR      ;30/10/2022 18:12:43;         472075;     156454011;           53;                 175357;                                     0,371460;       16254;              57360814;         12018;                45586742;                11692;                       43627510;             5288;                   21488228;                                     0,492538;                       6404;                             22139282;                                     0,507462;                124;                       622156;                                     0,013648;              202;                    1337076;                                     0,029330
       407;       545;         1;BR      ;30/10/2022 18:12:44;         472075;     156454011;          280;                 175637;                                     0,372053;       86477;              57447291;         69519;                45656261;                67127;                       43694637;            44741;                   21532969;                                     0,492806;                      22386;                             22161668;                                     0,507194;                798;                       622954;                                     0,013644;             1594;                    1338670;                                     0,029321
       407;       545;         1;BR      ;30/10/2022 18:12:45;         472075;     156454011;          316;                 175953;                                     0,372723;      100491;              57547782;         77383;                45733644;                74386;                       43769023;            36689;                   21569658;                                     0,492806;                      37697;                             22199365;                                     0,507194;               1065;                       624019;                                     0,013645;             1932;                    1340602;                                     0,029313
       407;       545;         1;BR      ;30/10/2022 18:12:46;         472075;     156454011;          302;                 176255;                                     0,373362;      103697;              57651479;         80982;                45814626;                77702;                       43846725;            34309;                   21603967;                                     0,492716;                      43393;                             22242758;                                     0,507284;               1022;                       625041;                                     0,013643;             2258;                    1342860;                                     0,029311
       407;       545;         1;BR      ;30/10/2022 18:12:47;         472075;     156454011;          207;                 176462;                                     0,373801;       61877;              57713356;         49068;                45863694;                47492;                       43894217;            28108;                   21632075;                                     0,492823;                      19384;                             22262142;                                     0,507177;                543;                       625584;                                     0,013640;             1033;                    1343893;                                     0,029302
       407;       545;         1;BR      ;30/10/2022 18:12:48;         472075;     156454011;          318;                 176780;                                     0,374474;      109609;              57822965;         86699;                45950393;                81074;                       43975291;            38913;                   21670988;                                     0,492799;                      42161;                             22304303;                                     0,507201;               1731;                       627315;                                     0,013652;             3894;                    1347787;                                     0,029331
       407;       545;         1;BR      ;30/10/2022 18:12:49;         472075;     156454011;            1;                 176781;                                     0,374477;         323;              57823288;           259;                45950652;                  247;                       43975538;               95;                   21671083;                                     0,492799;                        152;                             22304455;                                     0,507201;                  4;                       627319;                                     0,013652;                8;                    1347795;                                     0,029331
       407;       545;         1;BR      ;30/10/2022 18:12:50;         472075;     156454011;            6;                 176787;                                     0,374489;        1563;              57824851;          1168;                45951820;                 1083;                       43976621;              465;                   21671548;                                     0,492797;                        618;                             22305073;                                     0,507203;                 22;                       627341;                                     0,013652;               63;                    1347858;                                     0,029332
       407;       545;         1;BR      ;30/10/2022 18:12:51;         472075;     156454011;           71;                 176858;                                     0,374640;       21772;              57846623;         17442;                45969262;                16463;                       43993084;             7393;                   21678941;                                     0,492781;                       9070;                             22314143;                                     0,507219;                296;                       627637;                                     0,013653;              683;                    1348541;                                     0,029336
       407;       545;         1;BR      ;30/10/2022 18:12:52;         472075;     156454011;          241;                 177099;                                     0,375150;       79758;              57926381;         63964;                46033226;                60197;                       44053281;            23726;                   21702667;                                     0,492646;                      36471;                             22350614;                                     0,507354;               1279;                       628916;                                     0,013662;             2488;                    1351029;                                     0,029349
       407;       545;         1;BR      ;30/10/2022 18:12:53;         472075;     156454011;          181;                 177280;                                     0,375534;       60928;              57987309;         47803;                46081029;                45142;                       44098423;            19525;                   21722192;                                     0,492584;                      25617;                             22376231;                                     0,507416;                874;                       629790;                                     0,013667;             1787;                    1352816;                                     0,029357
       407;       545;         1;BR      ;30/10/2022 18:12:54;         472075;     156454011;          244;                 177524;                                     0,376050;       84798;              58072107;         67820;                46148849;                63998;                       44162421;            24842;                   21747034;                                     0,492433;                      39156;                             22415387;                                     0,507567;               1253;                       631043;                                     0,013674;             2569;                    1355385;                                     0,029370
       407;       545;         1;BR      ;30/10/2022 18:12:55;         472075;     156454011;            2;                 177526;                                     0,376055;         725;              58072832;           544;                46149393;                  514;                       44162935;              197;                   21747231;                                     0,492432;                        317;                             22415704;                                     0,507568;                 11;                       631054;                                     0,013674;               19;                    1355404;                                     0,029370
       407;       545;         1;BR      ;30/10/2022 18:12:57;         472075;     156454011;           21;                 177547;                                     0,376099;        6669;              58079501;          5175;                46154568;                 4948;                       44167883;             2367;                   21749598;                                     0,492430;                       2581;                             22418285;                                     0,507570;                 86;                       631140;                                     0,013674;              141;                    1355545;                                     0,029370
       407;       545;         1;BR      ;30/10/2022 18:12:58;         472075;     156454011;          173;                 177720;                                     0,376466;       59818;              58139319;         47194;                46201762;                45612;                       44213495;            18771;                   21768369;                                     0,492347;                      26841;                             22445126;                                     0,507653;                582;                       631722;                                     0,013673;             1000;                    1356545;                                     0,029361
       407;       545;         1;BR      ;30/10/2022 18:12:59;         472075;     156454011;          143;                 177863;                                     0,376769;       47611;              58186930;         38825;                46240587;                37514;                       44251009;            22829;                   21791198;                                     0,492445;                      14685;                             22459811;                                     0,507555;                402;                       632124;                                     0,013670;              909;                    1357454;                                     0,029356
       407;       545;         1;BR      ;30/10/2022 18:13:00;         472075;     156454011;          189;                 178052;                                     0,377169;       59253;              58246183;         48266;                46288853;                46626;                       44297635;            23188;                   21814386;                                     0,492450;                      23438;                             22483249;                                     0,507550;                616;                       632740;                                     0,013669;             1024;                    1358478;                                     0,029348
       407;       545;         1;BR      ;30/10/2022 18:13:01;         472075;     156454011;          187;                 178239;                                     0,377565;       61389;              58307572;         49862;                46338715;                48277;                       44345912;            18237;                   21832623;                                     0,492325;                      30040;                             22513289;                                     0,507675;                654;                       633394;                                     0,013669;              931;                    1359409;                                     0,029336
       407;       545;         1;BR      ;30/10/2022 18:13:02;         472075;     156454011;          243;                 178482;                                     0,378080;       77754;              58385326;         60680;                46399395;                58058;                       44403970;            32424;                   21865047;                                     0,492412;                      25634;                             22538923;                                     0,507588;                688;                       634082;                                     0,013666;             1934;                    1361343;                                     0,029340
       407;       545;         1;BR      ;30/10/2022 18:13:03;         472075;     156454011;          170;                 178652;                                     0,378440;       55312;              58440638;         43999;                46443394;                41611;                       44445581;            28598;                   21893645;                                     0,492594;                      13013;                             22551936;                                     0,507406;                584;                       634666;                                     0,013665;             1804;                    1363147;                                     0,029351
       407;       545;         1;BR      ;30/10/2022 18:13:04;         472075;     156454011;            6;                 178658;                                     0,378453;        1395;              58442033;          1204;                46444598;                 1164;                       44446745;              850;                   21894495;                                     0,492601;                        314;                             22552250;                                     0,507399;                 16;                       634682;                                     0,013665;               24;                    1363171;                                     0,029350
       407;       545;         1;BR      ;30/10/2022 18:13:05;         472075;     156454011;            6;                 178664;                                     0,378465;        1855;              58443888;          1393;                46445991;                 1292;                       44448037;              893;                   21895388;                                     0,492606;                        399;                             22552649;                                     0,507394;                 20;                       634702;                                     0,013665;               81;                    1363252;                                     0,029351
       407;       545;         1;BR      ;30/10/2022 18:13:06;         472075;     156454011;           34;                 178698;                                     0,378537;        9490;              58453378;          7287;                46453278;                 6896;                       44454933;             5195;                   21900583;                                     0,492647;                       1701;                             22554350;                                     0,507353;                 89;                       634791;                                     0,013665;              302;                    1363554;                                     0,029353
       407;       545;         1;BR      ;30/10/2022 18:13:07;         472075;     156454011;           25;                 178723;                                     0,378590;        8022;              58461400;          6130;                46459408;                 5818;                       44460751;             3034;                   21903617;                                     0,492651;                       2784;                             22557134;                                     0,507349;                 70;                       634861;                                     0,013665;              242;                    1363796;                                     0,029355
       407;       545;         1;BR      ;30/10/2022 18:13:08;         472075;     156454011;          129;                 178852;                                     0,378864;       42709;              58504109;         32818;                46492226;                32049;                       44492800;            17719;                   21921336;                                     0,492694;                      14330;                             22571464;                                     0,507306;                285;                       635146;                                     0,013661;              484;                    1364280;                                     0,029344
       407;       545;         1;BR      ;30/10/2022 18:13:09;         472075;     156454011;           75;                 178927;                                     0,379022;       23699;              58527808;         19360;                46511586;                18262;                       44511062;            11143;                   21932479;                                     0,492742;                       7119;                             22578583;                                     0,507258;                246;                       635392;                                     0,013661;              852;                    1365132;                                     0,029350
       407;       545;         1;BR      ;30/10/2022 18:13:11;         472075;     156454011;           15;                 178942;                                     0,379054;        5361;              58533169;          4041;                46515627;                 3909;                       44514971;             1876;                   21934355;                                     0,492741;                       2033;                             22580616;                                     0,507259;                 33;                       635425;                                     0,013660;               99;                    1365231;                                     0,029350
       407;       545;         1;BR      ;30/10/2022 18:13:12;         472075;     156454011;          116;                 179058;                                     0,379300;       36735;              58569904;         30263;                46545890;                28399;                       44543370;            19538;                   21953893;                                     0,492866;                       8861;                             22589477;                                     0,507134;                390;                       635815;                                     0,013660;             1474;                    1366705;                                     0,029363
       407;       545;         1;BR      ;30/10/2022 18:13:13;         472075;     156454011;           66;                 179124;                                     0,379440;       19935;              58589839;         15834;                46561724;                15068;                       44558438;             9894;                   21963787;                                     0,492921;                       5174;                             22594651;                                     0,507079;                189;                       636004;                                     0,013659;              577;                    1367282;                                     0,029365
       407;       545;         1;BR      ;30/10/2022 18:13:14;         472075;     156454011;          140;                 179264;                                     0,379736;       47994;              58637833;         39295;                46601019;                37498;                       44595936;            16110;                   21979897;                                     0,492868;                      21388;                             22616039;                                     0,507132;                554;                       636558;                                     0,013660;             1243;                    1368525;                                     0,029367
       407;       545;         1;BR      ;30/10/2022 18:13:15;         472075;     156454011;           53;                 179317;                                     0,379849;       18985;              58656818;         14473;                46615492;                13886;                       44609822;             6591;                   21986488;                                     0,492862;                       7295;                             22623334;                                     0,507138;                223;                       636781;                                     0,013660;              364;                    1368889;                                     0,029366
       407;       545;         1;BR      ;30/10/2022 18:13:16;         472075;     156454011;           15;                 179332;                                     0,379880;        4367;              58661185;          3351;                46618843;                 3238;                       44613060;             1446;                   21987934;                                     0,492859;                       1792;                             22625126;                                     0,507141;                 38;                       636819;                                     0,013660;               75;                    1368964;                                     0,029365
       407;       545;         1;BR      ;30/10/2022 18:13:17;         472075;     156454011;           97;                 179429;                                     0,380086;       31572;              58692757;         24876;                46643719;                23768;                       44636828;            10433;                   21998367;                                     0,492830;                      13335;                             22638461;                                     0,507170;                416;                       637235;                                     0,013662;              692;                    1369656;                                     0,029364
       407;       545;         1;BR      ;30/10/2022 18:13:18;         472075;     156454011;          101;                 179530;                                     0,380300;       32246;              58725003;         25850;                46669569;                24854;                       44661682;             8945;                   22007312;                                     0,492756;                      15909;                             22654370;                                     0,507244;                412;                       637647;                                     0,013663;              584;                    1370240;                                     0,029360
       407;       545;         1;BR      ;30/10/2022 18:13:19;         472075;     156454011;           68;                 179598;                                     0,380444;       20093;              58745096;         16780;                46686349;                16228;                       44677910;             5215;                   22012527;                                     0,492694;                      11013;                             22665383;                                     0,507306;                245;                       637892;                                     0,013663;              307;                    1370547;                                     0,029356
       407;       545;         1;BR      ;30/10/2022 18:13:20;         472075;     156454011;            4;                 179602;                                     0,380452;        1392;              58746488;          1114;                46687463;                 1089;                       44678999;              360;                   22012887;                                     0,492690;                        729;                             22666112;                                     0,507310;                 18;                       637910;                                     0,013663;                7;                    1370554;                                     0,029356
       407;       545;         1;BR      ;30/10/2022 18:13:21;         472075;     156454011;            8;                 179610;                                     0,380469;        1659;              58748147;          1375;                46688838;                 1298;                       44680297;              540;                   22013427;                                     0,492688;                        758;                             22666870;                                     0,507312;                 39;                       637949;                                     0,013664;               38;                    1370592;                                     0,029356
       407;       545;         1;BR      ;30/10/2022 18:13:22;         472075;     156454011;           67;                 179677;                                     0,380611;       21297;              58769444;         17897;                46706735;                16749;                       44697046;            10706;                   22024133;                                     0,492742;                       6043;                             22672913;                                     0,507258;                235;                       638184;                                     0,013664;              913;                    1371505;                                     0,029364
       407;       545;         1;BR      ;30/10/2022 18:13:23;         472075;     156454011;           94;                 179771;                                     0,380810;       28428;              58797872;         22886;                46729621;                21728;                       44718774;             9174;                   22033307;                                     0,492708;                      12554;                             22685467;                                     0,507292;                375;                       638559;                                     0,013665;              783;                    1372288;                                     0,029367
       407;       545;         1;BR      ;30/10/2022 18:13:24;         472075;     156454011;           46;                 179817;                                     0,380908;       15617;              58813489;         12123;                46741744;                11522;                       44730296;             5614;                   22038921;                                     0,492707;                       5908;                             22691375;                                     0,507293;                162;                       638721;                                     0,013665;              439;                    1372727;                                     0,029368
       407;       545;         1;BR      ;30/10/2022 18:13:25;         472075;     156454011;           91;                 179908;                                     0,381100;       26532;              58840021;         19902;                46761646;                18919;                       44749215;             9246;                   22048167;                                     0,492705;                       9673;                             22701048;                                     0,507295;                236;                       638957;                                     0,013664;              747;                    1373474;                                     0,029372
       407;       545;         1;BR      ;30/10/2022 18:13:26;         472075;     156454011;           23;                 179931;                                     0,381149;        6748;              58846769;          5441;                46767087;                 5213;                       44754428;             1842;                   22050009;                                     0,492689;                       3371;                             22704419;                                     0,507311;                 46;                       639003;                                     0,013664;              182;                    1373656;                                     0,029372
       407;       545;         1;BR      ;30/10/2022 18:13:49;         472075;     156454011;          107;                 180038;                                     0,381376;       32996;              58879765;         25666;                46792753;                24810;                       44779238;            17295;                   22067304;                                     0,492802;                       7515;                             22711934;                                     0,507198;                283;                       639286;                                     0,013662;              573;                    1374229;                                     0,029368
       407;       545;         1;BR      ;30/10/2022 18:13:50;         472075;     156454011;          216;                 180254;                                     0,381833;       72037;              58951802;         57011;                46849764;                54672;                       44833910;            27398;                   22094702;                                     0,492812;                      27274;                             22739208;                                     0,507188;                801;                       640087;                                     0,013663;             1538;                    1375767;                                     0,029366
       407;       545;         1;BR      ;30/10/2022 18:13:51;         472075;     156454011;          343;                 180597;                                     0,382560;      121580;              59073382;         94226;                46943990;                90434;                       44924344;            39410;                   22134112;                                     0,492698;                      51024;                             22790232;                                     0,507302;               1219;                       641306;                                     0,013661;             2573;                    1378340;                                     0,029361
       407;       545;         1;BR      ;30/10/2022 18:13:52;         472075;     156454011;          175;                 180772;                                     0,382931;       55245;              59128627;         45113;                46989103;                43493;                       44967837;            27067;                   22161179;                                     0,492823;                      16426;                             22806658;                                     0,507177;                589;                       641895;                                     0,013661;             1031;                    1379371;                                     0,029355
       407;       545;         1;BR      ;30/10/2022 18:13:53;         472075;     156454011;          159;                 180931;                                     0,383267;       50039;              59178666;         40827;                47029930;                39326;                       45007163;            25331;                   22186510;                                     0,492955;                      13995;                             22820653;                                     0,507045;                508;                       642403;                                     0,013659;              993;                    1380364;                                     0,029351
       407;       545;         1;BR      ;30/10/2022 18:13:54;         472075;     156454011;           80;                 181011;                                     0,383437;       26717;              59205383;         20559;                47050489;                19759;                       45026922;             8833;                   22195343;                                     0,492935;                      10926;                             22831579;                                     0,507065;                288;                       642691;                                     0,013660;              512;                    1380876;                                     0,029349
       407;       545;         1;BR      ;30/10/2022 18:13:55;         472075;     156454011;          358;                 181369;                                     0,384195;      124331;              59329714;         98780;                47149269;                92182;                       45119104;            45656;                   22240999;                                     0,492940;                      46526;                             22878105;                                     0,507060;               2065;                       644756;                                     0,013675;             4533;                    1385409;                                     0,029383
       407;       545;         1;BR      ;30/10/2022 18:13:56;         472075;     156454011;           65;                 181434;                                     0,384333;       21824;              59351538;         17198;                47166467;                16281;                       45135385;             7063;                   22248062;                                     0,492918;                       9218;                             22887323;                                     0,507082;                280;                       645036;                                     0,013676;              637;                    1386046;                                     0,029386
       407;       545;         1;BR      ;30/10/2022 18:13:57;         472075;     156454011;          145;                 181579;                                     0,384640;       50162;              59401700;         40576;                47207043;                38045;                       45173430;            14856;                   22262918;                                     0,492832;                      23189;                             22910512;                                     0,507168;                769;                       645805;                                     0,013680;             1762;                    1387808;                                     0,029398
       407;       545;         1;BR      ;30/10/2022 18:13:58;         472075;     156454011;          159;                 181738;                                     0,384977;       53899;              59455599;         42546;                47249589;                40040;                       45213470;            16061;                   22278979;                                     0,492751;                      23979;                             22934491;                                     0,507249;                725;                       646530;                                     0,013683;             1781;                    1389589;                                     0,029410
       407;       545;         1;BR      ;30/10/2022 18:13:59;         472075;     156454011;          104;                 181842;                                     0,385197;       34431;              59490030;         26961;                47276550;                25612;                       45239082;            10176;                   22289155;                                     0,492697;                      15436;                             22949927;                                     0,507303;                446;                       646976;                                     0,013685;              903;                    1390492;                                     0,029412
       407;       545;         1;BR      ;30/10/2022 18:14:00;         472075;     156454011;            3;                 181845;                                     0,385204;         823;              59490853;           619;                47277169;                  605;                       45239687;              199;                   22289354;                                     0,492695;                        406;                             22950333;                                     0,507305;                  5;                       646981;                                     0,013685;                9;                    1390501;                                     0,029412
       407;       545;         1;BR      ;30/10/2022 18:14:01;         472075;     156454011;           16;                 181861;                                     0,385238;        5172;              59496025;          4075;                47281244;                 3951;                       45243638;             1836;                   22291190;                                     0,492692;                       2115;                             22952448;                                     0,507308;                 48;                       647029;                                     0,013685;               76;                    1390577;                                     0,029411
       407;       545;         1;BR      ;30/10/2022 18:14:02;         472075;     156454011;           17;                 181878;                                     0,385274;        4939;              59500964;          3911;                47285155;                 3807;                       45247445;             1382;                   22292572;                                     0,492681;                       2425;                             22954873;                                     0,507319;                 34;                       647063;                                     0,013684;               70;                    1390647;                                     0,029410
       407;       545;         1;BR      ;30/10/2022 18:14:03;         472075;     156454011;            7;                 181885;                                     0,385288;        2000;              59502964;          1514;                47286669;                 1468;                       45248913;              760;                   22293332;                                     0,492682;                        708;                             22955581;                                     0,507318;                 18;                       647081;                                     0,013684;               28;                    1390675;                                     0,029409
       407;       545;         1;BR      ;30/10/2022 18:14:04;         472075;     156454011;          127;                 182012;                                     0,385557;       42235;              59545199;         33669;                47320338;                32475;                       45281388;            11791;                   22305123;                                     0,492589;                      20684;                             22976265;                                     0,507411;                409;                       647490;                                     0,013683;              785;                    1391460;                                     0,029405
       407;       545;         1;BR      ;30/10/2022 18:14:05;         472075;     156454011;          207;                 182219;                                     0,385996;       62274;              59607473;         50729;                47371067;                49040;                       45330428;            28156;                   22333279;                                     0,492677;                      20884;                             22997149;                                     0,507323;                527;                       648017;                                     0,013680;             1162;                    1392622;                                     0,029398
       407;       545;         1;BR      ;30/10/2022 18:14:06;         472075;     156454011;          200;                 182419;                                     0,386420;       64237;              59671710;         52108;                47423175;                50276;                       45380704;            19473;                   22352752;                                     0,492561;                      30803;                             23027952;                                     0,507439;                743;                       648760;                                     0,013680;             1089;                    1393711;                                     0,029389
       407;       545;         1;BR      ;30/10/2022 18:14:07;         472075;     156454011;           89;                 182508;                                     0,386608;       27442;              59699152;         21327;                47444502;                20661;                       45401365;             7941;                   22360693;                                     0,492511;                      12720;                             23040672;                                     0,507489;                264;                       649024;                                     0,013680;              402;                    1394113;                                     0,029384
       407;       545;         1;BR      ;30/10/2022 18:14:08;         472075;     156454011;          208;                 182716;                                     0,387049;       63907;              59763059;         49591;                47494093;                47158;                       45448523;            32832;                   22393525;                                     0,492723;                      14326;                             23054998;                                     0,507277;                610;                       649634;                                     0,013678;             1823;                    1395936;                                     0,029392
       407;       545;         1;BR      ;30/10/2022 18:14:09;         472075;     156454011;          116;                 182832;                                     0,387294;       37388;              59800447;         29768;                47523861;                28089;                       45476612;            19874;                   22413399;                                     0,492856;                       8215;                             23063213;                                     0,507144;                420;                       650054;                                     0,013678;             1259;                    1397195;                                     0,029400
       407;       545;         1;BR      ;30/10/2022 18:14:10;         472075;     156454011;            2;                 182834;                                     0,387299;         534;              59800981;           446;                47524307;                  423;                       45477035;              310;                   22413709;                                     0,492858;                        113;                             23063326;                                     0,507142;                  4;                       650058;                                     0,013678;               19;                    1397214;                                     0,029400
       407;       545;         1;BR      ;30/10/2022 18:14:12;         472075;     156454011;           82;                 182916;                                     0,387472;       25331;              59826312;         19592;                47543899;                18866;                       45495901;            10740;                   22424449;                                     0,492889;                       8126;                             23071452;                                     0,507111;                196;                       650254;                                     0,013677;              530;                    1397744;                                     0,029399
       407;       545;         1;BR      ;30/10/2022 18:14:13;         472075;     156454011;          123;                 183039;                                     0,387733;       40590;              59866902;         30402;                47574301;                29164;                       45525065;            16517;                   22440966;                                     0,492936;                      12647;                             23084099;                                     0,507064;                297;                       650551;                                     0,013674;              941;                    1398685;                                     0,029400
       407;       545;         1;BR      ;30/10/2022 18:14:14;         472075;     156454011;           29;                 183068;                                     0,387794;        8713;              59875615;          7240;                47581541;                 6825;                       45531890;             4794;                   22445760;                                     0,492968;                       2031;                             23086130;                                     0,507032;                 89;                       650640;                                     0,013674;              326;                    1399011;                                     0,029402
       407;       545;         1;BR      ;30/10/2022 18:14:15;         472075;     156454011;            2;                 183070;                                     0,387799;         634;              59876249;           513;                47582054;                  478;                       45532368;              319;                   22446079;                                     0,492970;                        159;                             23086289;                                     0,507030;                  9;                       650649;                                     0,013674;               26;                    1399037;                                     0,029403
       407;       545;         1;BR      ;30/10/2022 18:14:16;         472075;     156454011;           16;                 183086;                                     0,387832;        4988;              59881237;          4119;                47586173;                 3881;                       45536249;             2604;                   22448683;                                     0,492985;                       1277;                             23087566;                                     0,507015;                 50;                       650699;                                     0,013674;              188;                    1399225;                                     0,029404
       407;       545;         1;BR      ;30/10/2022 18:14:17;         472075;     156454011;           86;                 183172;                                     0,388015;       26408;              59907645;         22385;                47608558;                21193;                       45557442;            13071;                   22461754;                                     0,493042;                       8122;                             23095688;                                     0,506958;                246;                       650945;                                     0,013673;              946;                    1400171;                                     0,029410
       407;       545;         1;BR      ;30/10/2022 18:14:18;         472075;     156454011;           52;                 183224;                                     0,388125;       16661;              59924306;         12504;                47621062;                11852;                       45569294;             8894;                   22470648;                                     0,493109;                       2958;                             23098646;                                     0,506891;                146;                       651091;                                     0,013672;              506;                    1400677;                                     0,029413
       407;       545;         1;BR      ;30/10/2022 18:14:19;         472075;     156454011;          152;                 183376;                                     0,388447;       47898;              59972204;         37600;                47658662;                35732;                       45605026;            21001;                   22491649;                                     0,493184;                      14731;                             23113377;                                     0,506816;                569;                       651660;                                     0,013673;             1299;                    1401976;                                     0,029417
       407;       545;         1;BR      ;30/10/2022 18:14:20;         472075;     156454011;          124;                 183500;                                     0,388709;       41823;              60014027;         33320;                47691982;                31739;                       45636765;            15416;                   22507065;                                     0,493178;                      16323;                             23129700;                                     0,506822;                608;                       652268;                                     0,013677;              973;                    1402949;                                     0,029417
       407;       545;         1;BR      ;30/10/2022 18:14:21;         472075;     156454011;           14;                 183514;                                     0,388739;        4924;              60018951;          3949;                47695931;                 3780;                       45640545;             1363;                   22508428;                                     0,493167;                       2417;                             23132117;                                     0,506833;                 79;                       652347;                                     0,013677;               90;                    1403039;                                     0,029416
       407;       545;         1;BR      ;30/10/2022 18:14:23;         472075;     156454011;           29;                 183543;                                     0,388801;        9360;              60028311;          7393;                47703324;                 7092;                       45647637;             3324;                   22511752;                                     0,493164;                       3768;                             23135885;                                     0,506836;                100;                       652447;                                     0,013677;              201;                    1403240;                                     0,029416
       407;       545;         1;BR      ;30/10/2022 18:14:24;         472075;     156454011;            4;                 183547;                                     0,388809;        1170;              60029481;          1056;                47704380;                 1023;                       45648660;              301;                   22512053;                                     0,493159;                        722;                             23136607;                                     0,506841;                 11;                       652458;                                     0,013677;               22;                    1403262;                                     0,029416
       407;       545;         1;BR      ;30/10/2022 18:14:25;         472075;     156454011;           70;                 183617;                                     0,388957;       24122;              60053603;         19960;                47724340;                19232;                       45667892;             6132;                   22518185;                                     0,493086;                      13100;                             23149707;                                     0,506914;                260;                       652718;                                     0,013677;              468;                    1403730;                                     0,029413
       407;       545;         1;BR      ;30/10/2022 18:14:26;         472075;     156454011;          132;                 183749;                                     0,389237;       42034;              60095637;         35050;                47759390;                33461;                       45701353;            13705;                   22531890;                                     0,493025;                      19756;                             23169463;                                     0,506975;                463;                       653181;                                     0,013676;             1126;                    1404856;                                     0,029415
       407;       545;         1;BR      ;30/10/2022 18:14:27;         472075;     156454011;           71;                 183820;                                     0,389387;       22445;              60118082;         18522;                47777912;                17525;                       45718878;             9191;                   22541081;                                     0,493037;                       8334;                             23177797;                                     0,506963;                269;                       653450;                                     0,013677;              728;                    1405584;                                     0,029419
       407;       545;         1;BR      ;30/10/2022 18:14:29;         472075;     156454011;           85;                 183905;                                     0,389567;       25702;              60143784;         20169;                47798081;                19295;                       45738173;             7448;                   22548529;                                     0,492991;                      11847;                             23189644;                                     0,507009;                308;                       653758;                                     0,013677;              566;                    1406150;                                     0,029419
       407;       545;         1;BR      ;30/10/2022 18:14:30;         472075;     156454011;           10;                 183915;                                     0,389589;        2584;              60146368;          2174;                47800255;                 2061;                       45740234;              636;                   22549165;                                     0,492983;                       1425;                             23191069;                                     0,507017;                 35;                       653793;                                     0,013678;               78;                    1406228;                                     0,029419
       407;       545;         1;BR      ;30/10/2022 18:14:31;         472075;     156454011;           13;                 183928;                                     0,389616;        3110;              60149478;          2321;                47802576;                 2230;                       45742464;              892;                   22550057;                                     0,492979;                       1338;                             23192407;                                     0,507021;                 36;                       653829;                                     0,013678;               55;                    1406283;                                     0,029419
       407;       545;         1;BR      ;30/10/2022 18:14:32;         472075;     156454011;           20;                 183948;                                     0,389658;        6034;              60155512;          4618;                47807194;                 4451;                       45746915;             1730;                   22551787;                                     0,492968;                       2721;                             23195128;                                     0,507032;                 41;                       653870;                                     0,013677;              126;                    1406409;                                     0,029418
       407;       545;         1;BR      ;30/10/2022 18:14:54;         472075;     156454011;          192;                 184140;                                     0,390065;       60959;              60216471;         47410;                47854604;                45511;                       45792426;            25492;                   22577279;                                     0,493035;                      20019;                             23215147;                                     0,506965;                679;                       654549;                                     0,013678;             1220;                    1407629;                                     0,029415
       407;       545;         1;BR      ;30/10/2022 18:14:55;         472075;     156454011;          550;                 184690;                                     0,391230;      198163;              60414634;        153718;                48008322;               147608;                       45940034;            66480;                   22643759;                                     0,492898;                      81128;                             23296275;                                     0,507102;               1902;                       656451;                                     0,013674;             4208;                    1411837;                                     0,029408
       407;       545;         1;BR      ;30/10/2022 18:14:56;         472075;     156454011;          146;                 184836;                                     0,391539;       47614;              60462248;         37495;                48045817;                36205;                       45976239;            20308;                   22664067;                                     0,492952;                      15897;                             23312172;                                     0,507048;                450;                       656901;                                     0,013672;              840;                    1412677;                                     0,029403
       407;       545;         1;BR      ;30/10/2022 18:14:57;         472075;     156454011;          206;                 185042;                                     0,391976;       68339;              60530587;         57229;                48103046;                55168;                       46031407;            33792;                   22697859;                                     0,493095;                      21376;                             23333548;                                     0,506905;                694;                       657595;                                     0,013671;             1367;                    1414044;                                     0,029396
       407;       545;         1;BR      ;30/10/2022 18:14:58;         472075;     156454011;          100;                 185142;                                     0,392188;       30464;              60561051;         23819;                48126865;                23094;                       46054501;            16920;                   22714779;                                     0,493215;                       6174;                             23339722;                                     0,506785;                232;                       657827;                                     0,013669;              493;                    1414537;                                     0,029392
       407;       545;         1;BR      ;30/10/2022 18:14:59;         472075;     156454011;          102;                 185244;                                     0,392404;       32504;              60593555;         24748;                48151613;                23773;                       46078274;            12007;                   22726786;                                     0,493221;                      11766;                             23351488;                                     0,506779;                344;                       658171;                                     0,013669;              631;                    1415168;                                     0,029390
       407;       545;         1;BR      ;30/10/2022 18:15:00;         472075;     156454011;          510;                 185754;                                     0,393484;      180475;              60774030;        143200;                48294813;               133664;                       46211938;            65721;                   22792507;                                     0,493217;                      67943;                             23419431;                                     0,506783;               2820;                       660991;                                     0,013687;             6716;                    1421884;                                     0,029442
       407;       545;         1;BR      ;30/10/2022 18:15:01;         472075;     156454011;          152;                 185906;                                     0,393806;       51810;              60825840;         41323;                48336136;                38841;                       46250779;            14781;                   22807288;                                     0,493122;                      24060;                             23443491;                                     0,506878;                834;                       661825;                                     0,013692;             1648;                    1423532;                                     0,029451
       407;       545;         1;BR      ;30/10/2022 18:15:02;         472075;     156454011;          137;                 186043;                                     0,394096;       45555;              60871395;         35915;                48372051;                33986;                       46284765;            13403;                   22820691;                                     0,493050;                      20583;                             23464074;                                     0,506950;                637;                       662462;                                     0,013695;             1292;                    1424824;                                     0,029456
       407;       545;         1;BR      ;30/10/2022 18:15:03;         472075;     156454011;           84;                 186127;                                     0,394274;       27302;              60898697;         21588;                48393639;                20444;                       46305209;             8365;                   22829056;                                     0,493013;                      12079;                             23476153;                                     0,506987;                377;                       662839;                                     0,013697;              767;                    1425591;                                     0,029458
       407;       545;         1;BR      ;30/10/2022 18:15:04;         472075;     156454011;           32;                 186159;                                     0,394342;        9617;              60908314;          7491;                48401130;                 7239;                       46312448;             3194;                   22832250;                                     0,493005;                       4045;                             23480198;                                     0,506995;                113;                       662952;                                     0,013697;              139;                    1425730;                                     0,029457
       407;       545;         1;BR      ;30/10/2022 18:15:05;         472075;     156454011;           74;                 186233;                                     0,394499;       24866;              60933180;         19321;                48420451;                18695;                       46331143;             6955;                   22839205;                                     0,492956;                      11740;                             23491938;                                     0,507044;                214;                       663166;                                     0,013696;              412;                    1426142;                                     0,029453
       407;       545;         1;BR      ;30/10/2022 18:15:06;         472075;     156454011;           35;                 186268;                                     0,394573;       10367;              60943547;          8241;                48428692;                 7988;                       46339131;             3495;                   22842700;                                     0,492946;                       4493;                             23496431;                                     0,507054;                 81;                       663247;                                     0,013695;              172;                    1426314;                                     0,029452
       407;       545;         1;BR      ;30/10/2022 18:15:07;         472075;     156454011;          131;                 186399;                                     0,394850;       43436;              60986983;         35072;                48463764;                33951;                       46373082;            18338;                   22861038;                                     0,492981;                      15613;                             23512044;                                     0,507019;                372;                       663619;                                     0,013693;              749;                    1427063;                                     0,029446
       407;       545;         1;BR      ;30/10/2022 18:15:08;         472075;     156454011;          106;                 186505;                                     0,395075;       32039;              61019022;         26185;                48489949;                25370;                       46398452;            15605;                   22876643;                                     0,493048;                       9765;                             23521809;                                     0,506952;                256;                       663875;                                     0,013691;              559;                    1427622;                                     0,029442
       407;       545;         1;BR      ;30/10/2022 18:15:09;         472075;     156454011;           54;                 186559;                                     0,395189;       17212;              61036234;         13685;                48503634;                13291;                       46411743;             5132;                   22881775;                                     0,493017;                       8159;                             23529968;                                     0,506983;                148;                       664023;                                     0,013690;              246;                    1427868;                                     0,029438
       407;       545;         1;BR      ;30/10/2022 18:15:10;         472075;     156454011;           81;                 186640;                                     0,395361;       26259;              61062493;         21296;                48524930;                20575;                       46432318;             8134;                   22889909;                                     0,492974;                      12441;                             23542409;                                     0,507026;                291;                       664314;                                     0,013690;              430;                    1428298;                                     0,029434
       407;       545;         1;BR      ;30/10/2022 18:15:11;         472075;     156454011;           96;                 186736;                                     0,395564;       30560;              61093053;         23578;                48548508;                23017;                       46455335;             7890;                   22897799;                                     0,492899;                      15127;                             23557536;                                     0,507101;                210;                       664524;                                     0,013688;              351;                    1428649;                                     0,029427
       407;       545;         1;BR      ;30/10/2022 18:15:12;         472075;     156454011;          214;                 186950;                                     0,396018;       73263;              61166316;         59043;                48607551;                55771;                       46511106;            38021;                   22935820;                                     0,493126;                      17750;                             23575286;                                     0,506874;                812;                       665336;                                     0,013688;             2460;                    1431109;                                     0,029442
       407;       545;         1;BR      ;30/10/2022 18:15:13;         472075;     156454011;           41;                 186991;                                     0,396104;       11605;              61177921;          8720;                48616271;                 8235;                       46519341;             5867;                   22941687;                                     0,493164;                       2368;                             23577654;                                     0,506836;                101;                       665437;                                     0,013688;              384;                    1431493;                                     0,029445
       407;       545;         1;BR      ;30/10/2022 18:15:14;         472075;     156454011;           30;                 187021;                                     0,396168;        8992;              61186913;          6929;                48623200;                 6587;                       46525928;             4854;                   22946541;                                     0,493199;                       1733;                             23579387;                                     0,506801;                 84;                       665521;                                     0,013687;              258;                    1431751;                                     0,029446
       407;       545;         1;BR      ;30/10/2022 18:15:15;         472075;     156454011;           53;                 187074;                                     0,396280;       15350;              61202263;         11874;                48635074;                11372;                       46537300;             8148;                   22954689;                                     0,493254;                       3224;                             23582611;                                     0,506746;                103;                       665624;                                     0,013686;              399;                    1432150;                                     0,029447
       407;       545;         1;BR      ;30/10/2022 18:15:16;         472075;     156454011;           95;                 187169;                                     0,396481;       29288;              61231551;         23146;                48658220;                22324;                       46559624;            13787;                   22968476;                                     0,493313;                       8537;                             23591148;                                     0,506687;                238;                       665862;                                     0,013684;              584;                    1432734;                                     0,029445
       407;       545;         1;BR      ;30/10/2022 18:15:17;         472075;     156454011;           73;                 187242;                                     0,396636;       26050;              61257601;         19270;                48677490;                18813;                       46578437;             9424;                   22977900;                                     0,493316;                       9389;                             23600537;                                     0,506684;                164;                       666026;                                     0,013682;              293;                    1433027;                                     0,029439
       407;       545;         1;BR      ;30/10/2022 18:15:18;         472075;     156454011;            4;                 187246;                                     0,396645;        1178;              61258779;           960;                48678450;                  945;                       46579382;              378;                   22978278;                                     0,493314;                        567;                             23601104;                                     0,506686;                  7;                       666033;                                     0,013682;                8;                    1433035;                                     0,029439
       407;       545;         1;BR      ;30/10/2022 18:15:19;         472075;     156454011;           12;                 187258;                                     0,396670;        4363;              61263142;          3140;                48681590;                 3082;                       46582464;             1498;                   22979776;                                     0,493314;                       1584;                             23602688;                                     0,506686;                 23;                       666056;                                     0,013682;               35;                    1433070;                                     0,029438
       407;       545;         1;BR      ;30/10/2022 18:15:20;         472075;     156454011;           63;                 187321;                                     0,396803;       18587;              61281729;         13948;                48695538;                13667;                       46596131;             8841;                   22988617;                                     0,493359;                       4826;                             23607514;                                     0,506641;                 99;                       666155;                                     0,013680;              182;                    1433252;                                     0,029433
       407;       545;         1;BR      ;30/10/2022 18:15:21;         472075;     156454011;          166;                 187487;                                     0,397155;       57123;              61338852;         46345;                48741883;                43491;                       46639622;            29788;                   23018405;                                     0,493538;                      13703;                             23621217;                                     0,506462;                612;                       666767;                                     0,013680;             2242;                    1435494;                                     0,029451
       407;       545;         1;BR      ;30/10/2022 18:15:22;         472075;     156454011;           20;                 187507;                                     0,397197;        6317;              61345169;          4659;                48746542;                 4506;                       46644128;             1819;                   23020224;                                     0,493529;                       2687;                             23623904;                                     0,506471;                 35;                       666802;                                     0,013679;              118;                    1435612;                                     0,029451
       407;       545;         1;BR      ;30/10/2022 18:15:23;         472075;     156454011;          208;                 187715;                                     0,397638;       67933;              61413102;         53754;                48800296;                51342;                       46695470;            24342;                   23044566;                                     0,493508;                      27000;                             23650904;                                     0,506492;                860;                       667662;                                     0,013682;             1552;                    1437164;                                     0,029450
       407;       545;         1;BR      ;30/10/2022 18:15:24;         472075;     156454011;          178;                 187893;                                     0,398015;       56092;              61469194;         44855;                48845151;                42751;                       46738221;            21688;                   23066254;                                     0,493520;                      21063;                             23671967;                                     0,506480;                657;                       668319;                                     0,013682;             1447;                    1438611;                                     0,029452
       407;       545;         1;BR      ;30/10/2022 18:15:25;         472075;     156454011;           21;                 187914;                                     0,398060;        6084;              61475278;          4935;                48850086;                 4684;                       46742905;             3430;                   23069684;                                     0,493544;                       1254;                             23673221;                                     0,506456;                 54;                       668373;                                     0,013682;              197;                    1438808;                                     0,029454
       407;       545;         1;BR      ;30/10/2022 18:15:26;         472075;     156454011;           40;                 187954;                                     0,398144;       13721;              61488999;         11596;                48861682;                10931;                       46753836;             6200;                   23075884;                                     0,493561;                       4731;                             23677952;                                     0,506439;                195;                       668568;                                     0,013683;              470;                    1439278;                                     0,029456
       407;       545;         1;BR      ;30/10/2022 18:15:28;         472075;     156454011;           93;                 188047;                                     0,398341;       28274;              61517273;         23815;                48885497;                22231;                       46776067;            13872;                   23089756;                                     0,493623;                       8359;                             23686311;                                     0,506377;                352;                       668920;                                     0,013683;             1232;                    1440510;                                     0,029467
       407;       545;         1;BR      ;30/10/2022 18:15:29;         472075;     156454011;           28;                 188075;                                     0,398401;        9801;              61527074;          8158;                48893655;                 7851;                       46783918;             3177;                   23092933;                                     0,493608;                       4674;                             23690985;                                     0,506392;                107;                       669027;                                     0,013683;              200;                    1440710;                                     0,029466
       407;       545;         1;BR      ;30/10/2022 18:15:30;         472075;     156454011;           41;                 188116;                                     0,398488;       13845;              61540919;         11799;                48905454;                11495;                       46795413;             3050;                   23095983;                                     0,493552;                       8445;                             23699430;                                     0,506448;                112;                       669139;                                     0,013682;              192;                    1440902;                                     0,029463
       407;       545;         1;BR      ;30/10/2022 18:15:31;         472075;     156454011;           25;                 188141;                                     0,398540;        7903;              61548822;          6789;                48912243;                 6596;                       46802009;             1573;                   23097556;                                     0,493516;                       5023;                             23704453;                                     0,506484;                 81;                       669220;                                     0,013682;              112;                    1441014;                                     0,029461
       407;       545;         1;BR      ;30/10/2022 18:15:32;         472075;     156454011;           43;                 188184;                                     0,398632;       14041;              61562863;         11374;                48923617;                11005;                       46813014;             3642;                   23101198;                                     0,493478;                       7363;                             23711816;                                     0,506522;                141;                       669361;                                     0,013682;              228;                    1441242;                                     0,029459
       407;       545;         1;BR      ;30/10/2022 18:15:33;         472075;     156454011;           11;                 188195;                                     0,398655;        3451;              61566314;          2908;                48926525;                 2820;                       46815834;             1033;                   23102231;                                     0,493470;                       1787;                             23713603;                                     0,506530;                 45;                       669406;                                     0,013682;               43;                    1441285;                                     0,029458
       407;       545;         1;BR      ;30/10/2022 18:15:34;         472075;     156454011;          109;                 188304;                                     0,398886;       33905;              61600219;         26722;                48953247;                25459;                       46841293;            10860;                   23113091;                                     0,493434;                      14599;                             23728202;                                     0,506566;                419;                       669825;                                     0,013683;              844;                    1442129;                                     0,029459
       407;       545;         1;BR      ;30/10/2022 18:15:35;         472075;     156454011;           80;                 188384;                                     0,399055;       26235;              61626454;         20255;                48973502;                19222;                       46860515;             9528;                   23122619;                                     0,493435;                       9694;                             23737896;                                     0,506565;                303;                       670128;                                     0,013683;              730;                    1442859;                                     0,029462
       407;       545;         1;BR      ;30/10/2022 18:15:58;         472075;     156454011;          257;                 188641;                                     0,399600;       82906;              61709360;         67730;                49041232;                65231;                       46925746;            41249;                   23163868;                                     0,493628;                      23982;                             23761878;                                     0,506372;                795;                       670923;                                     0,013681;             1704;                    1444563;                                     0,029456
       407;       545;         1;BR      ;30/10/2022 18:15:59;         472075;     156454011;          246;                 188887;                                     0,400121;       78993;              61788353;         63132;                49104364;                60546;                       46986292;            28966;                   23192834;                                     0,493609;                      31580;                             23793458;                                     0,506391;                858;                       671781;                                     0,013681;             1728;                    1446291;                                     0,029453
       407;       545;         1;BR      ;30/10/2022 18:16:00;         472075;     156454011;          457;                 189344;                                     0,401089;      167058;              61955411;        130502;                49234866;               125275;                       47111567;            54972;                   23247806;                                     0,493463;                      70303;                             23863761;                                     0,506537;               1626;                       673407;                                     0,013677;             3601;                    1449892;                                     0,029448
       407;       545;         1;BR      ;30/10/2022 18:16:01;         472075;     156454011;          164;                 189508;                                     0,401436;       51332;              62006743;         39877;                49274743;                38501;                       47150068;            21195;                   23269001;                                     0,493509;                      17306;                             23881067;                                     0,506491;                494;                       673901;                                     0,013676;              882;                    1450774;                                     0,029443
       407;       545;         1;BR      ;30/10/2022 18:16:02;         472075;     156454011;          265;                 189773;                                     0,401998;       89279;              62096022;         70317;                49345060;                65763;                       47215831;            31859;                   23300860;                                     0,493497;                      33904;                             23914971;                                     0,506503;               1388;                       675289;                                     0,013685;             3166;                    1453940;                                     0,029465
       407;       545;         1;BR      ;30/10/2022 18:16:03;         472075;     156454011;           84;                 189857;                                     0,402176;       28726;              62124748;         22913;                49367973;                21617;                       47237448;             9161;                   23310021;                                     0,493465;                      12456;                             23927427;                                     0,506535;                370;                       675659;                                     0,013686;              926;                    1454866;                                     0,029470
       407;       545;         1;BR      ;30/10/2022 18:16:04;         472075;     156454011;          168;                 190025;                                     0,402531;       56275;              62181023;         44868;                49412841;                42321;                       47279769;            18116;                   23328137;                                     0,493406;                      24205;                             23951632;                                     0,506594;                845;                       676504;                                     0,013691;             1702;                    1456568;                                     0,029478
       407;       545;         1;BR      ;30/10/2022 18:16:05;         472075;     156454011;          185;                 190210;                                     0,402923;       64359;              62245382;         51263;                49464104;                48358;                       47328127;            19833;                   23347970;                                     0,493321;                      28525;                             23980157;                                     0,506679;                956;                       677460;                                     0,013696;             1949;                    1458517;                                     0,029486
       407;       545;         1;BR      ;30/10/2022 18:16:06;         472075;     156454011;          116;                 190326;                                     0,403169;       38498;              62283880;         29737;                49493841;                28117;                       47356244;            11760;                   23359730;                                     0,493277;                      16357;                             23996514;                                     0,506723;                551;                       678011;                                     0,013699;             1069;                    1459586;                                     0,029490
       407;       545;         1;BR      ;30/10/2022 18:16:07;         472075;     156454011;           50;                 190376;                                     0,403275;       16183;              62300063;         12675;                49506516;                12023;                       47368267;             4902;                   23364632;                                     0,493255;                       7121;                             24003635;                                     0,506745;                212;                       678223;                                     0,013700;              440;                    1460026;                                     0,029492
       407;       545;         1;BR      ;30/10/2022 18:16:08;         472075;     156454011;           60;                 190436;                                     0,403402;       20892;              62320955;         16856;                49523372;                16325;                       47384592;             6471;                   23371103;                                     0,493222;                       9854;                             24013489;                                     0,506778;                186;                       678409;                                     0,013699;              345;                    1460371;                                     0,029489
       407;       545;         1;BR      ;30/10/2022 18:16:09;         472075;     156454011;           30;                 190466;                                     0,403466;        8969;              62329924;          6973;                49530345;                 6790;                       47391382;             3046;                   23374149;                                     0,493215;                       3744;                             24017233;                                     0,506785;                 61;                       678470;                                     0,013698;              122;                    1460493;                                     0,029487
       407;       545;         1;BR      ;30/10/2022 18:16:10;         472075;     156454011;           13;                 190479;                                     0,403493;        3899;              62333823;          3234;                49533579;                 3136;                       47394518;             1266;                   23375415;                                     0,493209;                       1870;                             24019103;                                     0,506791;                 37;                       678507;                                     0,013698;               61;                    1460554;                                     0,029486
       407;       545;         1;BR      ;30/10/2022 18:16:11;         472075;     156454011;          150;                 190629;                                     0,403811;       45796;              62379619;         36981;                49570560;                35733;                       47430251;            22513;                   23397928;                                     0,493312;                      13220;                             24032323;                                     0,506688;                389;                       678896;                                     0,013696;              859;                    1461413;                                     0,029481
       407;       545;         1;BR      ;30/10/2022 18:16:12;         472075;     156454011;          140;                 190769;                                     0,404107;       45762;              62425381;         37357;                49607917;                36112;                       47466363;            17576;                   23415504;                                     0,493307;                      18536;                             24050859;                                     0,506693;                502;                       679398;                                     0,013695;              743;                    1462156;                                     0,029474
       407;       545;         1;BR      ;30/10/2022 18:16:13;         472075;     156454011;           40;                 190809;                                     0,404192;       12916;              62438297;         10329;                49618246;                10093;                       47476456;             3007;                   23418511;                                     0,493266;                       7086;                             24057945;                                     0,506734;                105;                       679503;                                     0,013695;              131;                    1462287;                                     0,029471
       407;       545;         1;BR      ;30/10/2022 18:16:14;         472075;     156454011;           61;                 190870;                                     0,404321;       19242;              62457539;         15291;                49633537;                14786;                       47491242;             5830;                   23424341;                                     0,493235;                       8956;                             24066901;                                     0,506765;                139;                       679642;                                     0,013693;              366;                    1462653;                                     0,029469
       407;       545;         1;BR      ;30/10/2022 18:16:15;         472075;     156454011;          162;                 191032;                                     0,404665;       58044;              62515583;         46927;                49680464;                44516;                       47535758;            28233;                   23452574;                                     0,493367;                      16283;                             24083184;                                     0,506633;                589;                       680231;                                     0,013692;             1822;                    1464475;                                     0,029478
       407;       545;         1;BR      ;30/10/2022 18:16:16;         472075;     156454011;           91;                 191123;                                     0,404857;       29714;              62545297;         24407;                49704871;                22999;                       47558757;            16256;                   23468830;                                     0,493470;                       6743;                             24089927;                                     0,506530;                309;                       680540;                                     0,013692;             1099;                    1465574;                                     0,029486
       407;       545;         1;BR      ;30/10/2022 18:16:17;         472075;     156454011;           27;                 191150;                                     0,404914;        8028;              62553325;          6062;                49710933;                 5758;                       47564515;             3513;                   23472343;                                     0,493484;                       2245;                             24092172;                                     0,506516;                 71;                       680611;                                     0,013691;              233;                    1465807;                                     0,029487
       407;       545;         1;BR      ;30/10/2022 18:16:18;         472075;     156454011;            7;                 191157;                                     0,404929;        2298;              62555623;          1805;                49712738;                 1712;                       47566227;             1057;                   23473400;                                     0,493489;                        655;                             24092827;                                     0,506511;                 36;                       680647;                                     0,013692;               57;                    1465864;                                     0,029487
       407;       545;         1;BR      ;30/10/2022 18:16:19;         472075;     156454011;           24;                 191181;                                     0,404980;        6395;              62562018;          5142;                49717880;                 4924;                       47571151;             3925;                   23477325;                                     0,493520;                        999;                             24093826;                                     0,506480;                 37;                       680684;                                     0,013691;              181;                    1466045;                                     0,029487
       407;       545;         1;BR      ;30/10/2022 18:16:20;         472075;     156454011;           46;                 191227;                                     0,405078;       13947;              62575965;         10671;                49728551;                10102;                       47581253;             7404;                   23484729;                                     0,493571;                       2698;                             24096524;                                     0,506429;                136;                       680820;                                     0,013691;              433;                    1466478;                                     0,029490
       407;       545;         1;BR      ;30/10/2022 18:16:21;         472075;     156454011;           23;                 191250;                                     0,405126;        6779;              62582744;          5083;                49733634;                 4919;                       47586172;             2898;                   23487627;                                     0,493581;                       2021;                             24098545;                                     0,506419;                 40;                       680860;                                     0,013690;              124;                    1466602;                                     0,029489
       407;       545;         1;BR      ;30/10/2022 18:16:22;         472075;     156454011;          170;                 191420;                                     0,405486;       56959;              62639703;         42766;                49776400;                41829;                       47628001;            23672;                   23511299;                                     0,493644;                      18157;                             24116702;                                     0,506356;                346;                       681206;                                     0,013685;              591;                    1467193;                                     0,029476
       407;       545;         1;BR      ;30/10/2022 18:16:23;         472075;     156454011;          164;                 191584;                                     0,405834;       52276;              62691979;         42433;                49818833;                40256;                       47668257;            28088;                   23539387;                                     0,493817;                      12168;                             24128870;                                     0,506183;                495;                       681701;                                     0,013684;             1682;                    1468875;                                     0,029484
       407;       545;         1;BR      ;30/10/2022 18:16:24;         472075;     156454011;           54;                 191638;                                     0,405948;       18468;              62710447;         15527;                49834360;                14558;                       47682815;             9521;                   23548908;                                     0,493866;                       5037;                             24133907;                                     0,506134;                210;                       681911;                                     0,013684;              759;                    1469634;                                     0,029490
       407;       545;         1;BR      ;30/10/2022 18:16:25;         472075;     156454011;           10;                 191648;                                     0,405969;        2694;              62713141;          1901;                49836261;                 1851;                       47684666;              453;                   23549361;                                     0,493856;                       1398;                             24135305;                                     0,506144;                 13;                       681924;                                     0,013683;               37;                    1469671;                                     0,029490
       407;       545;         1;BR      ;30/10/2022 18:16:26;         472075;     156454011;          262;                 191910;                                     0,406524;       85929;              62799070;         68048;                49904309;                65195;                       47749861;            26771;                   23576132;                                     0,493742;                      38424;                             24173729;                                     0,506258;                964;                       682888;                                     0,013684;             1889;                    1471560;                                     0,029488
       407;       545;         1;BR      ;30/10/2022 18:16:27;         472075;     156454011;          131;                 192041;                                     0,406802;       41319;              62840389;         32947;                49937256;                31457;                       47781318;            13648;                   23589780;                                     0,493703;                      17809;                             24191538;                                     0,506297;                550;                       683438;                                     0,013686;              940;                    1472500;                                     0,029487
       407;       545;         1;BR      ;30/10/2022 18:16:28;         472075;     156454011;            7;                 192048;                                     0,406817;        2697;              62843086;          1876;                49939132;                 1784;                       47783102;             1279;                   23591059;                                     0,493711;                        505;                             24192043;                                     0,506289;                 12;                       683450;                                     0,013686;               80;                    1472580;                                     0,029487
       407;       545;         1;BR      ;30/10/2022 18:16:29;         472075;     156454011;            6;                 192054;                                     0,406829;        1652;              62844738;          1301;                49940433;                 1223;                       47784325;              861;                   23591920;                                     0,493717;                        362;                             24192405;                                     0,506283;                 20;                       683470;                                     0,013686;               58;                    1472638;                                     0,029488
       407;       545;         1;BR      ;30/10/2022 18:16:30;         472075;     156454011;            2;                 192056;                                     0,406834;         649;              62845387;           531;                49940964;                  511;                       47784836;              349;                   23592269;                                     0,493719;                        162;                             24192567;                                     0,506281;                  2;                       683472;                                     0,013686;               18;                    1472656;                                     0,029488
       407;       545;         1;BR      ;30/10/2022 18:16:31;         472075;     156454011;          120;                 192176;                                     0,407088;       40736;              62886123;         33677;                49974641;                31680;                       47816516;            19707;                   23611976;                                     0,493804;                      11973;                             24204540;                                     0,506196;                482;                       683954;                                     0,013686;             1515;                    1474171;                                     0,029498
       407;       545;         1;BR      ;30/10/2022 18:16:32;         472075;     156454011;           24;                 192200;                                     0,407139;        8361;              62894484;          6904;                49981545;                 6602;                       47823118;             2780;                   23614756;                                     0,493794;                       3822;                             24208362;                                     0,506206;                 96;                       684050;                                     0,013686;              206;                    1474377;                                     0,029498
       407;       545;         1;BR      ;30/10/2022 18:16:33;         472075;     156454011;           85;                 192285;                                     0,407319;       28241;              62922725;         23616;                50005161;                22874;                       47845992;             6090;                   23620846;                                     0,493685;                      16784;                             24225146;                                     0,506315;                307;                       684357;                                     0,013686;              435;                    1474812;                                     0,029493
       407;       545;         1;BR      ;30/10/2022 18:16:34;         472075;     156454011;            1;                 192286;                                     0,407321;         382;              62923107;           329;                50005490;                  324;                       47846316;               97;                   23620943;                                     0,493684;                        227;                             24225373;                                     0,506316;                  3;                       684360;                                     0,013686;                2;                    1474814;                                     0,029493
       407;       545;         1;BR      ;30/10/2022 18:16:36;         472075;     156454011;           46;                 192332;                                     0,407418;       14704;              62937811;         11864;                50017354;                11448;                       47857764;             5138;                   23626081;                                     0,493673;                       6310;                             24231683;                                     0,506327;                148;                       684508;                                     0,013685;              268;                    1475082;                                     0,029491
       407;       545;         1;BR      ;30/10/2022 18:16:37;         472075;     156454011;          117;                 192449;                                     0,407666;       37979;              62975790;         30294;                50047648;                28643;                       47886407;            12864;                   23638945;                                     0,493646;                      15779;                             24247462;                                     0,506354;                512;                       685020;                                     0,013687;             1139;                    1476221;                                     0,029496
       407;       545;         1;BR      ;30/10/2022 18:16:38;         472075;     156454011;           77;                 192526;                                     0,407829;       21847;              62997637;         16944;                50064592;                16291;                       47902698;             6000;                   23644945;                                     0,493604;                      10291;                             24257753;                                     0,506396;                178;                       685198;                                     0,013686;              475;                    1476696;                                     0,029496
       407;       545;         1;BR      ;30/10/2022 18:17:02;         472075;     156454011;          358;                 192884;                                     0,408588;      114382;              63112019;         94144;                50158736;                90759;                       47993457;            58367;                   23703312;                                     0,493886;                      32392;                             24290145;                                     0,506114;               1106;                       686304;                                     0,013683;             2279;                    1478975;                                     0,029486
       407;       545;         1;BR      ;30/10/2022 18:17:03;         472075;     156454011;          236;                 193120;                                     0,409088;       75625;              63187644;         59316;                50218052;                57054;                       48050511;            28249;                   23731561;                                     0,493888;                      28805;                             24318950;                                     0,506112;                781;                       687085;                                     0,013682;             1481;                    1480456;                                     0,029481
       407;       545;         1;BR      ;30/10/2022 18:17:04;         472075;     156454011;          443;                 193563;                                     0,410026;      160257;              63347901;        125085;                50343137;               119929;                       48170440;            51728;                   23783289;                                     0,493732;                      68201;                             24387151;                                     0,506268;               1605;                       688690;                                     0,013680;             3551;                    1484007;                                     0,029478
       407;       545;         1;BR      ;30/10/2022 18:17:05;         472075;     156454011;          147;                 193710;                                     0,410337;       46872;              63394773;         37100;                50380237;                35667;                       48206107;            20229;                   23803518;                                     0,493786;                      15438;                             24402589;                                     0,506214;                450;                       689140;                                     0,013679;              983;                    1484990;                                     0,029476
       407;       545;         1;BR      ;30/10/2022 18:17:06;         472075;     156454011;           80;                 193790;                                     0,410507;       26569;              63421342;         20949;                50401186;                20339;                       48226446;            12501;                   23816019;                                     0,493837;                       7838;                             24410427;                                     0,506163;                249;                       689389;                                     0,013678;              361;                    1485351;                                     0,029471
       407;       545;         1;BR      ;30/10/2022 18:17:08;         472075;     156454011;           49;                 193839;                                     0,410611;       14922;              63436264;         11212;                50412398;                10844;                       48237290;             6484;                   23822503;                                     0,493861;                       4360;                             24414787;                                     0,506139;                131;                       689520;                                     0,013678;              237;                    1485588;                                     0,029469
       407;       545;         1;BR      ;30/10/2022 18:17:09;         472075;     156454011;          317;                 194156;                                     0,411282;      107996;              63544260;         85003;                50497401;                79579;                       48316869;            40759;                   23863262;                                     0,493891;                      38820;                             24453607;                                     0,506109;               1674;                       691194;                                     0,013688;             3750;                    1489338;                                     0,029493
       407;       545;         1;BR      ;30/10/2022 18:17:10;         472075;     156454011;          325;                 194481;                                     0,411971;      111386;              63655646;         88133;                50585534;                82965;                       48399834;            34482;                   23897744;                                     0,493757;                      48483;                             24502090;                                     0,506243;               1643;                       692837;                                     0,013696;             3525;                    1492863;                                     0,029512
       407;       545;         1;BR      ;30/10/2022 18:17:11;         472075;     156454011;          242;                 194723;                                     0,412483;       80923;              63736569;         63793;                50649327;                60100;                       48459934;            23559;                   23921303;                                     0,493631;                      36541;                             24538631;                                     0,506369;               1176;                       694013;                                     0,013702;             2517;                    1495380;                                     0,029524
       407;       545;         1;BR      ;30/10/2022 18:17:12;         472075;     156454011;          203;                 194926;                                     0,412913;       67647;              63804216;         52802;                50702129;                50104;                       48510038;            19720;                   23941023;                                     0,493527;                      30384;                             24569015;                                     0,506473;                937;                       694950;                                     0,013707;             1761;                    1497141;                                     0,029528
       407;       545;         1;BR      ;30/10/2022 18:17:13;         472075;     156454011;           17;                 194943;                                     0,412949;        5139;              63809355;          4096;                50706225;                 3962;                       48514000;             1512;                   23942535;                                     0,493518;                       2450;                             24571465;                                     0,506482;                 52;                       695002;                                     0,013706;               82;                    1497223;                                     0,029527
       407;       545;         1;BR      ;30/10/2022 18:17:14;         472075;     156454011;           35;                 194978;                                     0,413023;       11939;              63821294;          9632;                50715857;                 9347;                       48523347;             3890;                   23946425;                                     0,493503;                       5457;                             24576922;                                     0,506497;                118;                       695120;                                     0,013706;              167;                    1497390;                                     0,029525
       407;       545;         1;BR      ;30/10/2022 18:17:16;         472075;     156454011;           63;                 195041;                                     0,413157;       20150;              63841444;         16461;                50732318;                15884;                       48539231;            10627;                   23957052;                                     0,493561;                       5257;                             24582179;                                     0,506439;                169;                       695289;                                     0,013705;              408;                    1497798;                                     0,029524
       407;       545;         1;BR      ;30/10/2022 18:17:17;         472075;     156454011;          189;                 195230;                                     0,413557;       58623;              63900067;         47101;                50779419;                45449;                       48584680;            26036;                   23983088;                                     0,493635;                      19413;                             24601592;                                     0,506365;                563;                       695852;                                     0,013703;             1089;                    1498887;                                     0,029518
       407;       545;         1;BR      ;30/10/2022 18:17:18;         472075;     156454011;           78;                 195308;                                     0,413722;       26553;              63926620;         21804;                50801223;                21026;                       48605706;             7488;                   23990576;                                     0,493575;                      13538;                             24615130;                                     0,506425;                317;                       696169;                                     0,013704;              461;                    1499348;                                     0,029514
       407;       545;         1;BR      ;30/10/2022 18:17:19;         472075;     156454011;          136;                 195444;                                     0,414010;       43845;              63970465;         35960;                50837183;                34771;                       48640477;            15484;                   24006060;                                     0,493541;                      19287;                             24634417;                                     0,506459;                466;                       696635;                                     0,013703;              723;                    1500071;                                     0,029507
       407;       545;         1;BR      ;30/10/2022 18:17:20;         472075;     156454011;          133;                 195577;                                     0,414292;       39066;              64009531;         29877;                50867060;                28778;                       48669255;            13772;                   24019832;                                     0,493532;                      15006;                             24649423;                                     0,506468;                274;                       696909;                                     0,013701;              825;                    1500896;                                     0,029506
       407;       545;         1;BR      ;30/10/2022 18:17:21;         472075;     156454011;          250;                 195827;                                     0,414822;       88401;              64097932;         70643;                50937703;                66561;                       48735816;            46110;                   24065942;                                     0,493804;                      20451;                             24669874;                                     0,506196;                956;                       697865;                                     0,013700;             3126;                    1504022;                                     0,029527
       407;       545;         1;BR      ;30/10/2022 18:17:22;         472075;     156454011;           31;                 195858;                                     0,414887;        9596;              64107528;          7705;                50945408;                 7294;                       48743110;             5552;                   24071494;                                     0,493844;                       1742;                             24671616;                                     0,506156;                116;                       697981;                                     0,013701;              295;                    1504317;                                     0,029528
       407;       545;         1;BR      ;30/10/2022 18:17:23;         472075;     156454011;            4;                 195862;                                     0,414896;        1234;              64108762;           951;                50946359;                  903;                       48744013;              739;                   24072233;                                     0,493850;                        164;                             24671780;                                     0,506150;                 13;                       697994;                                     0,013701;               35;                    1504352;                                     0,029528
       407;       545;         1;BR      ;30/10/2022 18:17:24;         472075;     156454011;           48;                 195910;                                     0,414998;       15534;              64124296;         11219;                50957578;                10665;                       48754678;             7661;                   24079894;                                     0,493899;                       3004;                             24674784;                                     0,506101;                138;                       698132;                                     0,013700;              416;                    1504768;                                     0,029530
       407;       545;         1;BR      ;30/10/2022 18:17:25;         472075;     156454011;           25;                 195935;                                     0,415051;        8364;              64132660;          6555;                50964133;                 6171;                       48760849;             4567;                   24084461;                                     0,493930;                       1604;                             24676388;                                     0,506070;                115;                       698247;                                     0,013701;              269;                    1505037;                                     0,029531
       407;       545;         1;BR      ;30/10/2022 18:17:26;         472075;     156454011;          110;                 196045;                                     0,415284;       36072;              64168732;         27819;                50991952;                27189;                       48788038;            15478;                   24099939;                                     0,493972;                      11711;                             24688099;                                     0,506028;                246;                       698493;                                     0,013698;              384;                    1505421;                                     0,029523
       407;       545;         1;BR      ;30/10/2022 18:17:27;         472075;     156454011;          112;                 196157;                                     0,415521;       36989;              64205721;         28825;                51020777;                27826;                       48815864;            16355;                   24116294;                                     0,494026;                      11471;                             24699570;                                     0,505974;                308;                       698801;                                     0,013696;              691;                    1506112;                                     0,029520
       407;       545;         1;BR      ;30/10/2022 18:17:28;         472075;     156454011;           95;                 196252;                                     0,415722;       31364;              64237085;         26081;                51046858;                24521;                       48840385;            17340;                   24133634;                                     0,494133;                       7181;                             24706751;                                     0,505867;                329;                       699130;                                     0,013696;             1231;                    1507343;                                     0,029529
       407;       545;         1;BR      ;30/10/2022 18:17:29;         472075;     156454011;            1;                 196253;                                     0,415724;         243;              64237328;           183;                51047041;                  177;                       48840562;              109;                   24133743;                                     0,494133;                         68;                             24706819;                                     0,505867;                  1;                       699131;                                     0,013696;                5;                    1507348;                                     0,029529
       407;       545;         1;BR      ;30/10/2022 18:17:30;         472075;     156454011;          200;                 196453;                                     0,416148;       66600;              64303928;         53065;                51100106;                50682;                       48891244;            23042;                   24156785;                                     0,494092;                      27640;                             24734459;                                     0,505908;                850;                       699981;                                     0,013698;             1533;                    1508881;                                     0,029528
       407;       545;         1;BR      ;30/10/2022 18:17:31;         472075;     156454011;           62;                 196515;                                     0,416279;       19001;              64322929;         15473;                51115579;                14806;                       48906050;             6065;                   24162850;                                     0,494067;                       8741;                             24743200;                                     0,505933;                269;                       700250;                                     0,013699;              398;                    1509279;                                     0,029527
       407;       545;         1;BR      ;30/10/2022 18:17:32;         472075;     156454011;           28;                 196543;                                     0,416339;        8045;              64330974;          5844;                51121423;                 5621;                       48911671;             3134;                   24165984;                                     0,494074;                       2487;                             24745687;                                     0,505926;                 52;                       700302;                                     0,013699;              171;                    1509450;                                     0,029527
       407;       545;         1;BR      ;30/10/2022 18:17:33;         472075;     156454011;           47;                 196590;                                     0,416438;       14607;              64345581;         11036;                51132459;                10598;                       48922269;             4930;                   24170914;                                     0,494068;                       5668;                             24751355;                                     0,505932;                 96;                       700398;                                     0,013698;              342;                    1509792;                                     0,029527
       407;       545;         1;BR      ;30/10/2022 18:17:34;         472075;     156454011;           69;                 196659;                                     0,416584;       22155;              64367736;         18439;                51150898;                17497;                       48939766;             7437;                   24178351;                                     0,494043;                      10060;                             24761415;                                     0,505957;                228;                       700626;                                     0,013697;              714;                    1510506;                                     0,029530
       407;       545;         1;BR      ;30/10/2022 18:17:35;         472075;     156454011;           95;                 196754;                                     0,416785;       28127;              64395863;         23524;                51174422;                22033;                       48961799;            13590;                   24191941;                                     0,494098;                       8443;                             24769858;                                     0,505902;                338;                       700964;                                     0,013698;             1153;                    1511659;                                     0,029539
       407;       545;         1;BR      ;30/10/2022 18:17:36;         472075;     156454011;           54;                 196808;                                     0,416900;       19225;              64415088;         15849;                51190271;                14993;                       48976792;             8059;                   24200000;                                     0,494112;                       6934;                             24776792;                                     0,505888;                241;                       701205;                                     0,013698;              615;                    1512274;                                     0,029542
       407;       545;         1;BR      ;30/10/2022 18:17:37;         472075;     156454011;            6;                 196814;                                     0,416913;        2258;              64417346;          1856;                51192127;                 1793;                       48978585;              542;                   24200542;                                     0,494105;                       1251;                             24778043;                                     0,505895;                 21;                       701226;                                     0,013698;               42;                    1512316;                                     0,029542
       407;       545;         1;BR      ;30/10/2022 18:17:38;         472075;     156454011;           52;                 196866;                                     0,417023;       18308;              64435654;         15006;                51207133;                14351;                       48992936;             5579;                   24206121;                                     0,494074;                       8772;                             24786815;                                     0,505926;                188;                       701414;                                     0,013698;              467;                    1512783;                                     0,029542
       407;       545;         1;BR      ;30/10/2022 18:17:39;         472075;     156454011;           82;                 196948;                                     0,417196;       27346;              64463000;         22724;                51229857;                22005;                       49014941;             5878;                   24211999;                                     0,493972;                      16127;                             24802942;                                     0,506028;                291;                       701705;                                     0,013697;              428;                    1513211;                                     0,029538
       407;       545;         1;BR      ;30/10/2022 18:17:42;         472075;     156454011;            4;                 196952;                                     0,417205;        1359;              64464359;          1143;                51231000;                 1110;                       49016051;              393;                   24212392;                                     0,493969;                        717;                             24803659;                                     0,506031;                 11;                       701716;                                     0,013697;               22;                    1513233;                                     0,029537
       407;       545;         1;BR      ;30/10/2022 18:17:45;         472075;     156454011;           37;                 196989;                                     0,417283;       11510;              64475869;          9399;                51240399;                 8966;                       49025017;             3718;                   24216110;                                     0,493954;                       5248;                             24808907;                                     0,506046;                133;                       701849;                                     0,013697;              300;                    1513533;                                     0,029538
       407;       545;         1;BR      ;30/10/2022 18:17:46;         472075;     156454011;           62;                 197051;                                     0,417415;       21618;              64497487;         16942;                51257341;                16008;                       49041025;             6852;                   24222962;                                     0,493933;                       9156;                             24818063;                                     0,506067;                328;                       702177;                                     0,013699;              606;                    1514139;                                     0,029540
       407;       545;         1;BR      ;30/10/2022 18:17:47;         472075;     156454011;           43;                 197094;                                     0,417506;       13404;              64510891;         10065;                51267406;                 9553;                       49050578;             4529;                   24227491;                                     0,493929;                       5024;                             24823087;                                     0,506071;                121;                       702298;                                     0,013699;              391;                    1514530;                                     0,029542
       407;       545;         1;BR      ;30/10/2022 18:18:08;         472075;     156454011;          185;                 197279;                                     0,417898;       56839;              64567730;         45038;                51312444;                43411;                       49093989;            24258;                   24251749;                                     0,493986;                      19153;                             24842240;                                     0,506014;                587;                       702885;                                     0,013698;             1040;                    1515570;                                     0,029536
       407;       545;         1;BR      ;30/10/2022 18:18:09;         472075;     156454011;          410;                 197689;                                     0,418766;      136884;              64704614;        108187;                51420631;               104006;                       49197995;            47867;                   24299616;                                     0,493915;                      56139;                             24898379;                                     0,506085;               1362;                       704247;                                     0,013696;             2819;                    1518389;                                     0,029529
       407;       545;         1;BR      ;30/10/2022 18:18:10;         472075;     156454011;          417;                 198106;                                     0,419649;      138756;              64843370;        111662;                51532293;               107141;                       49305136;            56819;                   24356435;                                     0,493994;                      50322;                             24948701;                                     0,506006;               1490;                       705737;                                     0,013695;             3031;                    1521420;                                     0,029524
       407;       545;         1;BR      ;30/10/2022 18:18:11;         472075;     156454011;          168;                 198274;                                     0,420005;       55571;              64898941;         44190;                51576483;                42986;                       49348122;            26488;                   24382923;                                     0,494100;                      16498;                             24965199;                                     0,505900;                495;                       706232;                                     0,013693;              709;                    1522129;                                     0,029512
       407;       545;         1;BR      ;30/10/2022 18:18:12;         472075;     156454011;           50;                 198324;                                     0,420111;       16292;              64915233;         12088;                51588571;                11801;                       49359923;             5271;                   24388194;                                     0,494089;                       6530;                             24971729;                                     0,505911;                123;                       706355;                                     0,013692;              164;                    1522293;                                     0,029508
       407;       545;         1;BR      ;30/10/2022 18:18:13;         472075;     156454011;           47;                 198371;                                     0,420211;       14946;              64930179;         11431;                51600002;                11096;                       49371019;             4778;                   24392972;                                     0,494075;                       6318;                             24978047;                                     0,505925;                117;                       706472;                                     0,013691;              218;                    1522511;                                     0,029506
       407;       545;         1;BR      ;30/10/2022 18:18:14;         472075;     156454011;           78;                 198449;                                     0,420376;       25356;              64955535;         19439;                51619441;                18569;                       49389588;             8907;                   24401879;                                     0,494069;                       9662;                             24987709;                                     0,505931;                298;                       706770;                                     0,013692;              572;                    1523083;                                     0,029506
       407;       545;         1;BR      ;30/10/2022 18:18:15;         472075;     156454011;          396;                 198845;                                     0,421215;      133379;              65088914;        104862;                51724303;                98459;                       49488047;            48551;                   24450430;                                     0,494067;                      49908;                             25037617;                                     0,505933;               1982;                       708752;                                     0,013702;             4421;                    1527504;                                     0,029532
       407;       545;         1;BR      ;30/10/2022 18:18:16;         472075;     156454011;          319;                 199164;                                     0,421891;      109284;              65198198;         86692;                51810995;                81844;                       49569891;            36495;                   24486925;                                     0,493988;                      45349;                             25082966;                                     0,506012;               1518;                       710270;                                     0,013709;             3330;                    1530834;                                     0,029547
       407;       545;         1;BR      ;30/10/2022 18:18:17;         472075;     156454011;          158;                 199322;                                     0,422225;       49983;              65248181;         38742;                51849737;                36713;                       49606604;            14110;                   24501035;                                     0,493907;                      22603;                             25105569;                                     0,506093;                635;                       710905;                                     0,013711;             1394;                    1532228;                                     0,029551
       407;       545;         1;BR      ;30/10/2022 18:18:18;         472075;     156454011;          175;                 199497;                                     0,422596;       58510;              65306691;         45478;                51895215;                43208;                       49649812;            16527;                   24517562;                                     0,493810;                      26681;                             25132250;                                     0,506190;                773;                       711678;                                     0,013714;             1497;                    1533725;                                     0,029554
       407;       545;         1;BR      ;30/10/2022 18:18:19;         472075;     156454011;           98;                 199595;                                     0,422804;       32895;              65339586;         26375;                51921590;                24835;                       49674647;             9441;                   24527003;                                     0,493753;                      15394;                             25147644;                                     0,506247;                461;                       712139;                                     0,013716;             1079;                    1534804;                                     0,029560
       407;       545;         1;BR      ;30/10/2022 18:18:20;         472075;     156454011;           18;                 199613;                                     0,422842;        5055;              65344641;          3575;                51925165;                 3413;                       49678060;             1432;                   24528435;                                     0,493748;                       1981;                             25149625;                                     0,506252;                 55;                       712194;                                     0,013716;              107;                    1534911;                                     0,029560
       407;       545;         1;BR      ;30/10/2022 18:18:21;         472075;     156454011;            9;                 199622;                                     0,422861;        3244;              65347885;          2508;                51927673;                 2368;                       49680428;              598;                   24529033;                                     0,493736;                       1770;                             25151395;                                     0,506264;                 50;                       712244;                                     0,013716;               90;                    1535001;                                     0,029560
       407;       545;         1;BR      ;30/10/2022 18:18:22;         472075;     156454011;          102;                 199724;                                     0,423077;       32724;              65380609;         26613;                51954286;                25682;                       49706110;            16827;                   24545860;                                     0,493820;                       8855;                             25160250;                                     0,506180;                292;                       712536;                                     0,013715;              639;                    1535640;                                     0,029558
       407;       545;         1;BR      ;30/10/2022 18:18:23;         472075;     156454011;          165;                 199889;                                     0,423426;       55203;              65435812;         44535;                51998821;                43036;                       49749146;            21836;                   24567696;                                     0,493832;                      21200;                             25181450;                                     0,506168;                563;                       713099;                                     0,013714;              936;                    1536576;                                     0,029550
       407;       545;         1;BR      ;30/10/2022 18:18:24;         472075;     156454011;           67;                 199956;                                     0,423568;       22331;              65458143;         18353;                52017174;                17726;                       49766872;             7604;                   24575300;                                     0,493808;                      10122;                             25191572;                                     0,506192;                241;                       713340;                                     0,013714;              386;                    1536962;                                     0,029547
       407;       545;         1;BR      ;30/10/2022 18:18:25;         472075;     156454011;           81;                 200037;                                     0,423740;       25623;              65483766;         20171;                52037345;                19583;                       49786455;             7470;                   24582770;                                     0,493764;                      12113;                             25203685;                                     0,506236;                234;                       713574;                                     0,013713;              354;                    1537316;                                     0,029543
       407;       545;         1;BR      ;30/10/2022 18:18:26;         472075;     156454011;          103;                 200140;                                     0,423958;       31527;              65515293;         24607;                52061952;                23343;                       49809798;            16540;                   24599310;                                     0,493865;                       6803;                             25210488;                                     0,506135;                317;                       713891;                                     0,013712;              947;                    1538263;                                     0,029547
       407;       545;         1;BR      ;30/10/2022 18:18:27;         472075;     156454011;          112;                 200252;                                     0,424195;       38921;              65554214;         31004;                52092956;                29336;                       49839134;            16951;                   24616261;                                     0,493914;                      12385;                             25222873;                                     0,506086;                440;                       714331;                                     0,013713;             1228;                    1539491;                                     0,029553
       407;       545;         1;BR      ;30/10/2022 18:18:28;         472075;     156454011;           33;                 200285;                                     0,424265;       10362;              65564576;          8284;                52101240;                 7924;                       49847058;             5020;                   24621281;                                     0,493936;                       2904;                             25225777;                                     0,506064;                113;                       714444;                                     0,013713;              247;                    1539738;                                     0,029553
       407;       545;         1;BR      ;30/10/2022 18:18:29;         472075;     156454011;           65;                 200350;                                     0,424403;       21634;              65586210;         16161;                52117401;                15332;                       49862390;             9734;                   24631015;                                     0,493980;                       5598;                             25231375;                                     0,506020;                212;                       714656;                                     0,013712;              617;                    1540355;                                     0,029555
       407;       545;         1;BR      ;30/10/2022 18:18:30;         472075;     156454011;           45;                 200395;                                     0,424498;       13195;              65599405;          9971;                52127372;                 9548;                       49871938;             6553;                   24637568;                                     0,494017;                       2995;                             25234370;                                     0,505983;                 90;                       714746;                                     0,013712;              333;                    1540688;                                     0,029556
       407;       545;         1;BR      ;30/10/2022 18:18:31;         472075;     156454011;           13;                 200408;                                     0,424526;        3883;              65603288;          2850;                52130222;                 2654;                       49874592;             2141;                   24639709;                                     0,494033;                        513;                             25234883;                                     0,505967;                 45;                       714791;                                     0,013712;              151;                    1540839;                                     0,029557
       407;       545;         1;BR      ;30/10/2022 18:18:32;         472075;     156454011;           94;                 200502;                                     0,424725;       31122;              65634410;         24050;                52154272;                23369;                       49897961;            14718;                   24654427;                                     0,494097;                       8651;                             25243534;                                     0,505903;                208;                       714999;                                     0,013709;              473;                    1541312;                                     0,029553
       407;       545;         1;BR      ;30/10/2022 18:18:33;         472075;     156454011;          102;                 200604;                                     0,424941;       34834;              65669244;         26841;                52181113;                25726;                       49923687;            14822;                   24669249;                                     0,494139;                      10904;                             25254438;                                     0,505861;                303;                       715302;                                     0,013708;              812;                    1542124;                                     0,029553
       407;       545;         1;BR      ;30/10/2022 18:18:34;         472075;     156454011;           74;                 200678;                                     0,425098;       24848;              65694092;         19754;                52200867;                18555;                       49942242;            13939;                   24683188;                                     0,494235;                       4616;                             25259054;                                     0,505765;                237;                       715539;                                     0,013707;              962;                    1543086;                                     0,029561
       407;       545;         1;BR      ;30/10/2022 18:18:35;         472075;     156454011;           99;                 200777;                                     0,425307;       32453;              65726545;         27020;                52227887;                25339;                       49967581;            17125;                   24700313;                                     0,494327;                       8214;                             25267268;                                     0,505673;                401;                       715940;                                     0,013708;             1280;                    1544366;                                     0,029570
       407;       545;         1;BR      ;30/10/2022 18:18:36;         472075;     156454011;           37;                 200814;                                     0,425386;       11093;              65737638;          8269;                52236156;                 7863;                       49975444;             5436;                   24705749;                                     0,494358;                       2427;                             25269695;                                     0,505642;                 90;                       716030;                                     0,013708;              316;                    1544682;                                     0,029571
       407;       545;         1;BR      ;30/10/2022 18:18:37;         472075;     156454011;           92;                 200906;                                     0,425581;       28689;              65766327;         22891;                52259047;                21929;                       49997373;             9272;                   24715021;                                     0,494326;                      12657;                             25282352;                                     0,505674;                372;                       716402;                                     0,013709;              590;                    1545272;                                     0,029569
       407;       545;         1;BR      ;30/10/2022 18:18:38;         472075;     156454011;           60;                 200966;                                     0,425708;       19348;              65785675;         15920;                52274967;                15077;                       50012450;             6581;                   24721602;                                     0,494309;                       8496;                             25290848;                                     0,505691;                313;                       716715;                                     0,013710;              530;                    1545802;                                     0,029571
       407;       545;         1;BR      ;30/10/2022 18:18:39;         472075;     156454011;           22;                 200988;                                     0,425754;        7862;              65793537;          5938;                52280905;                 5641;                       50018091;             2952;                   24724554;                                     0,494312;                       2689;                             25293537;                                     0,505688;                 97;                       716812;                                     0,013711;              200;                    1546002;                                     0,029571
       407;       545;         1;BR      ;30/10/2022 18:18:40;         472075;     156454011;           38;                 201026;                                     0,425835;       12584;              65806121;         10180;                52291085;                 9681;                       50027772;             4194;                   24728748;                                     0,494300;                       5487;                             25299024;                                     0,505700;                138;                       716950;                                     0,013711;              361;                    1546363;                                     0,029572
       407;       545;         1;BR      ;30/10/2022 18:18:41;         472075;     156454011;           40;                 201066;                                     0,425920;       12255;              65818376;          9421;                52300506;                 9008;                       50036780;             6011;                   24734759;                                     0,494332;                       2997;                             25302021;                                     0,505668;                 93;                       717043;                                     0,013710;              320;                    1546683;                                     0,029573
       407;       545;         1;BR      ;30/10/2022 18:18:42;         472075;     156454011;          129;                 201195;                                     0,426193;       42473;              65860849;         35668;                52336174;                33331;                       50070111;            19721;                   24754480;                                     0,494396;                      13610;                             25315631;                                     0,505604;                478;                       717521;                                     0,013710;             1859;                    1548542;                                     0,029588
       407;       545;         1;BR      ;30/10/2022 18:18:43;         472075;     156454011;           77;                 201272;                                     0,426356;       25133;              65885982;         20333;                52356507;                19356;                       50089467;             9429;                   24763909;                                     0,494394;                       9927;                             25325558;                                     0,505606;                281;                       717802;                                     0,013710;              696;                    1549238;                                     0,029590
       407;       545;         1;BR      ;30/10/2022 18:18:44;         472075;     156454011;           77;                 201349;                                     0,426519;       27348;              65913330;         22850;                52379357;                22129;                       50111596;             5929;                   24769838;                                     0,494294;                      16200;                             25341758;                                     0,505706;                278;                       718080;                                     0,013709;              443;                    1549681;                                     0,029586
       407;       545;         1;BR      ;30/10/2022 18:18:45;         472075;     156454011;           21;                 201370;                                     0,426564;        6803;              65920133;          5669;                52385026;                 5489;                       50117085;             1376;                   24771214;                                     0,494267;                       4113;                             25345871;                                     0,505733;                 83;                       718163;                                     0,013709;               97;                    1549778;                                     0,029584
       407;       545;         1;BR      ;30/10/2022 18:18:46;         472075;     156454011;            5;                 201375;                                     0,426574;        1982;              65922115;          1642;                52386668;                 1611;                       50118696;              513;                   24771727;                                     0,494261;                       1098;                             25346969;                                     0,505739;                 14;                       718177;                                     0,013709;               17;                    1549795;                                     0,029584
       407;       545;         1;BR      ;30/10/2022 18:18:47;         472075;     156454011;            2;                 201377;                                     0,426578;         663;              65922778;           569;                52387237;                  558;                       50119254;              164;                   24771891;                                     0,494259;                        394;                             25347363;                                     0,505741;                  7;                       718184;                                     0,013709;                4;                    1549799;                                     0,029584
       407;       545;         1;BR      ;30/10/2022 18:18:48;         472075;     156454011;           19;                 201396;                                     0,426619;        6638;              65929416;          5449;                52392686;                 5310;                       50124564;             1538;                   24773429;                                     0,494237;                       3772;                             25351135;                                     0,505763;                 66;                       718250;                                     0,013709;               73;                    1549872;                                     0,029582
       407;       545;         1;BR      ;30/10/2022 18:18:49;         472075;     156454011;           64;                 201460;                                     0,426754;       20390;              65949806;         16456;                52409142;                15522;                       50140086;             7528;                   24780957;                                     0,494234;                       7994;                             25359129;                                     0,505766;                276;                       718526;                                     0,013710;              658;                    1550530;                                     0,029585
       407;       545;         1;BR      ;30/10/2022 18:18:50;         472075;     156454011;           62;                 201522;                                     0,426886;       19002;              65968808;         14385;                52423527;                13687;                       50153773;             5716;                   24786673;                                     0,494214;                       7971;                             25367100;                                     0,505786;                215;                       718741;                                     0,013710;              483;                    1551013;                                     0,029586
       407;       545;         1;BR      ;30/10/2022 18:18:51;         472075;     156454011;           23;                 201545;                                     0,426934;        6553;              65975361;          4843;                52428370;                 4501;                       50158274;             2552;                   24789225;                                     0,494220;                       1949;                             25369049;                                     0,505780;                 51;                       718792;                                     0,013710;              291;                    1551304;                                     0,029589
       407;       545;         1;BR      ;30/10/2022 18:19:12;         472075;     156454011;           65;                 201610;                                     0,427072;       22829;              65998190;         17652;                52446022;                16639;                       50174913;             9422;                   24798647;                                     0,494244;                       7217;                             25376266;                                     0,505756;                223;                       719015;                                     0,013710;              790;                    1552094;                                     0,029594
       407;       545;         1;BR      ;30/10/2022 18:19:13;         472075;     156454011;          194;                 201804;                                     0,427483;       63048;              66061238;         49240;                52495262;                46717;                       50221630;            28428;                   24827075;                                     0,494350;                      18289;                             25394555;                                     0,505650;                661;                       719676;                                     0,013709;             1862;                    1553956;                                     0,029602
       407;       545;         1;BR      ;30/10/2022 18:19:14;         472075;     156454011;          254;                 202058;                                     0,428021;       81142;              66142380;         63635;                52558897;                61130;                       50282760;            29207;                   24856282;                                     0,494330;                      31923;                             25426478;                                     0,505670;                825;                       720501;                                     0,013708;             1680;                    1555636;                                     0,029598
       407;       545;         1;BR      ;30/10/2022 18:19:15;         472075;     156454011;          296;                 202354;                                     0,428648;      105067;              66247447;         82055;                52640952;                78674;                       50361434;            33239;                   24889521;                                     0,494218;                      45435;                             25471913;                                     0,505782;               1035;                       721536;                                     0,013707;             2346;                    1557982;                                     0,029596
       407;       545;         1;BR      ;30/10/2022 18:19:16;         472075;     156454011;          225;                 202579;                                     0,429125;       70810;              66318257;         57725;                52698677;                55812;                       50417246;            35447;                   24924968;                                     0,494374;                      20365;                             25492278;                                     0,505626;                662;                       722198;                                     0,013704;             1251;                    1559233;                                     0,029588
       407;       545;         1;BR      ;30/10/2022 18:19:17;         472075;     156454011;          115;                 202694;                                     0,429368;       36598;              66354855;         28337;                52727014;                27481;                       50444727;            16217;                   24941185;                                     0,494426;                      11264;                             25503542;                                     0,505574;                356;                       722554;                                     0,013704;              500;                    1559733;                                     0,029581
       407;       545;         1;BR      ;30/10/2022 18:19:18;         472075;     156454011;           84;                 202778;                                     0,429546;       27346;              66382201;         21450;                52748464;                20754;                       50465481;             8092;                   24949277;                                     0,494383;                      12662;                             25516204;                                     0,505617;                223;                       722777;                                     0,013702;              473;                    1560206;                                     0,029578
       407;       545;         1;BR      ;30/10/2022 18:19:19;         472075;     156454011;          256;                 203034;                                     0,430088;       91881;              66474082;         73092;                52821556;                68521;                       50534002;            35493;                   24984770;                                     0,494415;                      33028;                             25549232;                                     0,505585;               1398;                       724175;                                     0,013710;             3173;                    1563379;                                     0,029597
       407;       545;         1;BR      ;30/10/2022 18:19:20;         472075;     156454011;          152;                 203186;                                     0,430410;       48960;              66523042;         39257;                52860813;                37451;                       50571453;            18053;                   25002823;                                     0,494406;                      19398;                             25568630;                                     0,505594;                552;                       724727;                                     0,013710;             1254;                    1564633;                                     0,029599
       407;       545;         1;BR      ;30/10/2022 18:19:21;         472075;     156454011;          221;                 203407;                                     0,430879;       71857;              66594899;         56231;                52917044;                53172;                       50624625;            22588;                   25025411;                                     0,494333;                      30584;                             25599214;                                     0,505667;               1103;                       725830;                                     0,013716;             1956;                    1566589;                                     0,029605
       407;       545;         1;BR      ;30/10/2022 18:19:22;         472075;     156454011;          143;                 203550;                                     0,431181;       47744;              66642643;         37170;                52954214;                35210;                       50659835;            12933;                   25038344;                                     0,494244;                      22277;                             25621491;                                     0,505756;                609;                       726439;                                     0,013718;             1351;                    1567940;                                     0,029609
       407;       545;         1;BR      ;30/10/2022 18:19:23;         472075;     156454011;           42;                 203592;                                     0,431270;       14035;              66656678;         10818;                52965032;                10237;                       50670072;             3913;                   25042257;                                     0,494222;                       6324;                             25627815;                                     0,505778;                216;                       726655;                                     0,013720;              365;                    1568305;                                     0,029610
       407;       545;         1;BR      ;30/10/2022 18:19:25;         472075;     156454011;           16;                 203608;                                     0,431304;        4787;              66661465;          3603;                52968635;                 3361;                       50673433;             1423;                   25043680;                                     0,494217;                       1938;                             25629753;                                     0,505783;                 79;                       726734;                                     0,013720;              163;                    1568468;                                     0,029611
       407;       545;         1;BR      ;30/10/2022 18:19:26;         472075;     156454011;           60;                 203668;                                     0,431431;       18987;              66680452;         15759;                52984394;                15258;                       50688691;             9066;                   25052746;                                     0,494247;                       6192;                             25635945;                                     0,505753;                142;                       726876;                                     0,013719;              359;                    1568827;                                     0,029609
       407;       545;         1;BR      ;30/10/2022 18:19:27;         472075;     156454011;          204;                 203872;                                     0,431864;       64544;              66744996;         53000;                53037394;                51105;                       50739796;            24948;                   25077694;                                     0,494241;                      26157;                             25662102;                                     0,505759;                685;                       727561;                                     0,013718;             1210;                    1570037;                                     0,029602
       407;       545;         1;BR      ;30/10/2022 18:19:28;         472075;     156454011;          213;                 204085;                                     0,432315;       71154;              66816150;         56423;                53093817;                54706;                       50794502;            20528;                   25098222;                                     0,494113;                      34178;                             25696280;                                     0,505887;                695;                       728256;                                     0,013716;             1022;                    1571059;                                     0,029590
       407;       545;         1;BR      ;30/10/2022 18:19:29;         472075;     156454011;          238;                 204323;                                     0,432819;       84125;              66900275;         68330;                53162147;                64866;                       50859368;            40996;                   25139218;                                     0,494289;                      23870;                             25720150;                                     0,505711;                900;                       729156;                                     0,013716;             2564;                    1573623;                                     0,029600
       407;       545;         1;BR      ;30/10/2022 18:19:30;         472075;     156454011;           56;                 204379;                                     0,432938;       17308;              66917583;         14392;                53176539;                13566;                       50872934;             9437;                   25148655;                                     0,494343;                       4129;                             25724279;                                     0,505657;                187;                       729343;                                     0,013716;              639;                    1574262;                                     0,029604
       407;       545;         1;BR      ;30/10/2022 18:19:32;         472075;     156454011;            6;                 204385;                                     0,432950;        2002;              66919585;          1590;                53178129;                 1507;                       50874441;             1145;                   25149800;                                     0,494350;                        362;                             25724641;                                     0,505650;                 24;                       729367;                                     0,013716;               59;                    1574321;                                     0,029605
       407;       545;         1;BR      ;30/10/2022 18:19:33;         472075;     156454011;           51;                 204436;                                     0,433058;       16880;              66936465;         13463;                53191592;                12815;                       50887256;             9959;                   25159759;                                     0,494422;                       2856;                             25727497;                                     0,505578;                135;                       729502;                                     0,013715;              513;                    1574834;                                     0,029607
       407;       545;         1;BR      ;30/10/2022 18:19:35;         472075;     156454011;            9;                 204445;                                     0,433077;        2437;              66938902;          1781;                53193373;                 1694;                       50888950;             1169;                   25160928;                                     0,494428;                        525;                             25728022;                                     0,505572;                 22;                       729524;                                     0,013715;               65;                    1574899;                                     0,029607
       407;       545;         1;BR      ;30/10/2022 18:19:36;         472075;     156454011;           88;                 204533;                                     0,433264;       29329;              66968231;         22882;                53216255;                22404;                       50911354;            13762;                   25174690;                                     0,494481;                       8642;                             25736664;                                     0,505519;                187;                       729711;                                     0,013712;              291;                    1575190;                                     0,029600
       407;       545;         1;BR      ;30/10/2022 18:19:37;         472075;     156454011;          169;                 204702;                                     0,433622;       58857;              67027088;         45010;                53261265;                43499;                       50954853;            23316;                   25198006;                                     0,494516;                      20183;                             25756847;                                     0,505484;                442;                       730153;                                     0,013709;             1069;                    1576259;                                     0,029595
       407;       545;         1;BR      ;30/10/2022 18:19:38;         472075;     156454011;          169;                 204871;                                     0,433980;       57434;              67084522;         45547;                53306812;                42658;                       50997511;            29492;                   25227498;                                     0,494681;                      13166;                             25770013;                                     0,505319;                555;                       730708;                                     0,013708;             2334;                    1578593;                                     0,029613
       407;       545;         1;BR      ;30/10/2022 18:19:39;         472075;     156454011;            4;                 204875;                                     0,433988;        1484;              67086006;          1144;                53307956;                 1063;                       50998574;              865;                   25228363;                                     0,494688;                        198;                             25770211;                                     0,505312;                 18;                       730726;                                     0,013708;               63;                    1578656;                                     0,029614
       407;       545;         1;BR      ;30/10/2022 18:19:40;         472075;     156454011;          239;                 205114;                                     0,434495;       77143;              67163149;         60527;                53368483;                57759;                       51056333;            27386;                   25255749;                                     0,494664;                      30373;                             25800584;                                     0,505336;               1058;                       731784;                                     0,013712;             1710;                    1580366;                                     0,029612
       407;       545;         1;BR      ;30/10/2022 18:19:41;         472075;     156454011;           37;                 205151;                                     0,434573;       12736;              67175885;          9883;                53378366;                 9416;                       51065749;             3683;                   25259432;                                     0,494645;                       5733;                             25806317;                                     0,505355;                176;                       731960;                                     0,013713;              291;                    1580657;                                     0,029612
       407;       545;         1;BR      ;30/10/2022 18:19:42;         472075;     156454011;           80;                 205231;                                     0,434742;       26238;              67202123;         21691;                53400057;                20368;                       51086117;            12779;                   25272211;                                     0,494698;                       7589;                             25813906;                                     0,505302;                264;                       732224;                                     0,013712;             1059;                    1581716;                                     0,029620
       407;       545;         1;BR      ;30/10/2022 18:19:43;         472075;     156454011;           38;                 205269;                                     0,434823;       10793;              67212916;          8537;                53408594;                 8183;                       51094300;             3189;                   25275400;                                     0,494681;                       4994;                             25818900;                                     0,505319;                 92;                       732316;                                     0,013712;              262;                    1581978;                                     0,029620
       407;       545;         1;BR      ;30/10/2022 18:19:44;         472075;     156454011;           65;                 205334;                                     0,434961;       21000;              67233916;         17103;                53425697;                16310;                       51110610;            10982;                   25286382;                                     0,494738;                       5328;                             25824228;                                     0,505262;                213;                       732529;                                     0,013711;              580;                    1582558;                                     0,029622
       407;       545;         1;BR      ;30/10/2022 18:19:45;         472075;     156454011;          106;                 205440;                                     0,435185;       37169;              67271085;         30987;                53456684;                29958;                       51140568;             8780;                   25295162;                                     0,494620;                      21178;                             25845406;                                     0,505380;                392;                       732921;                                     0,013711;              637;                    1583195;                                     0,029616
       407;       545;         1;BR      ;30/10/2022 18:19:46;         472075;     156454011;           25;                 205465;                                     0,435238;        8274;              67279359;          6725;                53463409;                 6502;                       51147070;             2044;                   25297206;                                     0,494597;                       4458;                             25849864;                                     0,505403;                 96;                       733017;                                     0,013711;              127;                    1583322;                                     0,029615
       407;       545;         1;BR      ;30/10/2022 18:19:47;         472075;     156454011;            3;                 205468;                                     0,435244;         776;              67280135;           544;                53463953;                  524;                       51147594;              315;                   25297521;                                     0,494598;                        209;                             25850073;                                     0,505402;                  2;                       733019;                                     0,013711;               18;                    1583340;                                     0,029615
       407;       545;         1;BR      ;30/10/2022 18:19:48;         472075;     156454011;           78;                 205546;                                     0,435410;       23541;              67303676;         18274;                53482227;                17330;                       51164924;             7426;                   25304947;                                     0,494576;                       9904;                             25859977;                                     0,505424;                301;                       733320;                                     0,013711;              643;                    1583983;                                     0,029617
       407;       545;         1;BR      ;30/10/2022 18:19:49;         472075;     156454011;           20;                 205566;                                     0,435452;        5629;              67309305;          4271;                53486498;                 4036;                       51168960;             2127;                   25307074;                                     0,494579;                       1909;                             25861886;                                     0,505421;                 52;                       733372;                                     0,013711;              183;                    1584166;                                     0,029618
       407;       545;         1;BR      ;30/10/2022 18:20:18;         472075;     156454011;          273;                 205839;                                     0,436030;       85133;              67394438;         69314;                53555812;                66456;                       51235416;            43893;                   25350967;                                     0,494794;                      22563;                             25884449;                                     0,505206;                860;                       734232;                                     0,013710;             1998;                    1586164;                                     0,029617
       407;       545;         1;BR      ;30/10/2022 18:20:19;         472075;     156454011;          195;                 206034;                                     0,436443;       61058;              67455496;         47695;                53603507;                45681;                       51281097;            22791;                   25373758;                                     0,494797;                      22890;                             25907339;                                     0,505203;                695;                       734927;                                     0,013710;             1319;                    1587483;                                     0,029615
       407;       545;         1;BR      ;30/10/2022 18:20:20;         472075;     156454011;          148;                 206182;                                     0,436757;       55675;              67511171;         43290;                53646797;                41451;                       51322548;            19083;                   25392841;                                     0,494770;                      22368;                             25929707;                                     0,505230;                562;                       735489;                                     0,013710;             1277;                    1588760;                                     0,029615
       407;       545;         1;BR      ;30/10/2022 18:20:21;         472075;     156454011;          151;                 206333;                                     0,437077;       51539;              67562710;         40025;                53686822;                38538;                       51361086;            15819;                   25408660;                                     0,494706;                      22719;                             25952426;                                     0,505294;                479;                       735968;                                     0,013709;             1008;                    1589768;                                     0,029612
       407;       545;         1;BR      ;30/10/2022 18:20:22;         472075;     156454011;          142;                 206475;                                     0,437378;       46866;              67609576;         36363;                53723185;                35004;                       51396090;            17804;                   25426464;                                     0,494716;                      17200;                             25969626;                                     0,505284;                441;                       736409;                                     0,013707;              918;                    1590686;                                     0,029609
       407;       545;         1;BR      ;30/10/2022 18:20:23;         472075;     156454011;           74;                 206549;                                     0,437534;       23847;              67633423;         18583;                53741768;                17927;                       51414017;            11194;                   25437658;                                     0,494761;                       6733;                             25976359;                                     0,505239;                241;                       736650;                                     0,013707;              415;                    1591101;                                     0,029606
       407;       545;         1;BR      ;30/10/2022 18:20:24;         472075;     156454011;          266;                 206815;                                     0,438098;       90051;              67723474;         71143;                53812911;                68819;                       51482836;            33372;                   25471030;                                     0,494748;                      35447;                             26011806;                                     0,505252;                835;                       737485;                                     0,013705;             1489;                    1592590;                                     0,029595
       407;       545;         1;BR      ;30/10/2022 18:20:25;         472075;     156454011;          426;                 207241;                                     0,439000;      152450;              67875924;        120989;                53933900;               113301;                       51596137;            56655;                   25527685;                                     0,494760;                      56646;                             26068452;                                     0,505240;               2388;                       739873;                                     0,013718;             5300;                    1597890;                                     0,029627
       407;       545;         1;BR      ;30/10/2022 18:20:26;         472075;     156454011;          196;                 207437;                                     0,439415;       65253;              67941177;         51606;                53985506;                48891;                       51645028;            20285;                   25547970;                                     0,494684;                      28606;                             26097058;                                     0,505316;                928;                       740801;                                     0,013722;             1787;                    1599677;                                     0,029632
       407;       545;         1;BR      ;30/10/2022 18:20:27;         472075;     156454011;          216;                 207653;                                     0,439873;       73094;              68014271;         56799;                54042305;                53559;                       51698587;            21895;                   25569865;                                     0,494595;                      31664;                             26128722;                                     0,505405;               1093;                       741894;                                     0,013728;             2147;                    1601824;                                     0,029640
       407;       545;         1;BR      ;30/10/2022 18:20:28;         472075;     156454011;          105;                 207758;                                     0,440095;       35602;              68049873;         28104;                54070409;                26497;                       51725084;            10877;                   25580742;                                     0,494552;                      15620;                             26144342;                                     0,505448;                474;                       742368;                                     0,013730;             1133;                    1602957;                                     0,029646
       407;       545;         1;BR      ;30/10/2022 18:20:29;         472075;     156454011;            2;                 207760;                                     0,440100;         715;              68050588;           589;                54070998;                  535;                       51725619;              165;                   25580907;                                     0,494550;                        370;                             26144712;                                     0,505450;                 17;                       742385;                                     0,013730;               37;                    1602994;                                     0,029646
       407;       545;         1;BR      ;30/10/2022 18:20:31;         472075;     156454011;           32;                 207792;                                     0,440167;       10843;              68061431;          9079;                54080077;                 8780;                       51734399;             5777;                   25586684;                                     0,494578;                       3003;                             26147715;                                     0,505422;                 83;                       742468;                                     0,013729;              216;                    1603210;                                     0,029645
       407;       545;         1;BR      ;30/10/2022 18:20:32;         472075;     156454011;          194;                 207986;                                     0,440578;       60348;              68121779;         49293;                54129370;                47759;                       51782158;            24098;                   25610782;                                     0,494587;                      23661;                             26171376;                                     0,505413;                545;                       743013;                                     0,013727;              989;                    1604199;                                     0,029636
       407;       545;         1;BR      ;30/10/2022 18:20:33;         472075;     156454011;           96;                 208082;                                     0,440782;       33215;              68154994;         27194;                54156564;                26184;                       51808342;             9843;                   25620625;                                     0,494527;                      16341;                             26187717;                                     0,505473;                439;                       743452;                                     0,013728;              571;                    1604770;                                     0,029632
       407;       545;         1;BR      ;30/10/2022 18:20:34;         472075;     156454011;           25;                 208107;                                     0,440835;        8083;              68163077;          6294;                54162858;                 6166;                       51814508;             2066;                   25622691;                                     0,494508;                       4100;                             26191817;                                     0,505492;                 51;                       743503;                                     0,013727;               77;                    1604847;                                     0,029630
       407;       545;         1;BR      ;30/10/2022 18:20:35;         472075;     156454011;           49;                 208156;                                     0,440938;       14012;              68177089;         11044;                54173902;                10750;                       51825258;             5910;                   25628601;                                     0,494520;                       4840;                             26196657;                                     0,505480;                100;                       743603;                                     0,013726;              194;                    1605041;                                     0,029628
       407;       545;         1;BR      ;30/10/2022 18:20:36;         472075;     156454011;          216;                 208372;                                     0,441396;       75517;              68252606;         62887;                54236789;                59494;                       51884752;            38461;                   25667062;                                     0,494694;                      21033;                             26217690;                                     0,505306;                852;                       744455;                                     0,013726;             2541;                    1607582;                                     0,029640
       407;       545;         1;BR      ;30/10/2022 18:20:37;         472075;     156454011;           91;                 208463;                                     0,441589;       29959;              68282565;         22997;                54259786;                21698;                       51906450;            11984;                   25679046;                                     0,494718;                       9714;                             26227404;                                     0,505282;                316;                       744771;                                     0,013726;              983;                    1608565;                                     0,029646
       407;       545;         1;BR      ;30/10/2022 18:20:39;         472075;     156454011;           10;                 208473;                                     0,441610;        3258;              68285823;          2374;                54262160;                 2270;                       51908720;             1855;                   25680901;                                     0,494732;                        415;                             26227819;                                     0,505268;                 24;                       744795;                                     0,013726;               80;                    1608645;                                     0,029646
       407;       545;         1;BR      ;30/10/2022 18:20:40;         472075;     156454011;           73;                 208546;                                     0,441765;       22702;              68308525;         17008;                54279168;                16083;                       51924803;            13072;                   25693973;                                     0,494830;                       3011;                             26230830;                                     0,505170;                239;                       745034;                                     0,013726;              686;                    1609331;                                     0,029649
       407;       545;         1;BR      ;30/10/2022 18:20:41;         472075;     156454011;           86;                 208632;                                     0,441947;       31071;              68339596;         23409;                54302577;                22823;                       51947626;            10499;                   25704472;                                     0,494815;                      12324;                             26243154;                                     0,505185;                213;                       745247;                                     0,013724;              373;                    1609704;                                     0,029643
       407;       545;         1;BR      ;30/10/2022 18:20:42;         472075;     156454011;          162;                 208794;                                     0,442290;       56621;              68396217;         42986;                54345563;                41022;                       51988648;            25066;                   25729538;                                     0,494907;                      15956;                             26259110;                                     0,505093;                426;                       745673;                                     0,013721;             1538;                    1611242;                                     0,029648
       407;       545;         1;BR      ;30/10/2022 18:20:43;         472075;     156454011;          123;                 208917;                                     0,442550;       42206;              68438423;         34936;                54380499;                32967;                       52021615;            21578;                   25751116;                                     0,495008;                      11389;                             26270499;                                     0,504992;                416;                       746089;                                     0,013720;             1553;                    1612795;                                     0,029658
       407;       545;         1;BR      ;30/10/2022 18:20:44;         472075;     156454011;          165;                 209082;                                     0,442900;       54335;              68492758;         42546;                54423045;                40539;                       52062154;            20517;                   25771633;                                     0,495017;                      20022;                             26290521;                                     0,504983;                753;                       746842;                                     0,013723;             1254;                    1614049;                                     0,029657
       407;       545;         1;BR      ;30/10/2022 18:20:45;         472075;     156454011;           48;                 209130;                                     0,443002;       14948;              68507706;         12143;                54435188;                11648;                       52073802;             5263;                   25776896;                                     0,495007;                       6385;                             26296906;                                     0,504993;                206;                       747048;                                     0,013724;              289;                    1614338;                                     0,029656
       407;       545;         1;BR      ;30/10/2022 18:20:46;         472075;     156454011;            6;                 209136;                                     0,443014;        2315;              68510021;          1778;                54436966;                 1689;                       52075491;             1095;                   25777991;                                     0,495012;                        594;                             26297500;                                     0,504988;                 16;                       747064;                                     0,013723;               73;                    1614411;                                     0,029657
       407;       545;         1;BR      ;30/10/2022 18:20:47;         472075;     156454011;           88;                 209224;                                     0,443201;       28980;              68539001;         23095;                54460061;                21913;                       52097404;            12879;                   25790870;                                     0,495051;                       9034;                             26306534;                                     0,504949;                253;                       747317;                                     0,013722;              929;                    1615340;                                     0,029661
       407;       545;         1;BR      ;30/10/2022 18:20:48;         472075;     156454011;           78;                 209302;                                     0,443366;       26428;              68565429;         21906;                54481967;                20429;                       52117833;            12161;                   25803031;                                     0,495090;                       8268;                             26314802;                                     0,504910;                335;                       747652;                                     0,013723;             1142;                    1616482;                                     0,029670
       407;       545;         1;BR      ;30/10/2022 18:20:49;         472075;     156454011;           55;                 209357;                                     0,443482;       17456;              68582885;         13913;                54495880;                13324;                       52131157;             7962;                   25810993;                                     0,495116;                       5362;                             26320164;                                     0,504884;                155;                       747807;                                     0,013722;              434;                    1616916;                                     0,029670
       407;       545;         1;BR      ;30/10/2022 18:20:50;         472075;     156454011;           59;                 209416;                                     0,443607;       20569;              68603454;         16839;                54512719;                16266;                       52147423;             5435;                   25816428;                                     0,495066;                      10831;                             26330995;                                     0,504934;                200;                       748007;                                     0,013722;              373;                    1617289;                                     0,029668
       407;       545;         1;BR      ;30/10/2022 18:20:51;         472075;     156454011;           49;                 209465;                                     0,443711;       17074;              68620528;         14250;                54526969;                13836;                       52161259;             4359;                   25820787;                                     0,495018;                       9477;                             26340472;                                     0,504982;                164;                       748171;                                     0,013721;              250;                    1617539;                                     0,029665
       407;       545;         1;BR      ;30/10/2022 18:20:52;         472075;     156454011;           70;                 209535;                                     0,443860;       22428;              68642956;         18272;                54545241;                17731;                       52178990;             5220;                   25826007;                                     0,494950;                      12511;                             26352983;                                     0,505050;                213;                       748384;                                     0,013720;              328;                    1617867;                                     0,029661
       407;       545;         1;BR      ;30/10/2022 18:20:53;         472075;     156454011;           11;                 209546;                                     0,443883;        3861;              68646817;          3085;                54548326;                 3005;                       52181995;              914;                   25826921;                                     0,494939;                       2091;                             26355074;                                     0,505061;                 33;                       748417;                                     0,013720;               47;                    1617914;                                     0,029660
       407;       545;         1;BR      ;30/10/2022 18:20:54;         472075;     156454011;           87;                 209633;                                     0,444067;       29129;              68675946;         22518;                54570844;                21316;                       52203311;             9341;                   25836262;                                     0,494916;                      11975;                             26367049;                                     0,505084;                383;                       748800;                                     0,013722;              819;                    1618733;                                     0,029663
       407;       545;         1;BR      ;30/10/2022 18:20:55;         472075;     156454011;           34;                 209667;                                     0,444139;       11138;              68687084;          8470;                54579314;                 8044;                       52211355;             3457;                   25839719;                                     0,494906;                       4587;                             26371636;                                     0,505094;                140;                       748940;                                     0,013722;              286;                    1619019;                                     0,029664
       407;       545;         1;BR      ;30/10/2022 18:20:56;         472075;     156454011;           10;                 209677;                                     0,444160;        2596;              68689680;          1990;                54581304;                 1873;                       52213228;              929;                   25840648;                                     0,494906;                        944;                             26372580;                                     0,505094;                 30;                       748970;                                     0,013722;               87;                    1619106;                                     0,029664
       407;       545;         1;BR      ;30/10/2022 18:20:57;         472075;     156454011;            5;                 209682;                                     0,444171;        1187;              68690867;           952;                54582256;                  904;                       52214132;              314;                   25840962;                                     0,494904;                        590;                             26373170;                                     0,505096;                 11;                       748981;                                     0,013722;               37;                    1619143;                                     0,029664
       407;       545;         1;BR      ;30/10/2022 18:21:23;         472075;     156454011;          113;                 209795;                                     0,444410;       32460;              68723327;         26651;                54608907;                25575;                       52239707;            18566;                   25859528;                                     0,495017;                       7009;                             26380179;                                     0,504983;                382;                       749363;                                     0,013722;              694;                    1619837;                                     0,029663
       407;       545;         1;BR      ;30/10/2022 18:21:24;         472075;     156454011;          333;                 210128;                                     0,445116;      110749;              68834076;         89054;                54697961;                85427;                       52325134;            44734;                   25904262;                                     0,495063;                      40693;                             26420872;                                     0,504937;               1209;                       750572;                                     0,013722;             2418;                    1622255;                                     0,029658
       407;       545;         1;BR      ;30/10/2022 18:21:25;         472075;     156454011;          315;                 210443;                                     0,445783;      119045;              68953121;         92578;                54790539;                88721;                       52413855;            43080;                   25947342;                                     0,495047;                      45641;                             26466513;                                     0,504953;               1175;                       751747;                                     0,013720;             2682;                    1624937;                                     0,029657
       407;       545;         1;BR      ;30/10/2022 18:21:26;         472075;     156454011;          303;                 210746;                                     0,446425;       95474;              69048595;         76894;                54867433;                74081;                       52487936;            41348;                   25988690;                                     0,495136;                      32733;                             26499246;                                     0,504864;               1036;                       752783;                                     0,013720;             1777;                    1626714;                                     0,029648
       407;       545;         1;BR      ;30/10/2022 18:21:27;         472075;     156454011;          101;                 210847;                                     0,446639;       34077;              69082672;         26801;                54894234;                25996;                       52513932;            10002;                   25998692;                                     0,495082;                      15994;                             26515240;                                     0,504918;                279;                       753062;                                     0,013718;              526;                    1627240;                                     0,029643
       407;       545;         1;BR      ;30/10/2022 18:21:28;         472075;     156454011;           31;                 210878;                                     0,446704;        9246;              69091918;          7114;                54901348;                 6884;                       52520816;             3173;                   26001865;                                     0,495077;                       3711;                             26518951;                                     0,504923;                 81;                       753143;                                     0,013718;              149;                    1627389;                                     0,029642
       407;       545;         1;BR      ;30/10/2022 18:21:29;         472075;     156454011;           26;                 210904;                                     0,446760;        8417;              69100335;          6322;                54907670;                 5997;                       52526813;             2443;                   26004308;                                     0,495067;                       3554;                             26522505;                                     0,504933;                103;                       753246;                                     0,013718;              222;                    1627611;                                     0,029643
       407;       545;         1;BR      ;30/10/2022 18:21:30;         472075;     156454011;          351;                 211255;                                     0,447503;      122761;              69223096;         96412;                55004082;                90202;                       52617015;            46242;                   26050550;                                     0,495097;                      43960;                             26566465;                                     0,504903;               1833;                       755079;                                     0,013728;             4377;                    1631988;                                     0,029670
       407;       545;         1;BR      ;30/10/2022 18:21:31;         472075;     156454011;          198;                 211453;                                     0,447922;       68210;              69291306;         54718;                55058800;                51827;                       52668842;            21829;                   26072379;                                     0,495025;                      29998;                             26596463;                                     0,504975;               1013;                       756092;                                     0,013732;             1878;                    1633866;                                     0,029675
       407;       545;         1;BR      ;30/10/2022 18:21:32;         472075;     156454011;          129;                 211582;                                     0,448196;       44238;              69335544;         34392;                55093192;                32523;                       52701365;            12025;                   26084404;                                     0,494947;                      20498;                             26616961;                                     0,505053;                630;                       756722;                                     0,013735;             1239;                    1635105;                                     0,029679
       407;       545;         1;BR      ;30/10/2022 18:21:33;         472075;     156454011;          141;                 211723;                                     0,448494;       47723;              69383267;         37534;                55130726;                35573;                       52736938;            14760;                   26099164;                                     0,494893;                      20813;                             26637774;                                     0,505107;                662;                       757384;                                     0,013738;             1299;                    1636404;                                     0,029682
       407;       545;         1;BR      ;30/10/2022 18:21:34;         472075;     156454011;          149;                 211872;                                     0,448810;       50059;              69433326;         38047;                55168773;                36026;                       52772964;            14049;                   26113213;                                     0,494822;                      21977;                             26659751;                                     0,505178;                611;                       757995;                                     0,013740;             1410;                    1637814;                                     0,029687
       407;       545;         1;BR      ;30/10/2022 18:21:35;         472075;     156454011;           44;                 211916;                                     0,448903;       13429;              69446755;         10915;                55179688;                10193;                       52783157;             4736;                   26117949;                                     0,494816;                       5457;                             26665208;                                     0,505184;                166;                       758161;                                     0,013740;              556;                    1638370;                                     0,029692
       407;       545;         1;BR      ;30/10/2022 18:21:36;         472075;     156454011;            8;                 211924;                                     0,448920;        2581;              69449336;          1942;                55181630;                 1849;                       52785006;             1145;                   26119094;                                     0,494820;                        704;                             26665912;                                     0,505180;                 24;                       758185;                                     0,013740;               69;                    1638439;                                     0,029692
       407;       545;         1;BR      ;30/10/2022 18:21:40;         472075;     156454011;           71;                 211995;                                     0,449071;       24383;              69473719;         20211;                55201841;                19564;                       52804570;            12253;                   26131347;                                     0,494869;                       7311;                             26673223;                                     0,505131;                194;                       758379;                                     0,013738;              453;                    1638892;                                     0,029689
       407;       545;         1;BR      ;30/10/2022 18:21:41;         472075;     156454011;          210;                 212205;                                     0,449515;       64764;              69538483;         52457;                55254298;                50871;                       52855441;            27400;                   26158747;                                     0,494911;                      23471;                             26696694;                                     0,505089;                550;                       758929;                                     0,013735;             1036;                    1639928;                                     0,029680
       407;       545;         1;BR      ;30/10/2022 18:21:42;         472075;     156454011;          147;                 212352;                                     0,449827;       52483;              69590966;         41109;                55295407;                39816;                       52895257;            16107;                   26174854;                                     0,494843;                      23709;                             26720403;                                     0,505157;                488;                       759417;                                     0,013734;              805;                    1640733;                                     0,029672
       407;       545;         1;BR      ;30/10/2022 18:21:43;         472075;     156454011;          167;                 212519;                                     0,450181;       59098;              69650064;         47968;                55343375;                45073;                       52940330;            30733;                   26205587;                                     0,495002;                      14340;                             26734743;                                     0,504998;                680;                       760097;                                     0,013734;             2215;                    1642948;                                     0,029686
       407;       545;         1;BR      ;30/10/2022 18:21:44;         472075;     156454011;          178;                 212697;                                     0,450558;       54639;              69704703;         43386;                55386761;                41116;                       52981446;            28880;                   26234467;                                     0,495163;                      12236;                             26746979;                                     0,504837;                571;                       760668;                                     0,013734;             1699;                    1644647;                                     0,029694
       407;       545;         1;BR      ;30/10/2022 18:21:45;         472075;     156454011;           34;                 212731;                                     0,450630;       11010;              69715713;          8968;                55395729;                 8480;                       52989926;             5388;                   26239855;                                     0,495186;                       3092;                             26750071;                                     0,504814;                120;                       760788;                                     0,013734;              368;                    1645015;                                     0,029696
       407;       545;         1;BR      ;30/10/2022 18:21:46;         472075;     156454011;            7;                 212738;                                     0,450644;        2429;              69718142;          1785;                55397514;                 1669;                       52991595;             1420;                   26241275;                                     0,495197;                        249;                             26750320;                                     0,504803;                 21;                       760809;                                     0,013734;               95;                    1645110;                                     0,029696
       407;       545;         1;BR      ;30/10/2022 18:21:47;         472075;     156454011;           20;                 212758;                                     0,450687;        6729;              69724871;          5195;                55402709;                 5064;                       52996659;             2452;                   26243727;                                     0,495196;                       2612;                             26752932;                                     0,504804;                 44;                       760853;                                     0,013733;               87;                    1645197;                                     0,029695
       407;       545;         1;BR      ;30/10/2022 18:21:48;         472075;     156454011;           93;                 212851;                                     0,450884;       29785;              69754656;         22409;                55425118;                21859;                       53018518;            12592;                   26256319;                                     0,495229;                       9267;                             26762199;                                     0,504771;                190;                       761043;                                     0,013731;              360;                    1645557;                                     0,029690
       407;       545;         1;BR      ;30/10/2022 18:21:49;         472075;     156454011;          147;                 212998;                                     0,451195;       48226;              69802882;         38326;                55463444;                35870;                       53054388;            26909;                   26283228;                                     0,495402;                       8961;                             26771160;                                     0,504598;                411;                       761454;                                     0,013729;             2045;                    1647602;                                     0,029706
       407;       545;         1;BR      ;30/10/2022 18:21:50;         472075;     156454011;           78;                 213076;                                     0,451360;       27111;              69829993;         22934;                55486378;                21530;                       53075918;            14507;                   26297735;                                     0,495474;                       7023;                             26778183;                                     0,504526;                287;                       761741;                                     0,013728;             1117;                    1648719;                                     0,029714
       407;       545;         1;BR      ;30/10/2022 18:21:51;         472075;     156454011;          207;                 213283;                                     0,451799;       70532;              69900525;         55391;                55541769;                52770;                       53128688;            25660;                   26323395;                                     0,495465;                      27110;                             26805293;                                     0,504535;               1013;                       762754;                                     0,013733;             1608;                    1650327;                                     0,029713
       407;       545;         1;BR      ;30/10/2022 18:21:52;         472075;     156454011;           39;                 213322;                                     0,451882;       13092;              69913617;         10646;                55552415;                10179;                       53138867;             4097;                   26327492;                                     0,495447;                       6082;                             26811375;                                     0,504553;                170;                       762924;                                     0,013733;              297;                    1650624;                                     0,029713
       407;       545;         1;BR      ;30/10/2022 18:21:53;         472075;     156454011;           13;                 213335;                                     0,451909;        3595;              69917212;          2920;                55555335;                 2819;                       53141686;              927;                   26328419;                                     0,495438;                       1892;                             26813267;                                     0,504562;                 34;                       762958;                                     0,013733;               67;                    1650691;                                     0,029713
       407;       545;         1;BR      ;30/10/2022 18:21:54;         472075;     156454011;           98;                 213433;                                     0,452117;       34504;              69951716;         27930;                55583265;                26365;                       53168051;            14594;                   26343013;                                     0,495467;                      11771;                             26825038;                                     0,504533;                347;                       763305;                                     0,013733;             1218;                    1651909;                                     0,029720
       407;       545;         1;BR      ;30/10/2022 18:21:55;         472075;     156454011;           33;                 213466;                                     0,452187;        9491;              69961207;          7426;                55590691;                 7062;                       53175113;             4159;                   26347172;                                     0,495479;                       2903;                             26827941;                                     0,504521;                 90;                       763395;                                     0,013732;              274;                    1652183;                                     0,029720
       407;       545;         1;BR      ;30/10/2022 18:21:56;         472075;     156454011;           60;                 213526;                                     0,452314;       18882;              69980089;         15479;                55606170;                14667;                       53189780;             7669;                   26354841;                                     0,495487;                       6998;                             26834939;                                     0,504513;                214;                       763609;                                     0,013732;              598;                    1652781;                                     0,029723
       407;       545;         1;BR      ;30/10/2022 18:21:57;         472075;     156454011;           83;                 213609;                                     0,452490;       29253;              70009342;         24110;                55630280;                23290;                       53213070;             6592;                   26361433;                                     0,495394;                      16698;                             26851637;                                     0,504606;                329;                       763938;                                     0,013732;              491;                    1653272;                                     0,029719
       407;       545;         1;BR      ;30/10/2022 18:21:58;         472075;     156454011;            6;                 213615;                                     0,452502;        1978;              70011320;          1608;                55631888;                 1556;                       53214626;              402;                   26361835;                                     0,495387;                       1154;                             26852791;                                     0,504613;                 14;                       763952;                                     0,013732;               38;                    1653310;                                     0,029719
       407;       545;         1;BR      ;30/10/2022 18:21:59;         472075;     156454011;            2;                 213617;                                     0,452506;         684;              70012004;           606;                55632494;                  598;                       53215224;              130;                   26361965;                                     0,495384;                        468;                             26853259;                                     0,504616;                  2;                       763954;                                     0,013732;                6;                    1653316;                                     0,029719
       407;       545;         1;BR      ;30/10/2022 18:22:00;         472075;     156454011;            4;                 213621;                                     0,452515;        1082;              70013086;           906;                55633400;                  887;                       53216111;              208;                   26362173;                                     0,495380;                        679;                             26853938;                                     0,504620;                  6;                       763960;                                     0,013732;               13;                    1653329;                                     0,029718
       407;       545;         1;BR      ;30/10/2022 18:22:02;         472075;     156454011;           15;                 213636;                                     0,452547;        4857;              70017943;          3850;                55637250;                 3769;                       53219880;             1650;                   26363823;                                     0,495375;                       2119;                             26856057;                                     0,504625;                 31;                       763991;                                     0,013732;               50;                    1653379;                                     0,029717
       407;       545;         1;BR      ;30/10/2022 18:22:03;         472075;     156454011;          138;                 213774;                                     0,452839;       40949;              70058892;         32632;                55669882;                31024;                       53250904;            13713;                   26377536;                                     0,495344;                      17311;                             26873368;                                     0,504656;                502;                       764493;                                     0,013733;             1106;                    1654485;                                     0,029720
       407;       545;         1;BR      ;30/10/2022 18:22:04;         472075;     156454011;           23;                 213797;                                     0,452888;        6968;              70065860;          5693;                55675575;                 5391;                       53256295;             1683;                   26379219;                                     0,495326;                       3708;                             26877076;                                     0,504674;                113;                       764606;                                     0,013733;              189;                    1654674;                                     0,029720
       407;       545;         1;BR      ;30/10/2022 18:22:27;         472075;     156454011;          103;                 213900;                                     0,453106;       32009;              70097869;         24456;                55700031;                23148;                       53279443;            14014;                   26393233;                                     0,495374;                       9134;                             26886210;                                     0,504626;                306;                       764912;                                     0,013733;             1002;                    1655676;                                     0,029725
       407;       545;         1;BR      ;30/10/2022 18:22:28;         472075;     156454011;          111;                 214011;                                     0,453341;       37581;              70135450;         29215;                55729246;                27942;                       53307385;            15004;                   26408237;                                     0,495395;                      12938;                             26899148;                                     0,504605;                428;                       765340;                                     0,013733;              845;                    1656521;                                     0,029724
       407;       545;         1;BR      ;30/10/2022 18:22:29;         472075;     156454011;          224;                 214235;                                     0,453816;       71990;              70207440;         56656;                55785902;                54515;                       53361900;            25084;                   26433321;                                     0,495359;                      29431;                             26928579;                                     0,504641;                702;                       766042;                                     0,013732;             1439;                    1657960;                                     0,029720
       407;       545;         1;BR      ;30/10/2022 18:22:30;         472075;     156454011;          366;                 214601;                                     0,454591;      142027;              70349467;        110264;                55896166;               105487;                       53467387;            47817;                   26481138;                                     0,495276;                      57670;                             26986249;                                     0,504724;               1484;                       767526;                                     0,013731;             3293;                    1661253;                                     0,029720
       407;       545;         1;BR      ;30/10/2022 18:22:31;         472075;     156454011;          182;                 214783;                                     0,454976;       56448;              70405915;         45706;                55941872;                43864;                       53511251;            21353;                   26502491;                                     0,495270;                      22511;                             27008760;                                     0,504730;                639;                       768165;                                     0,013731;             1203;                    1662456;                                     0,029718
       407;       545;         1;BR      ;30/10/2022 18:22:32;         472075;     156454011;          343;                 215126;                                     0,455703;      114910;              70520825;         94857;                56036729;                91578;                       53602829;            58133;                   26560624;                                     0,495508;                      33445;                             27042205;                                     0,504492;               1070;                       769235;                                     0,013727;             2209;                    1664665;                                     0,029707
       407;       545;         1;BR      ;30/10/2022 18:22:33;         472075;     156454011;          176;                 215302;                                     0,456076;       56937;              70577762;         44601;                56081330;                43268;                       53646097;            25713;                   26586337;                                     0,495588;                      17555;                             27059760;                                     0,504412;                476;                       769711;                                     0,013725;              857;                    1665522;                                     0,029698
       407;       545;         1;BR      ;30/10/2022 18:22:34;         472075;     156454011;          148;                 215450;                                     0,456389;       49653;              70627415;         39282;                56120612;                37556;                       53683653;            15275;                   26601612;                                     0,495525;                      22281;                             27082041;                                     0,504475;                598;                       770309;                                     0,013726;             1128;                    1666650;                                     0,029698
       407;       545;         1;BR      ;30/10/2022 18:22:35;         472075;     156454011;          434;                 215884;                                     0,457309;      153029;              70780444;        121273;                56241885;               113476;                       53797129;            57625;                   26659237;                                     0,495551;                      55851;                             27137892;                                     0,504449;               2353;                       772662;                                     0,013738;             5444;                    1672094;                                     0,029730
       407;       545;         1;BR      ;30/10/2022 18:22:36;         472075;     156454011;          174;                 216058;                                     0,457677;       59156;              70839600;         47661;                56289546;                44949;                       53842078;            19239;                   26678476;                                     0,495495;                      25710;                             27163602;                                     0,504505;                884;                       773546;                                     0,013742;             1828;                    1673922;                                     0,029738
       407;       545;         1;BR      ;30/10/2022 18:22:37;         472075;     156454011;          165;                 216223;                                     0,458027;       50839;              70890439;         39274;                56328820;                37211;                       53879289;            14085;                   26692561;                                     0,495414;                      23126;                             27186728;                                     0,504586;                650;                       774196;                                     0,013744;             1413;                    1675335;                                     0,029742
       407;       545;         1;BR      ;30/10/2022 18:22:38;         472075;     156454011;          155;                 216378;                                     0,458355;       53721;              70944160;         41959;                56370779;                39700;                       53918989;            18702;                   26711263;                                     0,495396;                      20998;                             27207726;                                     0,504604;                734;                       774930;                                     0,013747;             1525;                    1676860;                                     0,029747
       407;       545;         1;BR      ;30/10/2022 18:22:39;         472075;     156454011;          169;                 216547;                                     0,458713;       57938;              71002098;         45538;                56416317;                43146;                       53962135;            16949;                   26728212;                                     0,495314;                      26197;                             27233923;                                     0,504686;                820;                       775750;                                     0,013750;             1572;                    1678432;                                     0,029751
       407;       545;         1;BR      ;30/10/2022 18:22:40;         472075;     156454011;          122;                 216669;                                     0,458972;       38904;              71041002;         30578;                56446895;                28860;                       53990995;            11498;                   26739710;                                     0,495262;                      17362;                             27251285;                                     0,504738;                590;                       776340;                                     0,013753;             1128;                    1679560;                                     0,029755
       407;       545;         1;BR      ;30/10/2022 18:22:41;         472075;     156454011;           12;                 216681;                                     0,458997;        3683;              71044685;          2738;                56449633;                 2589;                       53993584;              897;                   26740607;                                     0,495255;                       1692;                             27252977;                                     0,504745;                 70;                       776410;                                     0,013754;               79;                    1679639;                                     0,029755
       407;       545;         1;BR      ;30/10/2022 18:22:43;         472075;     156454011;           67;                 216748;                                     0,459139;       22370;              71067055;         18526;                56468159;                17957;                       54011541;            12440;                   26753047;                                     0,495321;                       5517;                             27258494;                                     0,504679;                163;                       776573;                                     0,013752;              406;                    1680045;                                     0,029752
       407;       545;         1;BR      ;30/10/2022 18:22:44;         472075;     156454011;          117;                 216865;                                     0,459387;       35056;              71102111;         28352;                56496511;                27373;                       54038914;            16833;                   26769880;                                     0,495382;                      10540;                             27269034;                                     0,504618;                322;                       776895;                                     0,013751;              657;                    1680702;                                     0,029749
       407;       545;         1;BR      ;30/10/2022 18:22:45;         472075;     156454011;          138;                 217003;                                     0,459679;       43909;              71146020;         35192;                56531703;                34081;                       54072995;            14425;                   26784305;                                     0,495336;                      19656;                             27288690;                                     0,504664;                447;                       777342;                                     0,013751;              664;                    1681366;                                     0,029742
       407;       545;         1;BR      ;30/10/2022 18:22:46;         472075;     156454011;          234;                 217237;                                     0,460175;       79281;              71225301;         65443;                56597146;                61834;                       54134829;            39398;                   26823703;                                     0,495498;                      22436;                             27311126;                                     0,504502;                919;                       778261;                                     0,013751;             2690;                    1684056;                                     0,029755
       407;       545;         1;BR      ;30/10/2022 18:22:47;         472075;     156454011;           71;                 217308;                                     0,460325;       20972;              71246273;         16379;                56613525;                15546;                       54150375;            11635;                   26835338;                                     0,495571;                       3911;                             27315037;                                     0,504429;                217;                       778478;                                     0,013751;              616;                    1684672;                                     0,029757
       407;       545;         1;BR      ;30/10/2022 18:22:48;         472075;     156454011;           25;                 217333;                                     0,460378;        7382;              71253655;          5653;                56619178;                 5260;                       54155635;             3722;                   26839060;                                     0,495591;                       1538;                             27316575;                                     0,504409;                 71;                       778549;                                     0,013751;              322;                    1684994;                                     0,029760
       407;       545;         1;BR      ;30/10/2022 18:22:49;         472075;     156454011;           26;                 217359;                                     0,460433;        7588;              71261243;          6164;                56625342;                 5815;                       54161450;             4532;                   26843592;                                     0,495622;                       1283;                             27317858;                                     0,504378;                 84;                       778633;                                     0,013751;              265;                    1685259;                                     0,029762
       407;       545;         1;BR      ;30/10/2022 18:22:50;         472075;     156454011;            7;                 217366;                                     0,460448;        2209;              71263452;          1664;                56627006;                 1597;                       54163047;              936;                   26844528;                                     0,495624;                        661;                             27318519;                                     0,504376;                 23;                       778656;                                     0,013751;               44;                    1685303;                                     0,029761
       407;       545;         1;BR      ;30/10/2022 18:22:51;         472075;     156454011;           26;                 217392;                                     0,460503;        7541;              71270993;          5893;                56632899;                 5724;                       54168771;             3382;                   26847910;                                     0,495634;                       2342;                             27320861;                                     0,504366;                 71;                       778727;                                     0,013750;               98;                    1685401;                                     0,029760
       407;       545;         1;BR      ;30/10/2022 18:22:52;         472075;     156454011;           87;                 217479;                                     0,460687;       26577;              71297570;         20058;                56652957;                19543;                       54188314;            10481;                   26858391;                                     0,495649;                       9062;                             27329923;                                     0,504351;                157;                       778884;                                     0,013748;              358;                    1685759;                                     0,029756
       407;       545;         1;BR      ;30/10/2022 18:22:53;         472075;     156454011;          139;                 217618;                                     0,460982;       46662;              71344232;         36920;                56689877;                34881;                       54223195;            25332;                   26883723;                                     0,495797;                       9549;                             27339472;                                     0,504203;                471;                       779355;                                     0,013748;             1568;                    1687327;                                     0,029764
       407;       545;         1;BR      ;30/10/2022 18:22:54;         472075;     156454011;           43;                 217661;                                     0,461073;       13483;              71357715;         11560;                56701437;                10888;                       54234083;             6809;                   26890532;                                     0,495823;                       4079;                             27343551;                                     0,504177;                135;                       779490;                                     0,013747;              537;                    1687864;                                     0,029768
       407;       545;         1;BR      ;30/10/2022 18:22:55;         472075;     156454011;          169;                 217830;                                     0,461431;       55138;              71412853;         43411;                56744848;                41628;                       54275711;            18111;                   26908643;                                     0,495777;                      23517;                             27367068;                                     0,504223;                751;                       780241;                                     0,013750;             1032;                    1688896;                                     0,029763
       407;       545;         1;BR      ;30/10/2022 18:22:56;         472075;     156454011;           72;                 217902;                                     0,461583;       19332;              71432185;         15582;                56760430;                14878;                       54290589;             6243;                   26914886;                                     0,495756;                       8635;                             27375703;                                     0,504244;                277;                       780518;                                     0,013751;              427;                    1689323;                                     0,029762
       407;       545;         1;BR      ;30/10/2022 18:22:57;         472075;     156454011;           64;                 217966;                                     0,461719;       20215;              71452400;         17058;                56777488;                15997;                       54306586;             9027;                   26923913;                                     0,495776;                       6970;                             27382673;                                     0,504224;                282;                       780800;                                     0,013752;              779;                    1690102;                                     0,029767
       407;       545;         1;BR      ;30/10/2022 18:22:58;         472075;     156454011;           95;                 218061;                                     0,461920;       32123;              71484523;         26002;                56803490;                24404;                       54330990;            14708;                   26938621;                                     0,495824;                       9696;                             27392369;                                     0,504176;                341;                       781141;                                     0,013752;             1257;                    1691359;                                     0,029776
       407;       545;         1;BR      ;30/10/2022 18:22:59;         472075;     156454011;           99;                 218160;                                     0,462130;       31049;              71515572;         25275;                56828765;                23924;                       54354914;            13803;                   26952424;                                     0,495860;                      10121;                             27402490;                                     0,504140;                386;                       781527;                                     0,013752;              965;                    1692324;                                     0,029779
       407;       545;         1;BR      ;30/10/2022 18:23:00;         472075;     156454011;           47;                 218207;                                     0,462230;       17206;              71532778;         13947;                56842712;                13484;                       54368398;             3997;                   26956421;                                     0,495810;                       9487;                             27411977;                                     0,504190;                160;                       781687;                                     0,013752;              303;                    1692627;                                     0,029777
       407;       545;         1;BR      ;30/10/2022 18:23:01;         472075;     156454011;           44;                 218251;                                     0,462323;       15901;              71548679;         13237;                56855949;                12879;                       54381277;             3755;                   26960176;                                     0,495762;                       9124;                             27421101;                                     0,504238;                141;                       781828;                                     0,013751;              217;                    1692844;                                     0,029774
       407;       545;         1;BR      ;30/10/2022 18:23:02;         472075;     156454011;           44;                 218295;                                     0,462416;       13325;              71562004;         10773;                56866722;                10395;                       54391672;             4266;                   26964442;                                     0,495746;                       6129;                             27427230;                                     0,504254;                167;                       781995;                                     0,013751;              211;                    1693055;                                     0,029772
       407;       545;         1;BR      ;30/10/2022 18:23:03;         472075;     156454011;           24;                 218319;                                     0,462467;        7868;              71569872;          6334;                56873056;                 6160;                       54397832;             1774;                   26966216;                                     0,495722;                       4386;                             27431616;                                     0,504278;                 78;                       782073;                                     0,013751;               96;                    1693151;                                     0,029771
       407;       545;         1;BR      ;30/10/2022 18:23:04;         472075;     156454011;           11;                 218330;                                     0,462490;        3430;              71573302;          2835;                56875891;                 2757;                       54400589;             1014;                   26967230;                                     0,495716;                       1743;                             27433359;                                     0,504284;                 43;                       782116;                                     0,013751;               35;                    1693186;                                     0,029770
       407;       545;         1;BR      ;30/10/2022 18:23:05;         472075;     156454011;          113;                 218443;                                     0,462729;       37306;              71610608;         29390;                56905281;                27919;                       54428508;            12281;                   26979511;                                     0,495687;                      15638;                             27448997;                                     0,504313;                483;                       782599;                                     0,013753;              988;                    1694174;                                     0,029772
       407;       545;         1;BR      ;30/10/2022 18:23:06;         472075;     156454011;           33;                 218476;                                     0,462799;       10353;              71620961;          8127;                56913408;                 7786;                       54436294;             3459;                   26982970;                                     0,495680;                       4327;                             27453324;                                     0,504320;                120;                       782719;                                     0,013753;              221;                    1694395;                                     0,029771
       407;       545;         1;BR      ;30/10/2022 18:23:07;         472075;     156454011;            7;                 218483;                                     0,462814;        2272;              71623233;          1821;                56915229;                 1746;                       54438040;              961;                   26983931;                                     0,495682;                        785;                             27454109;                                     0,504318;                 15;                       782734;                                     0,013753;               60;                    1694455;                                     0,029772
       407;       545;         1;BR      ;30/10/2022 18:23:09;         472075;     156454011;            4;                 218487;                                     0,462823;        1050;              71624283;           872;                56916101;                  859;                       54438899;              164;                   26984095;                                     0,495677;                        695;                             27454804;                                     0,504323;                  4;                       782738;                                     0,013752;                9;                    1694464;                                     0,029771
       407;       545;         1;BR      ;30/10/2022 18:23:32;         472075;     156454011;          114;                 218601;                                     0,463064;       38311;              71662594;         28492;                56944593;                26863;                       54465762;            16052;                   27000147;                                     0,495727;                      10811;                             27465615;                                     0,504273;                307;                       783045;                                     0,013751;             1322;                    1695786;                                     0,029780
       407;       545;         1;BR      ;30/10/2022 18:23:33;         472075;     156454011;          210;                 218811;                                     0,463509;       64261;              71726855;         50717;                56995310;                48841;                       54514603;            28320;                   27028467;                                     0,495802;                      20521;                             27486136;                                     0,504198;                671;                       783716;                                     0,013751;             1205;                    1696991;                                     0,029774
       407;       545;         1;BR      ;30/10/2022 18:23:34;         472075;     156454011;          188;                 218999;                                     0,463907;       60154;              71787009;         48066;                57043376;                46076;                       54560679;            22717;                   27051184;                                     0,495800;                      23359;                             27509495;                                     0,504200;                641;                       784357;                                     0,013750;             1349;                    1698340;                                     0,029773
       407;       545;         1;BR      ;30/10/2022 18:23:35;         472075;     156454011;          285;                 219284;                                     0,464511;      111234;              71898243;         85623;                57128999;                81869;                       54642548;            36154;                   27087338;                                     0,495719;                      45715;                             27555210;                                     0,504281;               1138;                       785495;                                     0,013749;             2616;                    1700956;                                     0,029774
       407;       545;         1;BR      ;30/10/2022 18:23:36;         472075;     156454011;          225;                 219509;                                     0,464988;       81339;              71979582;         63224;                57192223;                60692;                       54703240;            25756;                   27113094;                                     0,495640;                      34936;                             27590146;                                     0,504360;                855;                       786350;                                     0,013749;             1677;                    1702633;                                     0,029770
       407;       545;         1;BR      ;30/10/2022 18:23:37;         472075;     156454011;          320;                 219829;                                     0,465665;      107058;              72086640;         87954;                57280177;                84623;                       54787863;            52317;                   27165411;                                     0,495829;                      32306;                             27622452;                                     0,504171;               1116;                       787466;                                     0,013748;             2215;                    1704848;                                     0,029763
       407;       545;         1;BR      ;30/10/2022 18:23:38;         472075;     156454011;          227;                 220056;                                     0,466146;       73558;              72160198;         58326;                57338503;                56490;                       54844353;            38316;                   27203727;                                     0,496017;                      18174;                             27640626;                                     0,503983;                645;                       788111;                                     0,013745;             1191;                    1706039;                                     0,029754
       407;       545;         1;BR      ;30/10/2022 18:23:39;         472075;     156454011;          200;                 220256;                                     0,466570;       65368;              72225566;         51425;                57389928;                49357;                       54893710;            21639;                   27225366;                                     0,495965;                      27718;                             27668344;                                     0,504035;                718;                       788829;                                     0,013745;             1350;                    1707389;                                     0,029751
       407;       545;         1;BR      ;30/10/2022 18:23:40;         472075;     156454011;          569;                 220825;                                     0,467775;      194238;              72419804;        152548;                57542476;               142449;                       55036159;            69700;                   27295066;                                     0,495948;                      72749;                             27741093;                                     0,504052;               3058;                       791887;                                     0,013762;             7041;                    1714430;                                     0,029794
       407;       545;         1;BR      ;30/10/2022 18:23:41;         472075;     156454011;          223;                 221048;                                     0,468248;       74925;              72494729;         60490;                57602966;                57142;                       55093301;            23501;                   27318567;                                     0,495860;                      33641;                             27774734;                                     0,504140;               1184;                       793071;                                     0,013768;             2164;                    1716594;                                     0,029800
       407;       545;         1;BR      ;30/10/2022 18:23:42;         472075;     156454011;          339;                 221387;                                     0,468966;      113009;              72607738;         89318;                57692284;                84490;                       55177791;            39144;                   27357711;                                     0,495810;                      45346;                             27820080;                                     0,504190;               1569;                       794640;                                     0,013774;             3259;                    1719853;                                     0,029811
       407;       545;         1;BR      ;30/10/2022 18:23:43;         472075;     156454011;          237;                 221624;                                     0,469468;       78560;              72686298;         61523;                57753807;                58118;                       55235909;            24481;                   27382192;                                     0,495732;                      33637;                             27853717;                                     0,504268;               1091;                       795731;                                     0,013778;             2314;                    1722167;                                     0,029819
       407;       545;         1;BR      ;30/10/2022 18:23:44;         472075;     156454011;           78;                 221702;                                     0,469633;       25643;              72711941;         20505;                57774312;                19321;                       55255230;             6721;                   27388913;                                     0,495680;                      12600;                             27866317;                                     0,504320;                391;                       796122;                                     0,013780;              793;                    1722960;                                     0,029822
       407;       545;         1;BR      ;30/10/2022 18:23:45;         472075;     156454011;           17;                 221719;                                     0,469669;        6073;              72718014;          4652;                57778964;                 4463;                       55259693;             1247;                   27390160;                                     0,495663;                       3216;                             27869533;                                     0,504337;                 66;                       796188;                                     0,013780;              123;                    1723083;                                     0,029822
       407;       545;         1;BR      ;30/10/2022 18:23:46;         472075;     156454011;            2;                 221721;                                     0,469673;         593;              72718607;           436;                57779400;                  421;                       55260114;               93;                   27390253;                                     0,495660;                        328;                             27869861;                                     0,504340;                  5;                       796193;                                     0,013780;               10;                    1723093;                                     0,029822
       407;       545;         1;BR      ;30/10/2022 18:23:48;         472075;     156454011;           49;                 221770;                                     0,469777;       16108;              72734715;         13398;                57792798;                12971;                       55273085;             8720;                   27398973;                                     0,495702;                       4251;                             27874112;                                     0,504298;                132;                       796325;                                     0,013779;              295;                    1723388;                                     0,029820
       407;       545;         1;BR      ;30/10/2022 18:23:49;         472075;     156454011;          181;                 221951;                                     0,470160;       56026;              72790741;         46023;                57838821;                44375;                       55317460;            21992;                   27420965;                                     0,495702;                      22383;                             27896495;                                     0,504298;                607;                       796932;                                     0,013778;             1041;                    1724429;                                     0,029814
       407;       545;         1;BR      ;30/10/2022 18:23:50;         472075;     156454011;           77;                 222028;                                     0,470324;       24705;              72815446;         19551;                57858372;                18952;                       55336412;             7199;                   27428164;                                     0,495662;                      11753;                             27908248;                                     0,504338;                240;                       797172;                                     0,013778;              359;                    1724788;                                     0,029811
       407;       545;         1;BR      ;30/10/2022 18:23:51;         472075;     156454011;          247;                 222275;                                     0,470847;       90423;              72905869;         74771;                57933143;                70528;                       55406940;            46902;                   27475066;                                     0,495878;                      23626;                             27931874;                                     0,504122;               1025;                       798197;                                     0,013778;             3218;                    1728006;                                     0,029828
       407;       545;         1;BR      ;30/10/2022 18:23:52;         472075;     156454011;           26;                 222301;                                     0,470902;        7798;              72913667;          6336;                57939479;                 5998;                       55412938;             4086;                   27479152;                                     0,495898;                       1912;                             27933786;                                     0,504102;                 69;                       798266;                                     0,013778;              269;                    1728275;                                     0,029829
       407;       545;         1;BR      ;30/10/2022 18:23:53;         472075;     156454011;          101;                 222402;                                     0,471116;       31707;              72945374;         25023;                57964502;                23684;                       55436622;            17769;                   27496921;                                     0,496006;                       5915;                             27939701;                                     0,503994;                338;                       798604;                                     0,013777;             1001;                    1729276;                                     0,029833
       407;       545;         1;BR      ;30/10/2022 18:23:54;         472075;     156454011;            4;                 222406;                                     0,471124;        1232;              72946606;          1000;                57965502;                  937;                       55437559;              700;                   27497621;                                     0,496011;                        237;                             27939938;                                     0,503989;                 10;                       798614;                                     0,013777;               53;                    1729329;                                     0,029834
       407;       545;         1;BR      ;30/10/2022 18:23:55;         472075;     156454011;           31;                 222437;                                     0,471190;       10538;              72957144;          8124;                57973626;                 7896;                       55445455;             3570;                   27501191;                                     0,496004;                       4326;                             27944264;                                     0,503996;                 73;                       798687;                                     0,013777;              155;                    1729484;                                     0,029832
       407;       545;         1;BR      ;30/10/2022 18:23:56;         472075;     156454011;          141;                 222578;                                     0,471489;       43675;              73000819;         33043;                58006669;                32057;                       55477512;            18857;                   27520048;                                     0,496058;                      13200;                             27957464;                                     0,503942;                314;                       799001;                                     0,013774;              672;                    1730156;                                     0,029827
       407;       545;         1;BR      ;30/10/2022 18:23:57;         472075;     156454011;           46;                 222624;                                     0,471586;       15393;              73016212;         12277;                58018946;                11549;                       55489061;             7840;                   27527888;                                     0,496096;                       3709;                             27961173;                                     0,503904;                138;                       799139;                                     0,013774;              590;                    1730746;                                     0,029831
       407;       545;         1;BR      ;30/10/2022 18:23:58;         472075;     156454011;           32;                 222656;                                     0,471654;       10521;              73026733;          9156;                58028102;                 8630;                       55497691;             5548;                   27533436;                                     0,496119;                       3082;                             27964255;                                     0,503881;                115;                       799254;                                     0,013774;              411;                    1731157;                                     0,029833
       407;       545;         1;BR      ;30/10/2022 18:23:59;         472075;     156454011;           73;                 222729;                                     0,471809;       25500;              73052233;         21709;                58049811;                20317;                       55518008;            13079;                   27546515;                                     0,496173;                       7238;                             27971493;                                     0,503827;                300;                       799554;                                     0,013774;             1092;                    1732249;                                     0,029841
       407;       545;         1;BR      ;30/10/2022 18:24:00;         472075;     156454011;           14;                 222743;                                     0,471838;        3659;              73055892;          2763;                58052574;                 2613;                       55520621;             1694;                   27548209;                                     0,496180;                        919;                             27972412;                                     0,503820;                 38;                       799592;                                     0,013774;              112;                    1732361;                                     0,029841
       407;       545;         1;BR      ;30/10/2022 18:24:01;         472075;     156454011;          200;                 222943;                                     0,472262;       66718;              73122610;         53177;                58105751;                50866;                       55571487;            23848;                   27572057;                                     0,496155;                      27018;                             27999430;                                     0,503845;                901;                       800493;                                     0,013776;             1410;                    1733771;                                     0,029838
       407;       545;         1;BR      ;30/10/2022 18:24:02;         472075;     156454011;          101;                 223044;                                     0,472476;       33020;              73155630;         28156;                58133907;                26491;                       55597978;            15593;                   27587650;                                     0,496199;                      10898;                             28010328;                                     0,503801;                371;                       800864;                                     0,013776;             1294;                    1735065;                                     0,029846
       407;       545;         1;BR      ;30/10/2022 18:24:03;         472075;     156454011;           16;                 223060;                                     0,472510;        4797;              73160427;          3919;                58137826;                 3718;                       55601696;             2206;                   27589856;                                     0,496205;                       1512;                             28011840;                                     0,503795;                 46;                       800910;                                     0,013776;              155;                    1735220;                                     0,029847
       407;       545;         1;BR      ;30/10/2022 18:24:05;         472075;     156454011;           19;                 223079;                                     0,472550;        5873;              73166300;          4653;                58142479;                 4410;                       55606106;             2802;                   27592658;                                     0,496216;                       1608;                             28013448;                                     0,503784;                 64;                       800974;                                     0,013776;              179;                    1735399;                                     0,029847
       407;       545;         1;BR      ;30/10/2022 18:24:06;         472075;     156454011;           70;                 223149;                                     0,472698;       23291;              73189591;         18480;                58160959;                17540;                       55623646;            11846;                   27604504;                                     0,496273;                       5694;                             28019142;                                     0,503727;                249;                       801223;                                     0,013776;              691;                    1736090;                                     0,029850
       407;       545;         1;BR      ;30/10/2022 18:24:07;         472075;     156454011;           98;                 223247;                                     0,472906;       34707;              73224298;         28772;                58189731;                27759;                       55651405;             7422;                   27611926;                                     0,496159;                      20337;                             28039479;                                     0,503841;                365;                       801588;                                     0,013775;              648;                    1736738;                                     0,029846
       407;       545;         1;BR      ;30/10/2022 18:24:08;         472075;     156454011;           16;                 223263;                                     0,472940;        5324;              73229622;          4351;                58194082;                 4229;                       55655634;             1362;                   27613288;                                     0,496145;                       2867;                             28042346;                                     0,503855;                 56;                       801644;                                     0,013775;               66;                    1736804;                                     0,029845
       407;       545;         1;BR      ;30/10/2022 18:24:09;         472075;     156454011;            7;                 223270;                                     0,472955;        2106;              73231728;          1760;                58195842;                 1723;                       55657357;              459;                   27613747;                                     0,496138;                       1264;                             28043610;                                     0,503862;                 19;                       801663;                                     0,013775;               18;                    1736822;                                     0,029844
       407;       545;         1;BR      ;30/10/2022 18:24:10;         472075;     156454011;           26;                 223296;                                     0,473010;        8417;              73240145;          6751;                58202593;                 6569;                       55663926;             2195;                   27615942;                                     0,496119;                       4374;                             28047984;                                     0,503881;                 82;                       801745;                                     0,013775;              100;                    1736922;                                     0,029843
       407;       545;         1;BR      ;30/10/2022 18:24:11;         472075;     156454011;           15;                 223311;                                     0,473041;        5159;              73245304;          4419;                58207012;                 4287;                       55668213;             1204;                   27617146;                                     0,496103;                       3083;                             28051067;                                     0,503897;                 53;                       801798;                                     0,013775;               79;                    1737001;                                     0,029842
       407;       545;         1;BR      ;30/10/2022 18:24:12;         472075;     156454011;           82;                 223393;                                     0,473215;       25337;              73270641;         19558;                58226570;                18514;                       55686727;             8423;                   27625569;                                     0,496089;                      10091;                             28061158;                                     0,503911;                309;                       802107;                                     0,013776;              735;                    1737736;                                     0,029844
       407;       545;         1;BR      ;30/10/2022 18:24:38;         472075;     156454011;          145;                 223538;                                     0,473522;       48964;              73319605;         37137;                58263707;                35364;                       55722091;            22915;                   27648484;                                     0,496185;                      12449;                             28073607;                                     0,503815;                433;                       802540;                                     0,013774;             1340;                    1739076;                                     0,029848
       407;       545;         1;BR      ;30/10/2022 18:24:39;         472075;     156454011;          239;                 223777;                                     0,474028;       80766;              73400371;         65968;                58329675;                63270;                       55785361;            37750;                   27686234;                                     0,496299;                      25520;                             28099127;                                     0,503701;                855;                       803395;                                     0,013773;             1843;                    1740919;                                     0,029846
       407;       545;         1;BR      ;30/10/2022 18:24:40;         472075;     156454011;           93;                 223870;                                     0,474225;       30298;              73430669;         23257;                58352932;                22251;                       55807612;            10852;                   27697086;                                     0,496296;                      11399;                             28110526;                                     0,503704;                355;                       803750;                                     0,013774;              651;                    1741570;                                     0,029845
       407;       545;         1;BR      ;30/10/2022 18:24:41;         472075;     156454011;          297;                 224167;                                     0,474855;      110137;              73540806;         85202;                58438134;                81364;                       55888976;            37966;                   27735052;                                     0,496253;                      43398;                             28153924;                                     0,503747;               1159;                       804909;                                     0,013774;             2679;                    1744249;                                     0,029848
       407;       545;         1;BR      ;30/10/2022 18:24:42;         472075;     156454011;          259;                 224426;                                     0,475403;       90181;              73630987;         70676;                58508810;                67920;                       55956896;            29291;                   27764343;                                     0,496174;                      38629;                             28192553;                                     0,503826;                874;                       805783;                                     0,013772;             1882;                    1746131;                                     0,029844
       407;       545;         1;BR      ;30/10/2022 18:24:43;         472075;     156454011;          167;                 224593;                                     0,475757;       52746;              73683733;         42070;                58550880;                40345;                       55997241;            20680;                   27785023;                                     0,496186;                      19665;                             28212218;                                     0,503814;                593;                       806376;                                     0,013772;             1132;                    1747263;                                     0,029842
       407;       545;         1;BR      ;30/10/2022 18:24:44;         472075;     156454011;          289;                 224882;                                     0,476369;       92851;              73776584;         75279;                58626159;                72397;                       56069638;            39463;                   27824486;                                     0,496249;                      32934;                             28245152;                                     0,503751;                983;                       807359;                                     0,013771;             1899;                    1749162;                                     0,029836
       407;       545;         1;BR      ;30/10/2022 18:24:45;         472075;     156454011;          267;                 225149;                                     0,476935;       86439;              73863023;         68770;                58694929;                66674;                       56136312;            41492;                   27865978;                                     0,496398;                      25182;                             28270334;                                     0,503602;                819;                       808178;                                     0,013769;             1277;                    1750439;                                     0,029823
       407;       545;         1;BR      ;30/10/2022 18:24:46;         472075;     156454011;          171;                 225320;                                     0,477297;       57177;              73920200;         45280;                58740209;                43561;                       56179873;            17996;                   27883974;                                     0,496334;                      25565;                             28295899;                                     0,503666;                620;                       808798;                                     0,013769;             1099;                    1751538;                                     0,029818
       407;       545;         1;BR      ;30/10/2022 18:24:47;         472075;     156454011;          560;                 225880;                                     0,478483;      199447;              74119647;        157338;                58897547;               147179;                       56327052;            73614;                   27957588;                                     0,496344;                      73565;                             28369464;                                     0,503656;               3147;                       811945;                                     0,013786;             7012;                    1758550;                                     0,029858
       407;       545;         1;BR      ;30/10/2022 18:24:48;         472075;     156454011;          181;                 226061;                                     0,478867;       59654;              74179301;         47722;                58945269;                44972;                       56372024;            17774;                   27975362;                                     0,496263;                      27198;                             28396662;                                     0,503737;                882;                       812827;                                     0,013790;             1868;                    1760418;                                     0,029865
       407;       545;         1;BR      ;30/10/2022 18:24:49;         472075;     156454011;          198;                 226259;                                     0,479286;       64970;              74244271;         51686;                58996955;                48684;                       56420708;            21838;                   27997200;                                     0,496222;                      26846;                             28423508;                                     0,503778;                972;                       813799;                                     0,013794;             2030;                    1762448;                                     0,029874
       407;       545;         1;BR      ;30/10/2022 18:24:50;         472075;     156454011;          180;                 226439;                                     0,479667;       60686;              74304957;         46935;                59043890;                44381;                       56465089;            17148;                   28014348;                                     0,496136;                      27233;                             28450741;                                     0,503864;                885;                       814684;                                     0,013798;             1669;                    1764117;                                     0,029878
       407;       545;         1;BR      ;30/10/2022 18:24:51;         472075;     156454011;          147;                 226586;                                     0,479979;       47828;              74352785;         36929;                59080819;                34849;                       56499938;            14564;                   28028912;                                     0,496087;                      20285;                             28471026;                                     0,503913;                699;                       815383;                                     0,013801;             1381;                    1765498;                                     0,029883
       407;       545;         1;BR      ;30/10/2022 18:24:52;         472075;     156454011;           12;                 226598;                                     0,480004;        3746;              74356531;          3182;                59084001;                 3065;                       56503003;             2112;                   28031024;                                     0,496098;                        953;                             28471979;                                     0,503902;                 29;                       815412;                                     0,013801;               88;                    1765586;                                     0,029883
       407;       545;         1;BR      ;30/10/2022 18:24:53;         472075;     156454011;           17;                 226615;                                     0,480040;        6757;              74363288;          5627;                59089628;                 5448;                       56508451;             3485;                   28034509;                                     0,496112;                       1963;                             28473942;                                     0,503888;                 50;                       815462;                                     0,013800;              129;                    1765715;                                     0,029882
       407;       545;         1;BR      ;30/10/2022 18:24:54;         472075;     156454011;           19;                 226634;                                     0,480080;        6907;              74370195;          5771;                59095399;                 5586;                       56514037;             3838;                   28038347;                                     0,496131;                       1748;                             28475690;                                     0,503869;                 39;                       815501;                                     0,013800;              146;                    1765861;                                     0,029882
       407;       545;         1;BR      ;30/10/2022 18:24:55;         472075;     156454011;           97;                 226731;                                     0,480286;       30334;              74400529;         24475;                59119874;                23551;                       56537588;            11739;                   28050086;                                     0,496132;                      11812;                             28487502;                                     0,503868;                329;                       815830;                                     0,013800;              595;                    1766456;                                     0,029879
       407;       545;         1;BR      ;30/10/2022 18:24:56;         472075;     156454011;          192;                 226923;                                     0,480693;       63348;              74463877;         50851;                59170725;                49119;                       56586707;            22503;                   28072589;                                     0,496099;                      26616;                             28514118;                                     0,503901;                667;                       816497;                                     0,013799;             1065;                    1767521;                                     0,029872
       407;       545;         1;BR      ;30/10/2022 18:24:57;         472075;     156454011;          174;                 227097;                                     0,481061;       61004;              74524881;         49881;                59220606;                47040;                       56633747;            30250;                   28102839;                                     0,496221;                      16790;                             28530908;                                     0,503779;                658;                       817155;                                     0,013798;             2183;                    1769704;                                     0,029883
       407;       545;         1;BR      ;30/10/2022 18:24:58;         472075;     156454011;           51;                 227148;                                     0,481169;       16411;              74541292;         12809;                59233415;                12068;                       56645815;             7864;                   28110703;                                     0,496254;                       4204;                             28535112;                                     0,503746;                169;                       817324;                                     0,013798;              572;                    1770276;                                     0,029886
       407;       545;         1;BR      ;30/10/2022 18:24:59;         472075;     156454011;           13;                 227161;                                     0,481197;        3676;              74544968;          2831;                59236246;                 2716;                       56648531;             2091;                   28112794;                                     0,496267;                        625;                             28535737;                                     0,503733;                 18;                       817342;                                     0,013798;               97;                    1770373;                                     0,029887
       407;       545;         1;BR      ;30/10/2022 18:25:00;         472075;     156454011;           48;                 227209;                                     0,481299;       14319;              74559287;         10522;                59246768;                10075;                       56658606;             6183;                   28118977;                                     0,496288;                       3892;                             28539629;                                     0,503712;                105;                       817447;                                     0,013797;              342;                    1770715;                                     0,029887
       407;       545;         1;BR      ;30/10/2022 18:25:01;         472075;     156454011;           15;                 227224;                                     0,481330;        4653;              74563940;          3625;                59250393;                 3416;                       56662022;             2792;                   28121769;                                     0,496307;                        624;                             28540253;                                     0,503693;                 31;                       817478;                                     0,013797;              178;                    1770893;                                     0,029888
       407;       545;         1;BR      ;30/10/2022 18:25:02;         472075;     156454011;           66;                 227290;                                     0,481470;       20731;              74584671;         16283;                59266676;                15142;                       56677164;            10150;                   28131919;                                     0,496354;                       4992;                             28545245;                                     0,503646;                195;                       817673;                                     0,013797;              946;                    1771839;                                     0,029896
       407;       545;         1;BR      ;30/10/2022 18:25:03;         472075;     156454011;           23;                 227313;                                     0,481519;        6605;              74591276;          5048;                59271724;                 4880;                       56682044;             2674;                   28134593;                                     0,496358;                       2206;                             28547451;                                     0,503642;                 44;                       817717;                                     0,013796;              124;                    1771963;                                     0,029896
       407;       545;         1;BR      ;30/10/2022 18:25:04;         472075;     156454011;           74;                 227387;                                     0,481676;       24347;              74615623;         18364;                59290088;                17828;                       56699872;            11579;                   28146172;                                     0,496406;                       6249;                             28553700;                                     0,503594;                150;                       817867;                                     0,013794;              386;                    1772349;                                     0,029893
       407;       545;         1;BR      ;30/10/2022 18:25:05;         472075;     156454011;           88;                 227475;                                     0,481862;       29259;              74644882;         23221;                59313309;                21963;                       56721835;            14334;                   28160506;                                     0,496467;                       7629;                             28561329;                                     0,503533;                283;                       818150;                                     0,013794;              975;                    1773324;                                     0,029898
       407;       545;         1;BR      ;30/10/2022 18:25:06;         472075;     156454011;          141;                 227616;                                     0,482161;       48349;              74693231;         40744;                59354053;                38370;                       56760205;            23625;                   28184131;                                     0,496547;                      14745;                             28576074;                                     0,503453;                545;                       818695;                                     0,013793;             1829;                    1775153;                                     0,029908
       407;       545;         1;BR      ;30/10/2022 18:25:07;         472075;     156454011;          139;                 227755;                                     0,482455;       48161;              74741392;         37530;                59391583;                35800;                       56796005;            18116;                   28202247;                                     0,496553;                      17684;                             28593758;                                     0,503447;                694;                       819389;                                     0,013796;             1036;                    1776189;                                     0,029906
       407;       545;         1;BR      ;30/10/2022 18:25:08;         472075;     156454011;           78;                 227833;                                     0,482620;       24558;              74765950;         20009;                59411592;                19076;                       56815081;             8209;                   28210456;                                     0,496531;                      10867;                             28604625;                                     0,503469;                327;                       819716;                                     0,013797;              606;                    1776795;                                     0,029907
       407;       545;         1;BR      ;30/10/2022 18:25:09;         472075;     156454011;          108;                 227941;                                     0,482849;       36363;              74802313;         30128;                59441720;                28215;                       56843296;            15722;                   28226178;                                     0,496561;                      12493;                             28617118;                                     0,503439;                400;                       820116;                                     0,013797;             1513;                    1778308;                                     0,029917
       407;       545;         1;BR      ;30/10/2022 18:25:10;         472075;     156454011;           82;                 228023;                                     0,483023;       27294;              74829607;         21963;                59463683;                20772;                       56864068;            10716;                   28236894;                                     0,496568;                      10056;                             28627174;                                     0,503432;                264;                       820380;                                     0,013796;              927;                    1779235;                                     0,029921
       407;       545;         1;BR      ;30/10/2022 18:25:11;         472075;     156454011;            9;                 228032;                                     0,483042;        2666;              74832273;          1929;                59465612;                 1867;                       56865935;             1281;                   28238175;                                     0,496575;                        586;                             28627760;                                     0,503425;                  8;                       820388;                                     0,013796;               54;                    1779289;                                     0,029921
       407;       545;         1;BR      ;30/10/2022 18:25:13;         472075;     156454011;           10;                 228042;                                     0,483063;        3064;              74835337;          2129;                59467741;                 2049;                       56867984;              875;                   28239050;                                     0,496572;                       1174;                             28628934;                                     0,503428;                 15;                       820403;                                     0,013796;               65;                    1779354;                                     0,029921
       407;       545;         1;BR      ;30/10/2022 18:25:14;         472075;     156454011;           44;                 228086;                                     0,483156;       13684;              74849021;         10797;                59478538;                10148;                       56878132;             7525;                   28246575;                                     0,496616;                       2623;                             28631557;                                     0,503384;                157;                       820560;                                     0,013796;              492;                    1779846;                                     0,029924
       407;       545;         1;BR      ;30/10/2022 18:25:15;         472075;     156454011;           62;                 228148;                                     0,483288;       20498;              74869519;         16913;                59495451;                16041;                       56894173;             9361;                   28255936;                                     0,496640;                       6680;                             28638237;                                     0,503360;                234;                       820794;                                     0,013796;              638;                    1780484;                                     0,029926
       407;       545;         1;BR      ;30/10/2022 18:25:16;         472075;     156454011;           71;                 228219;                                     0,483438;       25223;              74894742;         21014;                59516465;                20289;                       56914462;             5638;                   28261574;                                     0,496562;                      14651;                             28652888;                                     0,503438;                260;                       821054;                                     0,013795;              465;                    1780949;                                     0,029924
       407;       545;         1;BR      ;30/10/2022 18:25:17;         472075;     156454011;           20;                 228239;                                     0,483480;        6865;              74901607;          5801;                59522266;                 5629;                       56920091;             1496;                   28263070;                                     0,496539;                       4133;                             28657021;                                     0,503461;                 64;                       821118;                                     0,013795;              108;                    1781057;                                     0,029923
       407;       545;         1;BR      ;30/10/2022 18:25:18;         472075;     156454011;           23;                 228262;                                     0,483529;        7414;              74909021;          5962;                59528228;                 5689;                       56925780;             2323;                   28265393;                                     0,496531;                       3366;                             28660387;                                     0,503469;                 81;                       821199;                                     0,013795;              192;                    1781249;                                     0,029923
       407;       545;         1;BR      ;30/10/2022 18:25:19;         472075;     156454011;           54;                 228316;                                     0,483643;       17576;              74926597;         14387;                59542615;                13931;                       56939711;             4813;                   28270206;                                     0,496494;                       9118;                             28669505;                                     0,503506;                216;                       821415;                                     0,013795;              240;                    1781489;                                     0,029920
       407;       545;         1;BR      ;30/10/2022 18:25:20;         472075;     156454011;           11;                 228327;                                     0,483667;        2776;              74929373;          2306;                59544921;                 2238;                       56941949;              870;                   28271076;                                     0,496489;                       1368;                             28670873;                                     0,503511;                 31;                       821446;                                     0,013795;               37;                    1781526;                                     0,029919
       407;       545;         1;BR      ;30/10/2022 18:25:21;         472075;     156454011;           73;                 228400;                                     0,483821;       23728;              74953101;         18345;                59563266;                17324;                       56959273;             8108;                   28279184;                                     0,496481;                       9216;                             28680089;                                     0,503519;                354;                       821800;                                     0,013797;              667;                    1782193;                                     0,029921
       407;       545;         1;BR      ;30/10/2022 18:25:22;         472075;     156454011;           20;                 228420;                                     0,483864;        5815;              74958916;          4394;                59567660;                 4186;                       56963459;             2246;                   28281430;                                     0,496484;                       1940;                             28682029;                                     0,503516;                 57;                       821857;                                     0,013797;              151;                    1782344;                                     0,029921
       407;       545;         1;BR      ;30/10/2022 18:25:46;         472075;     156454011;          303;                 228723;                                     0,484506;      102640;              75061556;         80611;                59648271;                77399;                       57040858;            40898;                   28322328;                                     0,496527;                      36501;                             28718530;                                     0,503473;               1107;                       822964;                                     0,013797;             2105;                    1784449;                                     0,029916
       407;       545;         1;BR      ;30/10/2022 18:25:47;         472075;     156454011;          497;                 229220;                                     0,485558;      188276;              75249832;        147380;                59795651;               141100;                       57181958;            59837;                   28382165;                                     0,496348;                      81263;                             28799793;                                     0,503652;               1981;                       824945;                                     0,013796;             4299;                    1788748;                                     0,029914
       407;       545;         1;BR      ;30/10/2022 18:25:48;         472075;     156454011;          290;                 229510;                                     0,486173;       94210;              75344042;         73943;                59869594;                70999;                       57252957;            32550;                   28414715;                                     0,496301;                      38449;                             28838242;                                     0,503699;               1025;                       825970;                                     0,013796;             1919;                    1790667;                                     0,029909
       407;       545;         1;BR      ;30/10/2022 18:25:49;         472075;     156454011;          219;                 229729;                                     0,486637;       67947;              75411989;         55016;                59924610;                52766;                       57305723;            26585;                   28441300;                                     0,496308;                      26181;                             28864423;                                     0,503692;                745;                       826715;                                     0,013796;             1505;                    1792172;                                     0,029907
       407;       545;         1;BR      ;30/10/2022 18:25:50;         472075;     156454011;          324;                 230053;                                     0,487323;      108769;              75520758;         91652;                60016262;                88112;                       57393835;            55623;                   28496923;                                     0,496515;                      32489;                             28896912;                                     0,503485;               1114;                       827829;                                     0,013793;             2426;                    1794598;                                     0,029902
       407;       545;         1;BR      ;30/10/2022 18:25:51;         472075;     156454011;          200;                 230253;                                     0,487747;       63808;              75584566;         49718;                60065980;                48229;                       57442064;            29995;                   28526918;                                     0,496621;                      18234;                             28915146;                                     0,503379;                537;                       828366;                                     0,013791;              952;                    1795550;                                     0,029893
       407;       545;         1;BR      ;30/10/2022 18:25:52;         472075;     156454011;          252;                 230505;                                     0,488280;       80740;              75665306;         63319;                60129299;                61496;                       57503560;            36710;                   28563628;                                     0,496728;                      24786;                             28939932;                                     0,503272;                722;                       829088;                                     0,013788;             1101;                    1796651;                                     0,029880
       407;       545;         1;BR      ;30/10/2022 18:25:53;         472075;     156454011;          267;                 230772;                                     0,488846;       86209;              75751515;         68193;                60197492;                65237;                       57568797;            26012;                   28589640;                                     0,496617;                      39225;                             28979157;                                     0,503383;                975;                       830063;                                     0,013789;             1981;                    1798632;                                     0,029879
       407;       545;         1;BR      ;30/10/2022 18:25:54;         472075;     156454011;          684;                 231456;                                     0,490295;      240250;              75991765;        189655;                60387147;               177097;                       57745894;            87467;                   28677107;                                     0,496609;                      89630;                             29068787;                                     0,503391;               3800;                       833863;                                     0,013809;             8758;                    1807390;                                     0,029930
       407;       545;         1;BR      ;30/10/2022 18:25:55;         472075;     156454011;          259;                 231715;                                     0,490844;       84911;              76076676;         67964;                60455111;                64023;                       57809917;            25563;                   28702670;                                     0,496501;                      38460;                             29107247;                                     0,503499;               1236;                       835099;                                     0,013814;             2705;                    1810095;                                     0,029941
       407;       545;         1;BR      ;30/10/2022 18:25:56;         472075;     156454011;           67;                 231782;                                     0,490986;       23417;              76100093;         18687;                60473798;                17733;                       57827650;             8974;                   28711644;                                     0,496504;                       8759;                             29116006;                                     0,503496;                298;                       835397;                                     0,013814;              656;                    1810751;                                     0,029943
       407;       545;         1;BR      ;30/10/2022 18:25:57;         472075;     156454011;          134;                 231916;                                     0,491269;       43191;              76143284;         33763;                60507561;                31883;                       57859533;            13959;                   28725603;                                     0,496471;                      17924;                             29133930;                                     0,503529;                607;                       836004;                                     0,013817;             1273;                    1812024;                                     0,029947
       407;       545;         1;BR      ;30/10/2022 18:25:58;         472075;     156454011;          143;                 232059;                                     0,491572;       50392;              76193676;         39876;                60547437;                37936;                       57897469;            15977;                   28741580;                                     0,496422;                      21959;                             29155889;                                     0,503578;                627;                       836631;                                     0,013818;             1313;                    1813337;                                     0,029949
       407;       545;         1;BR      ;30/10/2022 18:25:59;         472075;     156454011;          187;                 232246;                                     0,491968;       60329;              76254005;         47376;                60594813;                44905;                       57942374;            18731;                   28760311;                                     0,496361;                      26174;                             29182063;                                     0,503639;                790;                       837421;                                     0,013820;             1681;                    1815018;                                     0,029953
       407;       545;         1;BR      ;30/10/2022 18:26:00;         472075;     156454011;           23;                 232269;                                     0,492017;        6911;              76260916;          5669;                60600482;                 5433;                       57947807;             3537;                   28763848;                                     0,496375;                       1896;                             29183959;                                     0,503625;                 68;                       837489;                                     0,013820;              168;                    1815186;                                     0,029953
       407;       545;         1;BR      ;30/10/2022 18:26:01;         472075;     156454011;            6;                 232275;                                     0,492030;        1903;              76262819;          1550;                60602032;                 1507;                       57949314;             1038;                   28764886;                                     0,496380;                        469;                             29184428;                                     0,503620;                 11;                       837500;                                     0,013820;               32;                    1815218;                                     0,029953
       407;       545;         1;BR      ;30/10/2022 18:26:02;         472075;     156454011;            6;                 232281;                                     0,492043;        2059;              76264878;          1697;                60603729;                 1634;                       57950948;              992;                   28765878;                                     0,496383;                        642;                             29185070;                                     0,503617;                 23;                       837523;                                     0,013820;               40;                    1815258;                                     0,029953
       407;       545;         1;BR      ;30/10/2022 18:26:03;         472075;     156454011;           12;                 232293;                                     0,492068;        3655;              76268533;          3011;                60606740;                 2919;                       57953867;             1181;                   28767059;                                     0,496379;                       1738;                             29186808;                                     0,503621;                 43;                       837566;                                     0,013820;               49;                    1815307;                                     0,029952
       407;       545;         1;BR      ;30/10/2022 18:26:04;         472075;     156454011;           85;                 232378;                                     0,492248;       28139;              76296672;         23073;                60629813;                22324;                       57976191;             8596;                   28775655;                                     0,496336;                      13728;                             29200536;                                     0,503664;                318;                       837884;                                     0,013820;              431;                    1815738;                                     0,029948
       407;       545;         1;BR      ;30/10/2022 18:26:05;         472075;     156454011;          144;                 232522;                                     0,492553;       44994;              76341666;         36316;                60666129;                34995;                       58011186;            17776;                   28793431;                                     0,496343;                      17219;                             29217755;                                     0,503657;                477;                       838361;                                     0,013819;              844;                    1816582;                                     0,029944
       407;       545;         1;BR      ;30/10/2022 18:26:06;         472075;     156454011;          171;                 232693;                                     0,492915;       51914;              76393580;         41831;                60707960;                40610;                       58051796;            20477;                   28813908;                                     0,496348;                      20133;                             29237888;                                     0,503652;                435;                       838796;                                     0,013817;              786;                    1817368;                                     0,029936
       407;       545;         1;BR      ;30/10/2022 18:26:07;         472075;     156454011;          276;                 232969;                                     0,493500;       94297;              76487877;         76292;                60784252;                71867;                       58123663;            49653;                   28863561;                                     0,496589;                      22214;                             29260102;                                     0,503411;               1057;                       839853;                                     0,013817;             3368;                    1820736;                                     0,029954
       407;       545;         1;BR      ;30/10/2022 18:26:08;         472075;     156454011;           72;                 233041;                                     0,493652;       23332;              76511209;         18555;                60802807;                17504;                       58141167;            10703;                   28874264;                                     0,496623;                       6801;                             29266903;                                     0,503377;                261;                       840114;                                     0,013817;              790;                    1821526;                                     0,029958
       407;       545;         1;BR      ;30/10/2022 18:26:10;         472075;     156454011;           46;                 233087;                                     0,493750;       14438;              76525647;         10998;                60813805;                10438;                       58151605;             6630;                   28880894;                                     0,496648;                       3808;                             29270711;                                     0,503352;                128;                       840242;                                     0,013817;              432;                    1821958;                                     0,029960
       407;       545;         1;BR      ;30/10/2022 18:26:11;         472075;     156454011;          142;                 233229;                                     0,494051;       43132;              76568779;         33655;                60847460;                31857;                       58183462;            23877;                   28904771;                                     0,496787;                       7980;                             29278691;                                     0,503213;                409;                       840651;                                     0,013816;             1389;                    1823347;                                     0,029966
       407;       545;         1;BR      ;30/10/2022 18:26:12;         472075;     156454011;            6;                 233235;                                     0,494063;        2366;              76571145;          1795;                60849255;                 1699;                       58185161;             1247;                   28906018;                                     0,496794;                        452;                             29279143;                                     0,503206;                 24;                       840675;                                     0,013816;               72;                    1823419;                                     0,029966
       407;       545;         1;BR      ;30/10/2022 18:26:13;         472075;     156454011;          105;                 233340;                                     0,494286;       35779;              76606924;         27758;                60877013;                25910;                       58211071;            13585;                   28919603;                                     0,496806;                      12325;                             29291468;                                     0,503194;                366;                       841041;                                     0,013815;             1482;                    1824901;                                     0,029977
       407;       545;         1;BR      ;30/10/2022 18:26:14;         472075;     156454011;          109;                 233449;                                     0,494517;       34906;              76641830;         26662;                60903675;                25838;                       58236909;            14303;                   28933906;                                     0,496831;                      11535;                             29303003;                                     0,503169;                250;                       841291;                                     0,013813;              574;                    1825475;                                     0,029973
       407;       545;         1;BR      ;30/10/2022 18:26:15;         472075;     156454011;          169;                 233618;                                     0,494875;       56529;              76698359;         44393;                60948068;                42487;                       58279396;            26130;                   28960036;                                     0,496917;                      16357;                             29319360;                                     0,503083;                491;                       841782;                                     0,013811;             1415;                    1826890;                                     0,029975
       407;       545;         1;BR      ;30/10/2022 18:26:16;         472075;     156454011;          204;                 233822;                                     0,495307;       68144;              76766503;         54549;                61002617;                51591;                       58330987;            31833;                   28991869;                                     0,497023;                      19758;                             29339118;                                     0,502977;                772;                       842554;                                     0,013812;             2186;                    1829076;                                     0,029984
       407;       545;         1;BR      ;30/10/2022 18:26:17;         472075;     156454011;          232;                 234054;                                     0,495798;       77285;              76843788;         65304;                61067921;                61937;                       58392924;            31658;                   29023527;                                     0,497038;                      30279;                             29369397;                                     0,502962;                941;                       843495;                                     0,013812;             2426;                    1831502;                                     0,029991
       407;       545;         1;BR      ;30/10/2022 18:26:18;         472075;     156454011;           57;                 234111;                                     0,495919;       18918;              76862706;         15513;                61083434;                14873;                       58407797;             5306;                   29028833;                                     0,497003;                       9567;                             29378964;                                     0,502997;                255;                       843750;                                     0,013813;              385;                    1831887;                                     0,029990
       407;       545;         1;BR      ;30/10/2022 18:26:20;         472075;     156454011;           64;                 234175;                                     0,496055;       21508;              76884214;         18186;                61101620;                16863;                       58424660;            10380;                   29039213;                                     0,497037;                       6483;                             29385447;                                     0,502963;                270;                       844020;                                     0,013813;             1053;                    1832940;                                     0,029998
       407;       545;         1;BR      ;30/10/2022 18:26:21;         472075;     156454011;          168;                 234343;                                     0,496411;       55684;              76939898;         44688;                61146308;                42119;                       58466779;            22312;                   29061525;                                     0,497060;                      19807;                             29405254;                                     0,502940;                560;                       844580;                                     0,013812;             2009;                    1834949;                                     0,030009
       407;       545;         1;BR      ;30/10/2022 18:26:22;         472075;     156454011;           22;                 234365;                                     0,496457;        6654;              76946552;          4843;                61151151;                 4599;                       58471378;             2824;                   29064349;                                     0,497070;                       1775;                             29407029;                                     0,502930;                 40;                       844620;                                     0,013812;              204;                    1835153;                                     0,030010
       407;       545;         1;BR      ;30/10/2022 18:26:23;         472075;     156454011;           13;                 234378;                                     0,496485;        3665;              76950217;          2976;                61154127;                 2821;                       58474199;             2048;                   29066397;                                     0,497081;                        773;                             29407802;                                     0,502919;                 31;                       844651;                                     0,013812;              124;                    1835277;                                     0,030011
       407;       545;         1;BR      ;30/10/2022 18:26:24;         472075;     156454011;           85;                 234463;                                     0,496665;       27516;              76977733;         22069;                61176196;                20983;                       58495182;            12721;                   29079118;                                     0,497120;                       8262;                             29416064;                                     0,502880;                313;                       844964;                                     0,013812;              773;                    1836050;                                     0,030012
       407;       545;         1;BR      ;30/10/2022 18:26:25;         472075;     156454011;          109;                 234572;                                     0,496896;       37289;              77015022;         30638;                61206834;                29660;                       58524842;             8341;                   29087459;                                     0,497010;                      21319;                             29437383;                                     0,502990;                387;                       845351;                                     0,013811;              591;                    1836641;                                     0,030007
       407;       545;         1;BR      ;30/10/2022 18:26:26;         472075;     156454011;           57;                 234629;                                     0,497016;       20517;              77035539;         16952;                61223786;                16448;                       58541290;             5227;                   29092686;                                     0,496960;                      11221;                             29448604;                                     0,503040;                222;                       845573;                                     0,013811;              282;                    1836923;                                     0,030003
       407;       545;         1;BR      ;30/10/2022 18:26:27;         472075;     156454011;            3;                 234632;                                     0,497023;        1028;              77036567;           876;                61224662;                  856;                       58542146;              199;                   29092885;                                     0,496956;                        657;                             29449261;                                     0,503044;                 12;                       845585;                                     0,013811;                8;                    1836931;                                     0,030003
       407;       545;         1;BR      ;30/10/2022 18:26:29;         472075;     156454011;           14;                 234646;                                     0,497052;        4900;              77041467;          4009;                61228671;                 3872;                       58546018;             1433;                   29094318;                                     0,496948;                       2439;                             29451700;                                     0,503052;                 51;                       845636;                                     0,013811;               86;                    1837017;                                     0,030003
       407;       545;         1;BR      ;30/10/2022 18:26:30;         472075;     156454011;           91;                 234737;                                     0,497245;       28859;              77070326;         22665;                61251336;                21494;                       58567512;             8713;                   29103031;                                     0,496914;                      12781;                             29464481;                                     0,503086;                396;                       846032;                                     0,013812;              775;                    1837792;                                     0,030004
       407;       545;         1;BR      ;30/10/2022 18:26:31;         472075;     156454011;           17;                 234754;                                     0,497281;        5322;              77075648;          3864;                61255200;                 3709;                       58571221;             1788;                   29104819;                                     0,496913;                       1921;                             29466402;                                     0,503087;                 42;                       846074;                                     0,013812;              113;                    1837905;                                     0,030004
       407;       545;         1;BR      ;30/10/2022 18:26:32;         472075;     156454011;            1;                 234755;                                     0,497283;         322;              77075970;           223;                61255423;                  209;                       58571430;               98;                   29104917;                                     0,496913;                        111;                             29466513;                                     0,503087;                  2;                       846076;                                     0,013812;               12;                    1837917;                                     0,030004
       407;       545;         1;BR      ;30/10/2022 18:26:50;         472075;     156454011;          199;                 234954;                                     0,497705;       59733;              77135703;         49659;                61305082;                47835;                       58619265;            32626;                   29137543;                                     0,497064;                      15209;                             29481722;                                     0,502936;                637;                       846713;                                     0,013811;             1187;                    1839104;                                     0,029999
       407;       545;         1;BR      ;30/10/2022 18:26:51;         472075;     156454011;          303;                 235257;                                     0,498347;      102551;              77238254;         82004;                61387086;                78810;                       58698075;            43763;                   29181306;                                     0,497142;                      35047;                             29516769;                                     0,502858;               1078;                       847791;                                     0,013811;             2116;                    1841220;                                     0,029994
       407;       545;         1;BR      ;30/10/2022 18:26:52;         472075;     156454011;          311;                 235568;                                     0,499005;      100099;              77338353;         77886;                61464972;                74704;                       58772779;            36871;                   29218177;                                     0,497138;                      37833;                             29554602;                                     0,502862;               1139;                       848930;                                     0,013812;             2043;                    1843263;                                     0,029989
       407;       545;         1;BR      ;30/10/2022 18:26:53;         472075;     156454011;          634;                 236202;                                     0,500348;      230822;              77569175;        181279;                61646251;               174076;                       58946855;            73378;                   29291555;                                     0,496915;                     100698;                             29655300;                                     0,503085;               2179;                       851109;                                     0,013806;             5024;                    1848287;                                     0,029982
       407;       545;         1;BR      ;30/10/2022 18:26:54;         472075;     156454011;          196;                 236398;                                     0,500764;       61975;              77631150;         48397;                61694648;                46841;                       58993696;            27154;                   29318709;                                     0,496980;                      19687;                             29674987;                                     0,503020;                541;                       851650;                                     0,013804;             1015;                    1849302;                                     0,029975
       407;       545;         1;BR      ;30/10/2022 18:26:55;         472075;     156454011;           51;                 236449;                                     0,500872;       15085;              77646235;         11445;                61706093;                11160;                       59004856;             5758;                   29324467;                                     0,496984;                       5402;                             29680389;                                     0,503016;                111;                       851761;                                     0,013804;              174;                    1849476;                                     0,029972
       407;       545;         1;BR      ;30/10/2022 18:26:56;         472075;     156454011;           64;                 236513;                                     0,501007;       20466;              77666701;         15912;                61722005;                15393;                       59020249;             8083;                   29332550;                                     0,496991;                       7310;                             29687699;                                     0,503009;                213;                       851974;                                     0,013803;              306;                    1849782;                                     0,029970
       407;       545;         1;BR      ;30/10/2022 18:26:57;         472075;     156454011;          144;                 236657;                                     0,501312;       47627;              77714328;         37627;                61759632;                36260;                       59056509;            15835;                   29348385;                                     0,496954;                      20425;                             29708124;                                     0,503046;                468;                       852442;                                     0,013803;              899;                    1850681;                                     0,029966
       407;       545;         1;BR      ;30/10/2022 18:26:58;         472075;     156454011;           82;                 236739;                                     0,501486;       25350;              77739678;         20486;                61780118;                19446;                       59075955;             8463;                   29356848;                                     0,496934;                      10983;                             29719107;                                     0,503066;                372;                       852814;                                     0,013804;              668;                    1851349;                                     0,029967
       407;       545;         1;BR      ;30/10/2022 18:26:59;         472075;     156454011;          714;                 237453;                                     0,502998;      250096;              77989774;        199177;                61979295;               186474;                       59262429;            95749;                   29452597;                                     0,496986;                      90725;                             29809832;                                     0,503014;               3881;                       856695;                                     0,013822;             8822;                    1860171;                                     0,030013
       407;       545;         1;BR      ;30/10/2022 18:27:01;         472075;     156454011;           35;                 237488;                                     0,503073;       11528;              78001302;          8945;                61988240;                 8423;                       59270852;             3561;                   29456158;                                     0,496975;                       4862;                             29814694;                                     0,503025;                153;                       856848;                                     0,013823;              369;                    1860540;                                     0,030014
       407;       545;         1;BR      ;30/10/2022 18:27:02;         472075;     156454011;           93;                 237581;                                     0,503270;       31916;              78033218;         25150;                62013390;                23772;                       59294624;             9906;                   29466064;                                     0,496943;                      13866;                             29828560;                                     0,503057;                424;                       857272;                                     0,013824;              954;                    1861494;                                     0,030018
       407;       545;         1;BR      ;30/10/2022 18:27:03;         472075;     156454011;          194;                 237775;                                     0,503681;       64611;              78097829;         51506;                62064896;                48619;                       59343243;            20482;                   29486546;                                     0,496881;                      28137;                             29856697;                                     0,503119;                903;                       858175;                                     0,013827;             1984;                    1863478;                                     0,030025
       407;       545;         1;BR      ;30/10/2022 18:27:04;         472075;     156454011;          172;                 237947;                                     0,504045;       59502;              78157331;         46390;                62111286;                43949;                       59387192;            17320;                   29503866;                                     0,496805;                      26629;                             29883326;                                     0,503195;                865;                       859040;                                     0,013831;             1576;                    1865054;                                     0,030028
       407;       545;         1;BR      ;30/10/2022 18:27:05;         472075;     156454011;          133;                 238080;                                     0,504327;       42799;              78200130;         33108;                62144394;                31426;                       59418618;            12622;                   29516488;                                     0,496755;                      18804;                             29902130;                                     0,503245;                538;                       859578;                                     0,013832;             1144;                    1866198;                                     0,030030
       407;       545;         1;BR      ;30/10/2022 18:27:07;         472075;     156454011;           39;                 238119;                                     0,504409;       12486;              78212616;          9789;                62154183;                 9299;                       59427917;             4073;                   29520561;                                     0,496746;                       5226;                             29907356;                                     0,503254;                146;                       859724;                                     0,013832;              344;                    1866542;                                     0,030031
       407;       545;         1;BR      ;30/10/2022 18:27:08;         472075;     156454011;           50;                 238169;                                     0,504515;       16269;              78228885;         13260;                62167443;                12791;                       59440708;             4754;                   29525315;                                     0,496719;                       8037;                             29915393;                                     0,503281;                193;                       859917;                                     0,013832;              276;                    1866818;                                     0,030029
       407;       545;         1;BR      ;30/10/2022 18:27:09;         472075;     156454011;          260;                 238429;                                     0,505066;       84008;              78312893;         67783;                62235226;                65586;                       59506294;            31315;                   29556630;                                     0,496698;                      34271;                             29949664;                                     0,503302;                846;                       860763;                                     0,013831;             1351;                    1868169;                                     0,030018
       407;       545;         1;BR      ;30/10/2022 18:27:10;         472075;     156454011;          142;                 238571;                                     0,505367;       45383;              78358276;         35770;                62270996;                34395;                       59540689;            20031;                   29576661;                                     0,496747;                      14364;                             29964028;                                     0,503253;                382;                       861145;                                     0,013829;              993;                    1869162;                                     0,030017
       407;       545;         1;BR      ;30/10/2022 18:27:11;         472075;     156454011;          225;                 238796;                                     0,505843;       74808;              78433084;         60635;                62331631;                56971;                       59597660;            38579;                   29615240;                                     0,496920;                      18392;                             29982420;                                     0,503080;                862;                       862007;                                     0,013829;             2802;                    1871964;                                     0,030032
       407;       545;         1;BR      ;30/10/2022 18:27:12;         472075;     156454011;          101;                 238897;                                     0,506057;       32982;              78466066;         26404;                62358035;                25128;                       59622788;            17133;                   29632373;                                     0,496997;                       7995;                             29990415;                                     0,503003;                345;                       862352;                                     0,013829;              931;                    1872895;                                     0,030035
       407;       545;         1;BR      ;30/10/2022 18:27:13;         472075;     156454011;            7;                 238904;                                     0,506072;        1987;              78468053;          1512;                62359547;                 1448;                       59624236;              900;                   29633273;                                     0,497000;                        548;                             29990963;                                     0,503000;                 12;                       862364;                                     0,013829;               52;                    1872947;                                     0,030035
       407;       545;         1;BR      ;30/10/2022 18:27:14;         472075;     156454011;           37;                 238941;                                     0,506151;       12449;              78480502;          9545;                62369092;                 8935;                       59633171;             7135;                   29640408;                                     0,497046;                       1800;                             29992763;                                     0,502954;                149;                       862513;                                     0,013829;              461;                    1873408;                                     0,030037
       407;       545;         1;BR      ;30/10/2022 18:27:16;         472075;     156454011;           12;                 238953;                                     0,506176;        4193;              78484695;          3315;                62372407;                 3137;                       59636308;             2471;                   29642879;                                     0,497061;                        666;                             29993429;                                     0,502939;                 41;                       862554;                                     0,013829;              137;                    1873545;                                     0,030038
       407;       545;         1;BR      ;30/10/2022 18:27:17;         472075;     156454011;          171;                 239124;                                     0,506538;       56766;              78541461;         44471;                62416878;                42582;                       59678890;            23375;                   29666254;                                     0,497098;                      19207;                             30012636;                                     0,502902;                448;                       863002;                                     0,013826;             1441;                    1874986;                                     0,030040
       407;       545;         1;BR      ;30/10/2022 18:27:18;         472075;     156454011;          130;                 239254;                                     0,506814;       43502;              78584963;         32876;                62449754;                31781;                       59710671;            16615;                   29682869;                                     0,497112;                      15166;                             30027802;                                     0,502888;                360;                       863362;                                     0,013825;              735;                    1875721;                                     0,030036
       407;       545;         1;BR      ;30/10/2022 18:27:19;         472075;     156454011;          201;                 239455;                                     0,507239;       64617;              78649580;         51816;                62501570;                49631;                       59760302;            19716;                   29702585;                                     0,497029;                      29915;                             30057717;                                     0,502971;                897;                       864259;                                     0,013828;             1288;                    1877009;                                     0,030031
       407;       545;         1;BR      ;30/10/2022 18:27:20;         472075;     156454011;           83;                 239538;                                     0,507415;       26240;              78675820;         21533;                62523103;                20328;                       59780630;            11059;                   29713644;                                     0,497045;                       9269;                             30066986;                                     0,502955;                318;                       864577;                                     0,013828;              887;                    1877896;                                     0,030035
       407;       545;         1;BR      ;30/10/2022 18:27:21;         472075;     156454011;           45;                 239583;                                     0,507510;       14514;              78690334;         12219;                62535322;                11581;                       59792211;             7616;                   29721260;                                     0,497076;                       3965;                             30070951;                                     0,502924;                140;                       864717;                                     0,013828;              498;                    1878394;                                     0,030037
       407;       545;         1;BR      ;30/10/2022 18:27:22;         472075;     156454011;          158;                 239741;                                     0,507845;       56545;              78746879;         47616;                62582938;                44889;                       59837100;            27190;                   29748450;                                     0,497157;                      17699;                             30088650;                                     0,502843;                657;                       865374;                                     0,013828;             2070;                    1880464;                                     0,030048
       407;       545;         1;BR      ;30/10/2022 18:27:23;         472075;     156454011;           94;                 239835;                                     0,508044;       31435;              78778314;         26849;                62609787;                25024;                       59862124;            13290;                   29761740;                                     0,497171;                      11734;                             30100384;                                     0,502829;                384;                       865758;                                     0,013828;             1441;                    1881905;                                     0,030058
       407;       545;         1;BR      ;30/10/2022 18:27:24;         472075;     156454011;           11;                 239846;                                     0,508068;        3597;              78781911;          2992;                62612779;                 2804;                       59864928;             2191;                   29763931;                                     0,497185;                        613;                             30100997;                                     0,502815;                 34;                       865792;                                     0,013828;              154;                    1882059;                                     0,030059
       407;       545;         1;BR      ;30/10/2022 18:27:25;         472075;     156454011;           26;                 239872;                                     0,508123;        9437;              78791348;          7826;                62620605;                 7397;                       59872325;             3230;                   29767161;                                     0,497177;                       4167;                             30105164;                                     0,502823;                106;                       865898;                                     0,013828;              323;                    1882382;                                     0,030060
       407;       545;         1;BR      ;30/10/2022 18:27:26;         472075;     156454011;           42;                 239914;                                     0,508212;       12740;              78804088;          9748;                62630353;                 9265;                       59881590;             5372;                   29772533;                                     0,497190;                       3893;                             30109057;                                     0,502810;                118;                       866016;                                     0,013827;              365;                    1882747;                                     0,030061
       407;       545;         1;BR      ;30/10/2022 18:27:27;         472075;     156454011;           37;                 239951;                                     0,508290;       11150;              78815238;          8387;                62638740;                 8054;                       59889644;             3388;                   29775921;                                     0,497180;                       4666;                             30113723;                                     0,502820;                 68;                       866084;                                     0,013827;              265;                    1883012;                                     0,030061
       407;       545;         1;BR      ;30/10/2022 18:27:28;         472075;     156454011;           96;                 240047;                                     0,508493;       28567;              78843805;         23122;                62661862;                21873;                       59911517;            14578;                   29790499;                                     0,497242;                       7295;                             30121018;                                     0,502758;                325;                       866409;                                     0,013827;              924;                    1883936;                                     0,030065
       407;       545;         1;BR      ;30/10/2022 18:27:29;         472075;     156454011;           93;                 240140;                                     0,508690;       32613;              78876418;         27316;                62689178;                26357;                       59937874;             8216;                   29798715;                                     0,497160;                      18141;                             30139159;                                     0,502840;                346;                       866755;                                     0,013826;              613;                    1884549;                                     0,030062
       407;       545;         1;BR      ;30/10/2022 18:27:30;         472075;     156454011;           64;                 240204;                                     0,508826;       22302;              78898720;         18327;                62707505;                17838;                       59955712;             4965;                   29803680;                                     0,497095;                      12873;                             30152032;                                     0,502905;                196;                       866951;                                     0,013825;              293;                    1884842;                                     0,030058
       407;       545;         1;BR      ;30/10/2022 18:27:31;         472075;     156454011;           51;                 240255;                                     0,508934;       17263;              78915983;         14024;                62721529;                13559;                       59969271;             4538;                   29808218;                                     0,497058;                       9021;                             30161053;                                     0,502942;                206;                       867157;                                     0,013826;              259;                    1885101;                                     0,030055
       407;       545;         1;BR      ;30/10/2022 18:27:32;         472075;     156454011;           29;                 240284;                                     0,508995;        9180;              78925163;          7195;                62728724;                 6965;                       59976236;             2427;                   29810645;                                     0,497041;                       4538;                             30165591;                                     0,502959;                 87;                       867244;                                     0,013825;              143;                    1885244;                                     0,030054
       407;       545;         1;BR      ;30/10/2022 18:27:33;         472075;     156454011;            6;                 240290;                                     0,509008;        1981;              78927144;          1583;                62730307;                 1500;                       59977736;              431;                   29811076;                                     0,497036;                       1069;                             30166660;                                     0,502964;                 39;                       867283;                                     0,013826;               44;                    1885288;                                     0,030054
       407;       545;         1;BR      ;30/10/2022 18:27:34;         472075;     156454011;           19;                 240309;                                     0,509048;        5534;              78932678;          4427;                62734734;                 4223;                       59981959;             1992;                   29813068;                                     0,497034;                       2231;                             30168891;                                     0,502966;                 53;                       867336;                                     0,013825;              151;                    1885439;                                     0,030054
       407;       545;         1;BR      ;30/10/2022 18:27:35;         472075;     156454011;           52;                 240361;                                     0,509159;       16765;              78949443;         13108;                62747842;                12414;                       59994373;             5671;                   29818739;                                     0,497026;                       6743;                             30175634;                                     0,502974;                239;                       867575;                                     0,013826;              455;                    1885894;                                     0,030055
       407;       545;         1;BR      ;30/10/2022 18:27:36;         472075;     156454011;           29;                 240390;                                     0,509220;        8835;              78958278;          6865;                62754707;                 6499;                       60000872;             2988;                   29821727;                                     0,497022;                       3511;                             30179145;                                     0,502978;                 72;                       867647;                                     0,013826;              294;                    1886188;                                     0,030057
       407;       545;         1;BR      ;30/10/2022 18:27:57;         472075;     156454011;          299;                 240689;                                     0,509853;       95302;              79053580;         79467;                62834174;                76527;                       60077399;            49031;                   29870758;                                     0,497205;                      27496;                             30206641;                                     0,502795;               1002;                       868649;                                     0,013824;             1938;                    1888126;                                     0,030049
       407;       545;         1;BR      ;30/10/2022 18:27:58;         472075;     156454011;          206;                 240895;                                     0,510290;       68442;              79122022;         53790;                62887964;                51410;                       60128809;            25655;                   29896413;                                     0,497206;                      25755;                             30232396;                                     0,502794;                813;                       869462;                                     0,013826;             1567;                    1889693;                                     0,030049
       407;       545;         1;BR      ;30/10/2022 18:27:59;         472075;     156454011;          456;                 241351;                                     0,511256;      174352;              79296374;        135275;                63023239;               129451;                       60258260;            55284;                   29951697;                                     0,497055;                      74167;                             30306563;                                     0,502945;               1688;                       871150;                                     0,013823;             4136;                    1893829;                                     0,030050
       407;       545;         1;BR      ;30/10/2022 18:28:00;         472075;     156454011;          192;                 241543;                                     0,511662;       64128;              79360502;         50566;                63073805;                48657;                       60306917;            20100;                   29971797;                                     0,496988;                      28557;                             30335120;                                     0,503012;                637;                       871787;                                     0,013822;             1272;                    1895101;                                     0,030046
       407;       545;         1;BR      ;30/10/2022 18:28:01;         472075;     156454011;          229;                 241772;                                     0,512147;       74079;              79434581;         57238;                63131043;                55495;                       60362412;            35699;                   30007496;                                     0,497122;                      19796;                             30354916;                                     0,502878;                637;                       872424;                                     0,013819;             1106;                    1896207;                                     0,030036
       407;       545;         1;BR      ;30/10/2022 18:28:02;         472075;     156454011;           80;                 241852;                                     0,512317;       28103;              79462684;         22304;                63153347;                21627;                       60384039;             8128;                   30015624;                                     0,497079;                      13499;                             30368415;                                     0,502921;                213;                       872637;                                     0,013818;              464;                    1896671;                                     0,030033
       407;       545;         1;BR      ;30/10/2022 18:28:03;         472075;     156454011;           81;                 241933;                                     0,512488;       25413;              79488097;         20222;                63173569;                19604;                       60403643;             9808;                   30025432;                                     0,497080;                       9796;                             30378211;                                     0,502920;                238;                       872875;                                     0,013817;              380;                    1897051;                                     0,030029
       407;       545;         1;BR      ;30/10/2022 18:28:04;         472075;     156454011;          120;                 242053;                                     0,512743;       40835;              79528932;         32480;                63206049;                31253;                       60434896;            19513;                   30044945;                                     0,497146;                      11740;                             30389951;                                     0,502854;                393;                       873268;                                     0,013816;              834;                    1897885;                                     0,030027
       407;       545;         1;BR      ;30/10/2022 18:28:05;         472075;     156454011;          450;                 242503;                                     0,513696;      158202;              79687134;        125339;                63331388;               117013;                       60551909;            59462;                   30104407;                                     0,497167;                      57551;                             30447502;                                     0,502833;               2534;                       875802;                                     0,013829;             5792;                    1903677;                                     0,030059
       407;       545;         1;BR      ;30/10/2022 18:28:06;         472075;     156454011;           31;                 242534;                                     0,513762;       11353;              79698487;          8977;                63340365;                 8475;                       60560384;             3588;                   30107995;                                     0,497157;                       4887;                             30452389;                                     0,502843;                169;                       875971;                                     0,013830;              333;                    1904010;                                     0,030060
       407;       545;         1;BR      ;30/10/2022 18:28:07;         472075;     156454011;          128;                 242662;                                     0,514033;       44798;              79743285;         35205;                63375570;                33202;                       60593586;            16488;                   30124483;                                     0,497156;                      16714;                             30469103;                                     0,502844;                600;                       876571;                                     0,013831;             1403;                    1905413;                                     0,030065
       407;       545;         1;BR      ;30/10/2022 18:28:08;         472075;     156454011;          158;                 242820;                                     0,514367;       53981;              79797266;         42133;                63417703;                39848;                       60633434;            14648;                   30139131;                                     0,497071;                      25200;                             30494303;                                     0,502929;                741;                       877312;                                     0,013834;             1544;                    1906957;                                     0,030070
       407;       545;         1;BR      ;30/10/2022 18:28:09;         472075;     156454011;          118;                 242938;                                     0,514617;       38088;              79835354;         29711;                63447414;                28053;                       60661487;            13019;                   30152150;                                     0,497056;                      15034;                             30509337;                                     0,502944;                561;                       877873;                                     0,013836;             1097;                    1908054;                                     0,030073
       407;       545;         1;BR      ;30/10/2022 18:28:10;         472075;     156454011;           98;                 243036;                                     0,514825;       33081;              79868435;         25632;                63473046;                24200;                       60685687;            10588;                   30162738;                                     0,497032;                      13612;                             30522949;                                     0,502968;                475;                       878348;                                     0,013838;              957;                    1909011;                                     0,030076
       407;       545;         1;BR      ;30/10/2022 18:28:11;         472075;     156454011;          187;                 243223;                                     0,515221;       64094;              79932529;         50478;                63523524;                47953;                       60733640;            19846;                   30182584;                                     0,496966;                      28107;                             30551056;                                     0,503034;                856;                       879204;                                     0,013841;             1669;                    1910680;                                     0,030078
       407;       545;         1;BR      ;30/10/2022 18:28:12;         472075;     156454011;           16;                 243239;                                     0,515255;        5717;              79938246;          4385;                63527909;                 4158;                       60737798;             1587;                   30184171;                                     0,496959;                       2571;                             30553627;                                     0,503041;                 87;                       879291;                                     0,013841;              140;                    1910820;                                     0,030078
       407;       545;         1;BR      ;30/10/2022 18:28:14;         472075;     156454011;           12;                 243251;                                     0,515280;        3047;              79941293;          2516;                63530425;                 2465;                       60740263;              867;                   30185038;                                     0,496953;                       1598;                             30555225;                                     0,503047;                 26;                       879317;                                     0,013841;               25;                    1910845;                                     0,030078
       407;       545;         1;BR      ;30/10/2022 18:28:15;         472075;     156454011;           29;                 243280;                                     0,515342;        8930;              79950223;          7276;                63537701;                 7026;                       60747289;             2465;                   30187503;                                     0,496936;                       4561;                             30559786;                                     0,503064;                 92;                       879409;                                     0,013841;              158;                    1911003;                                     0,030077
       407;       545;         1;BR      ;30/10/2022 18:28:16;         472075;     156454011;          191;                 243471;                                     0,515746;       66199;              80016422;         53704;                63591405;                51763;                       60799052;            22271;                   30209774;                                     0,496879;                      29492;                             30589278;                                     0,503121;                835;                       880244;                                     0,013842;             1106;                    1912109;                                     0,030069
       407;       545;         1;BR      ;30/10/2022 18:28:17;         472075;     156454011;          173;                 243644;                                     0,516113;       53146;              80069568;         42138;                63633543;                40511;                       60839563;            22931;                   30232705;                                     0,496925;                      17580;                             30606858;                                     0,503075;                484;                       880728;                                     0,013841;             1143;                    1913252;                                     0,030067
       407;       545;         1;BR      ;30/10/2022 18:28:18;         472075;     156454011;          233;                 243877;                                     0,516606;       78526;              80148094;         64279;                63697822;                60332;                       60899895;            43775;                   30276480;                                     0,497152;                      16557;                             30623415;                                     0,502848;                852;                       881580;                                     0,013840;             3095;                    1916347;                                     0,030085
       407;       545;         1;BR      ;30/10/2022 18:28:19;         472075;     156454011;           42;                 243919;                                     0,516695;       13335;              80161429;         10479;                63708301;                 9954;                       60909849;             6911;                   30283391;                                     0,497184;                       3043;                             30626458;                                     0,502816;                155;                       881735;                                     0,013840;              370;                    1916717;                                     0,030086
       407;       545;         1;BR      ;30/10/2022 18:28:20;         472075;     156454011;           87;                 244006;                                     0,516880;       25514;              80186943;         20703;                63729004;                19599;                       60929448;            14695;                   30298086;                                     0,497265;                       4904;                             30631362;                                     0,502735;                288;                       882023;                                     0,013840;              816;                    1917533;                                     0,030089
       407;       545;         1;BR      ;30/10/2022 18:28:21;         472075;     156454011;           57;                 244063;                                     0,517000;       18042;              80204985;         13612;                63742616;                12841;                       60942289;            10088;                   30308174;                                     0,497326;                       2753;                             30634115;                                     0,502674;                213;                       882236;                                     0,013841;              558;                    1918091;                                     0,030091
       407;       545;         1;BR      ;30/10/2022 18:28:22;         472075;     156454011;           25;                 244088;                                     0,517053;        7978;              80212963;          6215;                63748831;                 5999;                       60948288;             4433;                   30312607;                                     0,497350;                       1566;                             30635681;                                     0,502650;                 59;                       882295;                                     0,013840;              157;                    1918248;                                     0,030091
       407;       545;         1;BR      ;30/10/2022 18:28:23;         472075;     156454011;           97;                 244185;                                     0,517259;       31299;              80244262;         23901;                63772732;                23334;                       60971622;            12675;                   30325282;                                     0,497367;                      10659;                             30646340;                                     0,502633;                219;                       882514;                                     0,013838;              348;                    1918596;                                     0,030085
       407;       545;         1;BR      ;30/10/2022 18:28:24;         472075;     156454011;          242;                 244427;                                     0,517772;       81957;              80326219;         63896;                63836628;                60603;                       61032225;            32300;                   30357582;                                     0,497403;                      28303;                             30674643;                                     0,502597;               1071;                       883585;                                     0,013841;             2222;                    1920818;                                     0,030090
       407;       545;         1;BR      ;30/10/2022 18:28:25;         472075;     156454011;          155;                 244582;                                     0,518100;       50910;              80377129;         40667;                63877295;                38814;                       61071039;            16955;                   30374537;                                     0,497364;                      21859;                             30696502;                                     0,502636;                743;                       884328;                                     0,013844;             1110;                    1921928;                                     0,030088
       407;       545;         1;BR      ;30/10/2022 18:28:26;         472075;     156454011;            2;                 244584;                                     0,518104;         165;              80377294;           134;                63877429;                  126;                       61071165;               55;                   30374592;                                     0,497364;                         71;                             30696573;                                     0,502636;                  4;                       884332;                                     0,013844;                4;                    1921932;                                     0,030088
       407;       545;         1;BR      ;30/10/2022 18:28:27;         472075;     156454011;           51;                 244635;                                     0,518212;       17827;              80395121;         14967;                63892396;                14112;                       61085277;             7653;                   30382245;                                     0,497374;                       6459;                             30703032;                                     0,502626;                178;                       884510;                                     0,013844;              677;                    1922609;                                     0,030091
       407;       545;         1;BR      ;30/10/2022 18:28:28;         472075;     156454011;           81;                 244716;                                     0,518384;       25978;              80421099;         21257;                63913653;                20007;                       61105284;            12781;                   30395026;                                     0,497421;                       7226;                             30710258;                                     0,502579;                292;                       884802;                                     0,013844;              958;                    1923567;                                     0,030096
       407;       545;         1;BR      ;30/10/2022 18:28:29;         472075;     156454011;           33;                 244749;                                     0,518454;       11181;              80432280;          9240;                63922893;                 8678;                       61113962;             6274;                   30401300;                                     0,497453;                       2404;                             30712662;                                     0,502547;                107;                       884909;                                     0,013843;              455;                    1924022;                                     0,030099
       407;       545;         1;BR      ;30/10/2022 18:28:30;         472075;     156454011;          162;                 244911;                                     0,518797;       55979;              80488259;         47100;                63969993;                44088;                       61158050;            26928;                   30428228;                                     0,497534;                      17160;                             30729822;                                     0,502466;                617;                       885526;                                     0,013843;             2395;                    1926417;                                     0,030114
       407;       545;         1;BR      ;30/10/2022 18:28:31;         472075;     156454011;           24;                 244935;                                     0,518848;        8548;              80496807;          6202;                63976195;                 5854;                       61163904;             4081;                   30432309;                                     0,497553;                       1773;                             30731595;                                     0,502447;                 46;                       885572;                                     0,013842;              302;                    1926719;                                     0,030116
       407;       545;         1;BR      ;30/10/2022 18:28:32;         472075;     156454011;           46;                 244981;                                     0,518945;       14635;              80511442;         11708;                63987903;                11100;                       61175004;             5379;                   30437688;                                     0,497551;                       5721;                             30737316;                                     0,502449;                130;                       885702;                                     0,013842;              478;                    1927197;                                     0,030118
       407;       545;         1;BR      ;30/10/2022 18:28:33;         472075;     156454011;           36;                 245017;                                     0,519021;       11160;              80522602;          8420;                63996323;                 8110;                       61183114;             3543;                   30441231;                                     0,497543;                       4567;                             30741883;                                     0,502457;                 92;                       885794;                                     0,013841;              218;                    1927415;                                     0,030118
       407;       545;         1;BR      ;30/10/2022 18:28:34;         472075;     156454011;           24;                 245041;                                     0,519072;        6936;              80529538;          5365;                64001688;                 5102;                       61188216;             3852;                   30445083;                                     0,497564;                       1250;                             30743133;                                     0,502436;                 55;                       885849;                                     0,013841;              208;                    1927623;                                     0,030118
       407;       545;         1;BR      ;30/10/2022 18:28:35;         472075;     156454011;           74;                 245115;                                     0,519229;       26014;              80555552;         21366;                64023054;                20360;                       61208576;             9558;                   30454641;                                     0,497555;                      10802;                             30753935;                                     0,502445;                291;                       886140;                                     0,013841;              715;                    1928338;                                     0,030119
       407;       545;         1;BR      ;30/10/2022 18:28:36;         472075;     156454011;           17;                 245132;                                     0,519265;        6128;              80561680;          5133;                64028187;                 4984;                       61213560;             1328;                   30455969;                                     0,497536;                       3656;                             30757591;                                     0,502464;                 47;                       886187;                                     0,013841;              102;                    1928440;                                     0,030119
       407;       545;         1;BR      ;30/10/2022 18:28:37;         472075;     156454011;           24;                 245156;                                     0,519316;        8229;              80569909;          6826;                64035013;                 6678;                       61220238;             2036;                   30458005;                                     0,497515;                       4642;                             30762233;                                     0,502485;                 57;                       886244;                                     0,013840;               91;                    1928531;                                     0,030117
       407;       545;         1;BR      ;30/10/2022 18:28:38;         472075;     156454011;           45;                 245201;                                     0,519411;       15777;              80585686;         13355;                64048368;                12942;                       61233180;             3745;                   30461750;                                     0,497471;                       9197;                             30771430;                                     0,502529;                170;                       886414;                                     0,013840;              243;                    1928774;                                     0,030114
       407;       545;         1;BR      ;30/10/2022 18:28:39;         472075;     156454011;           36;                 245237;                                     0,519487;       12128;              80597814;          9888;                64058256;                 9588;                       61242768;             3020;                   30464770;                                     0,497443;                       6568;                             30777998;                                     0,502557;                140;                       886554;                                     0,013840;              160;                    1928934;                                     0,030112
       407;       545;         1;BR      ;30/10/2022 18:28:40;         472075;     156454011;           56;                 245293;                                     0,519606;       17055;              80614869;         13372;                64071628;                12724;                       61255492;             5432;                   30470202;                                     0,497428;                       7292;                             30785290;                                     0,502572;                258;                       886812;                                     0,013841;              390;                    1929324;                                     0,030112
       407;       545;         1;BR      ;30/10/2022 18:28:42;         472075;     156454011;           25;                 245318;                                     0,519659;        7251;              80622120;          5668;                64077296;                 5446;                       61260938;             2181;                   30472383;                                     0,497419;                       3265;                             30788555;                                     0,502581;                 75;                       886887;                                     0,013841;              147;                    1929471;                                     0,030112
       407;       545;         1;BR      ;30/10/2022 18:28:43;         472075;     156454011;            4;                 245322;                                     0,519667;        1010;              80623130;           797;                64078093;                  749;                       61261687;              191;                   30472574;                                     0,497417;                        558;                             30789113;                                     0,502583;                 18;                       886905;                                     0,013841;               30;                    1929501;                                     0,030112
       407;       545;         1;BR      ;30/10/2022 18:29:02;         472075;     156454011;          141;                 245463;                                     0,519966;       44687;              80667817;         33979;                64112072;                32171;                       61293858;            17838;                   30490412;                                     0,497446;                      14333;                             30803446;                                     0,502554;                433;                       887338;                                     0,013840;             1375;                    1930876;                                     0,030117
       407;       545;         1;BR      ;30/10/2022 18:29:03;         472075;     156454011;          269;                 245732;                                     0,520536;       83465;              80751282;         70376;                64182448;                67842;                       61361700;            44321;                   30534733;                                     0,497619;                      23521;                             30826967;                                     0,502381;                865;                       888203;                                     0,013839;             1669;                    1932545;                                     0,030110
       407;       545;         1;BR      ;30/10/2022 18:29:04;         472075;     156454011;          195;                 245927;                                     0,520949;       65987;              80817269;         52188;                64234636;                50123;                       61411823;            25642;                   30560375;                                     0,497630;                      24481;                             30851448;                                     0,502370;                705;                       888908;                                     0,013838;             1360;                    1933905;                                     0,030107
       407;       545;         1;BR      ;30/10/2022 18:29:05;         472075;     156454011;          241;                 246168;                                     0,521460;       74504;              80891773;         60188;                64294824;                57556;                       61469379;            28955;                   30589330;                                     0,497635;                      28601;                             30880049;                                     0,502365;                921;                       889829;                                     0,013840;             1711;                    1935616;                                     0,030105
       407;       545;         1;BR      ;30/10/2022 18:29:06;         472075;     156454011;          350;                 246518;                                     0,522201;      120437;              81012210;         93347;                64388171;                89672;                       61559051;            36399;                   30625729;                                     0,497502;                      53273;                             30933322;                                     0,502498;               1230;                       891059;                                     0,013839;             2445;                    1938061;                                     0,030100
       407;       545;         1;BR      ;30/10/2022 18:29:07;         472075;     156454011;          379;                 246897;                                     0,523004;      139571;              81151781;        108656;                64496827;               104357;                       61663408;            53878;                   30679607;                                     0,497533;                      50479;                             30983801;                                     0,502467;               1324;                       892383;                                     0,013836;             2975;                    1941036;                                     0,030095
       407;       545;         1;BR      ;30/10/2022 18:29:08;         472075;     156454011;          183;                 247080;                                     0,523391;       62749;              81214530;         49314;                64546141;                47762;                       61711170;            27593;                   30707200;                                     0,497595;                      20169;                             31003970;                                     0,502405;                587;                       892970;                                     0,013835;              965;                    1942001;                                     0,030087
       407;       545;         1;BR      ;30/10/2022 18:29:09;         472075;     156454011;          106;                 247186;                                     0,523616;       37087;              81251617;         29886;                64576027;                28848;                       61740018;            14382;                   30721582;                                     0,497596;                      14466;                             31018436;                                     0,502404;                318;                       893288;                                     0,013833;              720;                    1942721;                                     0,030084
       407;       545;         1;BR      ;30/10/2022 18:29:10;         472075;     156454011;           55;                 247241;                                     0,523732;       18143;              81269760;         14925;                64590952;                14272;                       61754290;             7290;                   30728872;                                     0,497599;                       6982;                             31025418;                                     0,502401;                214;                       893502;                                     0,013833;              439;                    1943160;                                     0,030084
       407;       545;         1;BR      ;30/10/2022 18:29:11;         472075;     156454011;          154;                 247395;                                     0,524059;       50383;              81320143;         39614;                64630566;                37685;                       61791975;            18189;                   30747061;                                     0,497590;                      19496;                             31044914;                                     0,502410;                634;                       894136;                                     0,013835;             1295;                    1944455;                                     0,030086
       407;       545;         1;BR      ;30/10/2022 18:29:12;         472075;     156454011;          638;                 248033;                                     0,525410;      227348;              81547491;        180224;                64810790;               168514;                       61960489;            84599;                   30831660;                                     0,497602;                      83915;                             31128829;                                     0,502398;               3525;                       897661;                                     0,013850;             8185;                    1952640;                                     0,030128
       407;       545;         1;BR      ;30/10/2022 18:29:13;         472075;     156454011;           84;                 248117;                                     0,525588;       29403;              81576894;         23349;                64834139;                22083;                       61982572;             8541;                   30840201;                                     0,497562;                      13542;                             31142371;                                     0,502438;                437;                       898098;                                     0,013852;              829;                    1953469;                                     0,030130
       407;       545;         1;BR      ;30/10/2022 18:29:14;         472075;     156454011;           99;                 248216;                                     0,525798;       32635;              81609529;         26126;                64860265;                24457;                       62007029;            10386;                   30850587;                                     0,497534;                      14071;                             31156442;                                     0,502466;                518;                       898616;                                     0,013855;             1151;                    1954620;                                     0,030136
       407;       545;         1;BR      ;30/10/2022 18:29:15;         472075;     156454011;           94;                 248310;                                     0,525997;       32094;              81641623;         24899;                64885164;                23447;                       62030476;            10842;                   30861429;                                     0,497520;                      12605;                             31169047;                                     0,502480;                479;                       899095;                                     0,013857;              973;                    1955593;                                     0,030139
       407;       545;         1;BR      ;30/10/2022 18:29:16;         472075;     156454011;          247;                 248557;                                     0,526520;       80877;              81722500;         63369;                64948533;                59968;                       62090444;            22600;                   30884029;                                     0,497404;                      37368;                             31206415;                                     0,502596;               1092;                       900187;                                     0,013860;             2309;                    1957902;                                     0,030145
       407;       545;         1;BR      ;30/10/2022 18:29:17;         472075;     156454011;          106;                 248663;                                     0,526745;       34295;              81756795;         27327;                64975860;                26138;                       62116582;             9586;                   30893615;                                     0,497349;                      16552;                             31222967;                                     0,502651;                399;                       900586;                                     0,013860;              790;                    1958692;                                     0,030145
       407;       545;         1;BR      ;30/10/2022 18:29:18;         472075;     156454011;           33;                 248696;                                     0,526815;       11258;              81768053;          9361;                64985221;                 9076;                       62125658;             3164;                   30896779;                                     0,497327;                       5912;                             31228879;                                     0,502673;                110;                       900696;                                     0,013860;              175;                    1958867;                                     0,030143
       407;       545;         1;BR      ;30/10/2022 18:29:19;         472075;     156454011;           43;                 248739;                                     0,526906;       14574;              81782627;         12039;                64997260;                11588;                       62137246;             4112;                   30900891;                                     0,497301;                       7476;                             31236355;                                     0,502699;                190;                       900886;                                     0,013860;              261;                    1959128;                                     0,030142
       407;       545;         1;BR      ;30/10/2022 18:29:20;         472075;     156454011;           30;                 248769;                                     0,526969;       10286;              81792913;          8207;                65005467;                 7931;                       62145177;             3827;                   30904718;                                     0,497299;                       4104;                             31240459;                                     0,502701;                116;                       901002;                                     0,013860;              160;                    1959288;                                     0,030140
       407;       545;         1;BR      ;30/10/2022 18:29:21;         472075;     156454011;           34;                 248803;                                     0,527041;       10651;              81803564;          8798;                65014265;                 8524;                       62153701;             6079;                   30910797;                                     0,497328;                       2445;                             31242904;                                     0,502672;                 88;                       901090;                                     0,013860;              186;                    1959474;                                     0,030139
       407;       545;         1;BR      ;30/10/2022 18:29:22;         472075;     156454011;          108;                 248911;                                     0,527270;       33005;              81836569;         25463;                65039728;                24706;                       62178407;            12460;                   30923257;                                     0,497331;                      12246;                             31255150;                                     0,502669;                209;                       901299;                                     0,013858;              548;                    1960022;                                     0,030136
       407;       545;         1;BR      ;30/10/2022 18:29:23;         472075;     156454011;           84;                 248995;                                     0,527448;       27931;              81864500;         22297;                65062025;                21082;                       62199489;            14103;                   30937360;                                     0,497389;                       6979;                             31262129;                                     0,502611;                313;                       901612;                                     0,013858;              902;                    1960924;                                     0,030139
       407;       545;         1;BR      ;30/10/2022 18:29:24;         472075;     156454011;          112;                 249107;                                     0,527685;       40834;              81905334;         33185;                65095210;                31064;                       62230553;            21629;                   30958989;                                     0,497489;                       9435;                             31271564;                                     0,502511;                528;                       902140;                                     0,013859;             1593;                    1962517;                                     0,030148
       407;       545;         1;BR      ;30/10/2022 18:29:25;         472075;     156454011;           56;                 249163;                                     0,527804;       17898;              81923232;         13683;                65108893;                12994;                       62243547;            10176;                   30969165;                                     0,497548;                       2818;                             31274382;                                     0,502452;                166;                       902306;                                     0,013858;              523;                    1963040;                                     0,030150
       407;       545;         1;BR      ;30/10/2022 18:29:26;         472075;     156454011;          128;                 249291;                                     0,528075;       38948;              81962180;         31320;                65140213;                29540;                       62273087;            22027;                   30991192;                                     0,497666;                       7513;                             31281895;                                     0,502334;                430;                       902736;                                     0,013858;             1350;                    1964390;                                     0,030156
       407;       545;         1;BR      ;30/10/2022 18:29:27;         472075;     156454011;           31;                 249322;                                     0,528141;        9162;              81971342;          6941;                65147154;                 6611;                       62279698;             5350;                   30996542;                                     0,497699;                       1261;                             31283156;                                     0,502301;                 76;                       902812;                                     0,013858;              254;                    1964644;                                     0,030157
       407;       545;         1;BR      ;30/10/2022 18:29:28;         472075;     156454011;            3;                 249325;                                     0,528147;         798;              81972140;           592;                65147746;                  587;                       62280285;              426;                   30996968;                                     0,497701;                        161;                             31283317;                                     0,502299;                  1;                       902813;                                     0,013858;                4;                    1964648;                                     0,030157
       407;       545;         1;BR      ;30/10/2022 18:29:29;         472075;     156454011;          101;                 249426;                                     0,528361;       30365;              82002505;         23349;                65171095;                22868;                       62303153;            12470;                   31009438;                                     0,497719;                      10398;                             31293715;                                     0,502281;                174;                       902987;                                     0,013856;              307;                    1964955;                                     0,030151
       407;       545;         1;BR      ;30/10/2022 18:29:30;         472075;     156454011;          115;                 249541;                                     0,528605;       39659;              82042164;         30937;                65202032;                29773;                       62332926;            16375;                   31025813;                                     0,497744;                      13398;                             31307113;                                     0,502256;                436;                       903423;                                     0,013856;              728;                    1965683;                                     0,030148
       407;       545;         1;BR      ;30/10/2022 18:29:31;         472075;     156454011;          131;                 249672;                                     0,528882;       39731;              82081895;         32000;                65234032;                30612;                       62363538;            13626;                   31039439;                                     0,497718;                      16986;                             31324099;                                     0,502282;                563;                       903986;                                     0,013858;              825;                    1966508;                                     0,030145
       407;       545;         1;BR      ;30/10/2022 18:29:32;         472075;     156454011;           41;                 249713;                                     0,528969;       13383;              82095278;         10547;                65244579;                10028;                       62373566;             4455;                   31043894;                                     0,497709;                       5573;                             31329672;                                     0,502291;                202;                       904188;                                     0,013858;              317;                    1966825;                                     0,030145
       407;       545;         1;BR      ;30/10/2022 18:29:33;         472075;     156454011;           25;                 249738;                                     0,529022;        9385;              82104663;          8135;                65252714;                 7593;                       62381159;             4271;                   31048165;                                     0,497717;                       3322;                             31332994;                                     0,502283;                118;                       904306;                                     0,013859;              424;                    1967249;                                     0,030148
       407;       545;         1;BR      ;30/10/2022 18:29:34;         472075;     156454011;          140;                 249878;                                     0,529318;       46644;              82151307;         39233;                65291947;                36635;                       62417794;            22817;                   31070982;                                     0,497790;                      13818;                             31346812;                                     0,502210;                542;                       904848;                                     0,013858;             2056;                    1969305;                                     0,030162
       407;       545;         1;BR      ;30/10/2022 18:29:35;         472075;     156454011;          102;                 249980;                                     0,529535;       36304;              82187611;         30605;                65322552;                28772;                       62446566;            17620;                   31088602;                                     0,497843;                      11152;                             31357964;                                     0,502157;                399;                       905247;                                     0,013858;             1434;                    1970739;                                     0,030169
       407;       545;         1;BR      ;30/10/2022 18:29:36;         472075;     156454011;           19;                 249999;                                     0,529575;        5466;              82193077;          4698;                65327250;                 4355;                       62450921;             3186;                   31091788;                                     0,497860;                       1169;                             31359133;                                     0,502140;                 70;                       905317;                                     0,013858;              273;                    1971012;                                     0,030171
       407;       545;         1;BR      ;30/10/2022 18:29:37;         472075;     156454011;           26;                 250025;                                     0,529630;        8457;              82201534;          6687;                65333937;                 6290;                       62457211;             4728;                   31096516;                                     0,497885;                       1562;                             31360695;                                     0,502115;                 89;                       905406;                                     0,013858;              308;                    1971320;                                     0,030173
       407;       545;         1;BR      ;30/10/2022 18:29:38;         472075;     156454011;           38;                 250063;                                     0,529710;       11024;              82212558;          8155;                65342092;                 7851;                       62465062;             3204;                   31099720;                                     0,497874;                       4647;                             31365342;                                     0,502126;                 66;                       905472;                                     0,013857;              238;                    1971558;                                     0,030173
       407;       545;         1;BR      ;30/10/2022 18:29:39;         472075;     156454011;           50;                 250113;                                     0,529816;       15375;              82227933;         11940;                65354032;                11413;                       62476475;             5671;                   31105391;                                     0,497874;                       5742;                             31371084;                                     0,502126;                135;                       905607;                                     0,013857;              392;                    1971950;                                     0,030173
       407;       545;         1;BR      ;30/10/2022 18:29:40;         472075;     156454011;           62;                 250175;                                     0,529948;       21262;              82249195;         17616;                65371648;                16737;                       62493212;             9042;                   31114433;                                     0,497885;                       7695;                             31378779;                                     0,502115;                244;                       905851;                                     0,013857;              635;                    1972585;                                     0,030175
       407;       545;         1;BR      ;30/10/2022 18:29:41;         472075;     156454011;           27;                 250202;                                     0,530005;        8911;              82258106;          6895;                65378543;                 6657;                       62499869;             2598;                   31117031;                                     0,497874;                       4059;                             31382838;                                     0,502126;                 77;                       905928;                                     0,013857;              161;                    1972746;                                     0,030174
       407;       545;         1;BR      ;30/10/2022 18:29:42;         472075;     156454011;          116;                 250318;                                     0,530250;       39407;              82297513;         32680;                65411223;                31730;                       62531599;             9442;                   31126473;                                     0,497772;                      22288;                             31405126;                                     0,502228;                381;                       906309;                                     0,013856;              569;                    1973315;                                     0,030168
       407;       545;         1;BR      ;30/10/2022 18:29:43;         472075;     156454011;           79;                 250397;                                     0,530418;       25259;              82322772;         20894;                65432117;                20233;                       62551832;             6233;                   31132706;                                     0,497711;                      14000;                             31419126;                                     0,502289;                290;                       906599;                                     0,013856;              371;                    1973686;                                     0,030164
       407;       545;         1;BR      ;30/10/2022 18:29:44;         472075;     156454011;            1;                 250398;                                     0,530420;         333;              82323105;           276;                65432393;                  262;                       62552094;              102;                   31132808;                                     0,497710;                        160;                             31419286;                                     0,502290;                  7;                       906606;                                     0,013856;                7;                    1973693;                                     0,030164
       407;       545;         1;BR      ;30/10/2022 18:29:45;         472075;     156454011;            2;                 250400;                                     0,530424;         800;              82323905;           666;                65433059;                  641;                       62552735;              220;                   31133028;                                     0,497709;                        421;                             31419707;                                     0,502291;                  6;                       906612;                                     0,013856;               19;                    1973712;                                     0,030164
       407;       545;         1;BR      ;30/10/2022 18:29:46;         472075;     156454011;           48;                 250448;                                     0,530526;       14778;              82338683;         12341;                65445400;                11888;                       62564623;             4110;                   31137138;                                     0,497680;                       7778;                             31427485;                                     0,502320;                181;                       906793;                                     0,013856;              272;                    1973984;                                     0,030162
       407;       545;         1;BR      ;30/10/2022 18:29:47;         472075;     156454011;           72;                 250520;                                     0,530678;       21458;              82360141;         16801;                65462201;                15997;                       62580620;             7396;                   31144534;                                     0,497671;                       8601;                             31436086;                                     0,502329;                226;                       907019;                                     0,013856;              578;                    1974562;                                     0,030163
       407;       545;         1;BR      ;30/10/2022 18:29:48;         472075;     156454011;            1;                 250521;                                     0,530681;         204;              82360345;           158;                65462359;                  153;                       62580773;               46;                   31144580;                                     0,497670;                        107;                             31436193;                                     0,502330;                  0;                       907019;                                     0,013856;                5;                    1974567;                                     0,030163
       407;       545;         1;BR      ;30/10/2022 18:30:10;         472075;     156454011;          310;                 250831;                                     0,531337;       97327;              82457672;         81349;                65543708;                78278;                       62659051;            51114;                   31195694;                                     0,497864;                      27164;                             31463357;                                     0,502136;               1023;                       908042;                                     0,013854;             2048;                    1976615;                                     0,030157
       407;       545;         1;BR      ;30/10/2022 18:30:11;         472075;     156454011;          213;                 251044;                                     0,531788;       68025;              82525697;         53539;                65597247;                51381;                       62710432;            25987;                   31221681;                                     0,497871;                      25394;                             31488751;                                     0,502129;                771;                       908813;                                     0,013854;             1387;                    1978002;                                     0,030154
       407;       545;         1;BR      ;30/10/2022 18:30:12;         472075;     156454011;          442;                 251486;                                     0,532725;      165381;              82691078;        128097;                65725344;               122738;                       62833170;            53509;                   31275190;                                     0,497750;                      69229;                             31557980;                                     0,502250;               1606;                       910419;                                     0,013852;             3753;                    1981755;                                     0,030152
       407;       545;         1;BR      ;30/10/2022 18:30:13;         472075;     156454011;          278;                 251764;                                     0,533314;       95132;              82786210;         73404;                65798748;                70696;                       62903866;            31155;                   31306345;                                     0,497686;                      39541;                             31597521;                                     0,502314;                882;                       911301;                                     0,013850;             1826;                    1983581;                                     0,030146
       407;       545;         1;BR      ;30/10/2022 18:30:14;         472075;     156454011;          149;                 251913;                                     0,533629;       48683;              82834893;         39879;                65838627;                38131;                       62941997;            17761;                   31324106;                                     0,497666;                      20370;                             31617891;                                     0,502334;                606;                       911907;                                     0,013851;             1142;                    1984723;                                     0,030145
       407;       545;         1;BR      ;30/10/2022 18:30:15;         472075;     156454011;           33;                 251946;                                     0,533699;       10699;              82845592;          8744;                65847371;                 8352;                       62950349;             3548;                   31327654;                                     0,497657;                       4804;                             31622695;                                     0,502343;                145;                       912052;                                     0,013851;              247;                    1984970;                                     0,030145
       407;       545;         1;BR      ;30/10/2022 18:30:16;         472075;     156454011;           46;                 251992;                                     0,533797;       14846;              82860438;         11745;                65859116;                11320;                       62961669;             5869;                   31333523;                                     0,497660;                       5451;                             31628146;                                     0,502340;                156;                       912208;                                     0,013851;              269;                    1985239;                                     0,030144
       407;       545;         1;BR      ;30/10/2022 18:30:17;         472075;     156454011;          176;                 252168;                                     0,534169;       53523;              82913961;         42301;                65901417;                40840;                       63002509;            27028;                   31360551;                                     0,497767;                      13812;                             31641958;                                     0,502233;                538;                       912746;                                     0,013850;              923;                    1986162;                                     0,030138
       407;       545;         1;BR      ;30/10/2022 18:30:18;         472075;     156454011;          279;                 252447;                                     0,534760;       91581;              83005542;         72098;                65973515;                69931;                       63072440;            43249;                   31403800;                                     0,497901;                      26682;                             31668640;                                     0,502099;                790;                       913536;                                     0,013847;             1377;                    1987539;                                     0,030126
       407;       545;         1;BR      ;30/10/2022 18:30:19;         472075;     156454011;          150;                 252597;                                     0,535078;       48942;              83054484;         39359;                66012874;                38121;                       63110561;            19298;                   31423098;                                     0,497906;                      18823;                             31687463;                                     0,502094;                418;                       913954;                                     0,013845;              820;                    1988359;                                     0,030121
       407;       545;         1;BR      ;30/10/2022 18:30:20;         472075;     156454011;          140;                 252737;                                     0,535375;       46535;              83101019;         37183;                66050057;                35473;                       63146034;            15422;                   31438520;                                     0,497870;                      20051;                             31707514;                                     0,502130;                578;                       914532;                                     0,013846;             1132;                    1989491;                                     0,030121
       407;       545;         1;BR      ;30/10/2022 18:30:21;         472075;     156454011;          535;                 253272;                                     0,536508;      189004;              83290023;        150134;                66200191;               140387;                       63286421;            70724;                   31509244;                                     0,497883;                      69663;                             31777177;                                     0,502117;               3014;                       917546;                                     0,013860;             6733;                    1996224;                                     0,030154
       407;       545;         1;BR      ;30/10/2022 18:30:22;         472075;     156454011;          139;                 253411;                                     0,536802;       46862;              83336885;         37907;                66238098;                35939;                       63322360;            14361;                   31523605;                                     0,497827;                      21578;                             31798755;                                     0,502173;                654;                       918200;                                     0,013862;             1314;                    1997538;                                     0,030157
       407;       545;         1;BR      ;30/10/2022 18:30:23;         472075;     156454011;          283;                 253694;                                     0,537402;       96377;              83433262;         76325;                66314423;                72221;                       63394581;            30320;                   31553925;                                     0,497739;                      41901;                             31840656;                                     0,502261;               1344;                       919544;                                     0,013866;             2760;                    2000298;                                     0,030164
       407;       545;         1;BR      ;30/10/2022 18:30:24;         472075;     156454011;          195;                 253889;                                     0,537815;       66820;              83500082;         52738;                66367161;                49748;                       63444329;            20440;                   31574365;                                     0,497670;                      29308;                             31869964;                                     0,502330;               1041;                       920585;                                     0,013871;             1949;                    2002247;                                     0,030169
       407;       545;         1;BR      ;30/10/2022 18:30:25;         472075;     156454011;          213;                 254102;                                     0,538266;       69756;              83569838;         55128;                66422289;                52152;                       63496481;            24374;                   31598739;                                     0,497646;                      27778;                             31897742;                                     0,502354;                952;                       921537;                                     0,013874;             2024;                    2004271;                                     0,030175
       407;       545;         1;BR      ;30/10/2022 18:30:26;         472075;     156454011;          118;                 254220;                                     0,538516;       38473;              83608311;         29671;                66451960;                28070;                       63524551;            10762;                   31609501;                                     0,497595;                      17308;                             31915050;                                     0,502405;                520;                       922057;                                     0,013876;             1081;                    2005352;                                     0,030177
       407;       545;         1;BR      ;30/10/2022 18:30:27;         472075;     156454011;          192;                 254412;                                     0,538923;       64849;              83673160;         51985;                66503945;                49300;                       63573851;            22706;                   31632207;                                     0,497566;                      26594;                             31941644;                                     0,502434;                854;                       922911;                                     0,013878;             1831;                    2007183;                                     0,030181
       407;       545;         1;BR      ;30/10/2022 18:30:28;         472075;     156454011;           36;                 254448;                                     0,538999;       10531;              83683691;          8419;                66512364;                 8018;                       63581869;             4558;                   31636765;                                     0,497575;                       3460;                             31945104;                                     0,502425;                114;                       923025;                                     0,013877;              287;                    2007470;                                     0,030182
       407;       545;         1;BR      ;30/10/2022 18:30:29;         472075;     156454011;            9;                 254457;                                     0,539018;        2364;              83686055;          1846;                66514210;                 1776;                       63583645;             1410;                   31638175;                                     0,497584;                        366;                             31945470;                                     0,502416;                 17;                       923042;                                     0,013877;               53;                    2007523;                                     0,030182
       407;       545;         1;BR      ;30/10/2022 18:30:32;         472075;     156454011;          175;                 254632;                                     0,539389;       57619;              83743674;         45561;                66559771;                44043;                       63627688;            23833;                   31662008;                                     0,497614;                      20210;                             31965680;                                     0,502386;                483;                       923525;                                     0,013875;             1035;                    2008558;                                     0,030177
       407;       545;         1;BR      ;30/10/2022 18:30:33;         472075;     156454011;          148;                 254780;                                     0,539702;       49192;              83792866;         39700;                66599471;                37223;                       63664911;            25891;                   31687899;                                     0,497729;                      11332;                             31977012;                                     0,502271;                626;                       924151;                                     0,013876;             1851;                    2010409;                                     0,030187
       407;       545;         1;BR      ;30/10/2022 18:30:34;         472075;     156454011;          122;                 254902;                                     0,539961;       36990;              83829856;         28591;                66628062;                27047;                       63691958;            18319;                   31706218;                                     0,497806;                       8728;                             31985740;                                     0,502194;                341;                       924492;                                     0,013875;             1203;                    2011612;                                     0,030192
       407;       545;         1;BR      ;30/10/2022 18:30:35;         472075;     156454011;           77;                 254979;                                     0,540124;       23663;              83853519;         18742;                66646804;                17713;                       63709671;            13753;                   31719971;                                     0,497883;                       3960;                             31989700;                                     0,502117;                244;                       924736;                                     0,013875;              785;                    2012397;                                     0,030195
       407;       545;         1;BR      ;30/10/2022 18:30:36;         472075;     156454011;           52;                 255031;                                     0,540234;       16606;              83870125;         12669;                66659473;                12358;                       63722029;             6568;                   31726539;                                     0,497890;                       5790;                             31995490;                                     0,502110;                115;                       924851;                                     0,013874;              196;                    2012593;                                     0,030192
       407;       545;         1;BR      ;30/10/2022 18:30:37;         472075;     156454011;           18;                 255049;                                     0,540272;        5006;              83875131;          3905;                66663378;                 3801;                       63725830;             2569;                   31729108;                                     0,497900;                       1232;                             31996722;                                     0,502100;                 35;                       924886;                                     0,013874;               69;                    2012662;                                     0,030191
       407;       545;         1;BR      ;30/10/2022 18:30:38;         472075;     156454011;           26;                 255075;                                     0,540327;        7981;              83883112;          6175;                66669553;                 6028;                       63731858;             3347;                   31732455;                                     0,497906;                       2681;                             31999403;                                     0,502094;                 53;                       924939;                                     0,013873;               94;                    2012756;                                     0,030190
       407;       545;         1;BR      ;30/10/2022 18:30:39;         472075;     156454011;          145;                 255220;                                     0,540634;       47221;              83930333;         35811;                66705364;                34148;                       63766006;            18828;                   31751283;                                     0,497934;                      15320;                             32014723;                                     0,502066;                368;                       925307;                                     0,013872;             1295;                    2014051;                                     0,030193
       407;       545;         1;BR      ;30/10/2022 18:30:40;         472075;     156454011;          140;                 255360;                                     0,540931;       46993;              83977326;         36742;                66742106;                34843;                       63800849;            19633;                   31770916;                                     0,497970;                      15210;                             32029933;                                     0,502030;                591;                       925898;                                     0,013873;             1308;                    2015359;                                     0,030196
       407;       545;         1;BR      ;30/10/2022 18:30:41;         472075;     156454011;           76;                 255436;                                     0,541092;       24014;              84001340;         19771;                66761877;                18975;                       63819824;             7670;                   31778586;                                     0,497942;                      11305;                             32041238;                                     0,502058;                318;                       926216;                                     0,013873;              478;                    2015837;                                     0,030194
       407;       545;         1;BR      ;30/10/2022 18:30:42;         472075;     156454011;           20;                 255456;                                     0,541134;        6341;              84007681;          5222;                66767099;                 4992;                       63824816;             2212;                   31780798;                                     0,497938;                       2780;                             32044018;                                     0,502062;                 95;                       926311;                                     0,013874;              135;                    2015972;                                     0,030194
       407;       545;         1;BR      ;30/10/2022 18:30:43;         472075;     156454011;          130;                 255586;                                     0,541410;       41385;              84049066;         34465;                66801564;                32689;                       63857505;            14948;                   31795746;                                     0,497917;                      17741;                             32061759;                                     0,502083;                546;                       926857;                                     0,013875;             1230;                    2017202;                                     0,030197
       407;       545;         1;BR      ;30/10/2022 18:30:44;         472075;     156454011;           50;                 255636;                                     0,541516;       16389;              84065455;         13840;                66815404;                12954;                       63870459;             8023;                   31803769;                                     0,497942;                       4931;                             32066690;                                     0,502058;                219;                       927076;                                     0,013875;              667;                    2017869;                                     0,030201
       407;       545;         1;BR      ;30/10/2022 18:30:45;         472075;     156454011;           68;                 255704;                                     0,541660;       21893;              84087348;         17240;                66832644;                16113;                       63886572;            10401;                   31814170;                                     0,497979;                       5712;                             32072402;                                     0,502021;                219;                       927295;                                     0,013875;              908;                    2018777;                                     0,030206
       407;       545;         1;BR      ;30/10/2022 18:30:46;         472075;     156454011;          107;                 255811;                                     0,541886;       36322;              84123670;         28291;                66860935;                26591;                       63913163;            17459;                   31831629;                                     0,498045;                       9132;                             32081534;                                     0,501955;                342;                       927637;                                     0,013874;             1358;                    2020135;                                     0,030214
       407;       545;         1;BR      ;30/10/2022 18:30:47;         472075;     156454011;          192;                 256003;                                     0,542293;       62977;              84186647;         51717;                66912652;                48660;                       63961823;            32649;                   31864278;                                     0,498177;                      16011;                             32097545;                                     0,501823;                655;                       928292;                                     0,013873;             2402;                    2022537;                                     0,030227
       407;       545;         1;BR      ;30/10/2022 18:30:48;         472075;     156454011;           31;                 256034;                                     0,542359;       10085;              84196732;          8029;                66920681;                 7567;                       63969390;             5427;                   31869705;                                     0,498202;                       2140;                             32099685;                                     0,501798;                 74;                       928366;                                     0,013873;              388;                    2022925;                                     0,030229
       407;       545;         1;BR      ;30/10/2022 18:30:49;         472075;     156454011;            2;                 256036;                                     0,542363;         749;              84197481;           510;                66921191;                  477;                       63969867;              348;                   31870053;                                     0,498204;                        129;                             32099814;                                     0,501796;                  2;                       928368;                                     0,013873;               31;                    2022956;                                     0,030229
       407;       545;         1;BR      ;30/10/2022 18:30:50;         472075;     156454011;           78;                 256114;                                     0,542528;       21889;              84219370;         16508;                66937699;                15916;                       63985783;             5956;                   31876009;                                     0,498173;                       9960;                             32109774;                                     0,501827;                152;                       928520;                                     0,013871;              440;                    2023396;                                     0,030228
       407;       545;         1;BR      ;30/10/2022 18:30:51;         472075;     156454011;           48;                 256162;                                     0,542630;       15411;              84234781;         12366;                66950065;                11782;                       63997565;             7683;                   31883692;                                     0,498202;                       4099;                             32113873;                                     0,501798;                162;                       928682;                                     0,013871;              422;                    2023818;                                     0,030229
       407;       545;         1;BR      ;30/10/2022 18:30:52;         472075;     156454011;          124;                 256286;                                     0,542893;       41784;              84276565;         34833;                66984898;                33699;                       64031264;            10047;                   31893739;                                     0,498096;                      23652;                             32137525;                                     0,501904;                427;                       929109;                                     0,013870;              707;                    2024525;                                     0,030224
       407;       545;         1;BR      ;30/10/2022 18:30:53;         472075;     156454011;           44;                 256330;                                     0,542986;       14502;              84291067;         12039;                66996937;                11673;                       64042937;             3377;                   31897116;                                     0,498058;                       8296;                             32145821;                                     0,501942;                137;                       929246;                                     0,013870;              229;                    2024754;                                     0,030222
       407;       545;         1;BR      ;30/10/2022 18:30:54;         472075;     156454011;           24;                 256354;                                     0,543037;        8631;              84299698;          6896;                67003833;                 6708;                       64049645;             2310;                   31899426;                                     0,498042;                       4398;                             32150219;                                     0,501958;                 80;                       929326;                                     0,013870;              108;                    2024862;                                     0,030220
       407;       545;         1;BR      ;30/10/2022 18:30:55;         472075;     156454011;           11;                 256365;                                     0,543060;        3194;              84302892;          2789;                67006622;                 2704;                       64052349;              792;                   31900218;                                     0,498034;                       1912;                             32152131;                                     0,501966;                 38;                       929364;                                     0,013870;               47;                    2024909;                                     0,030220
       407;       545;         1;BR      ;30/10/2022 18:30:56;         472075;     156454011;           15;                 256380;                                     0,543092;        5147;              84308039;          4234;                67010856;                 4116;                       64056465;             1265;                   31901483;                                     0,498021;                       2851;                             32154982;                                     0,501979;                 55;                       929419;                                     0,013870;               63;                    2024972;                                     0,030219
       407;       545;         1;BR      ;30/10/2022 18:30:57;         472075;     156454011;           75;                 256455;                                     0,543251;       24306;              84332345;         19870;                67030726;                18971;                       64075436;             7165;                   31908648;                                     0,497986;                      11806;                             32166788;                                     0,502014;                300;                       929719;                                     0,013870;              599;                    2025571;                                     0,030219
       407;       545;         1;BR      ;30/10/2022 18:30:58;         472075;     156454011;           49;                 256504;                                     0,543354;       13819;              84346164;         10399;                67041125;                 9804;                       64085240;             5301;                   31913949;                                     0,497992;                       4503;                             32171291;                                     0,502008;                107;                       929826;                                     0,013869;              488;                    2026059;                                     0,030221
       407;       545;         1;BR      ;30/10/2022 18:31:15;         472075;     156454011;          247;                 256751;                                     0,543878;       76726;              84422890;         62878;                67104003;                60604;                       64145844;            37361;                   31951310;                                     0,498104;                      23243;                             32194534;                                     0,501896;                833;                       930659;                                     0,013869;             1441;                    2027500;                                     0,030214
       407;       545;         1;BR      ;30/10/2022 18:31:16;         472075;     156454011;          236;                 256987;                                     0,544377;       75120;              84498010;         59486;                67163489;                56997;                       64202841;            30264;                   31981574;                                     0,498133;                      26733;                             32221267;                                     0,501867;                817;                       931476;                                     0,013869;             1672;                    2029172;                                     0,030212
       407;       545;         1;BR      ;30/10/2022 18:31:17;         472075;     156454011;          436;                 257423;                                     0,545301;      163158;              84661168;        125858;                67289347;               120710;                       64323551;            56994;                   32038568;                                     0,498085;                      63716;                             32284983;                                     0,501915;               1646;                       933122;                                     0,013867;             3502;                    2032674;                                     0,030208
       407;       545;         1;BR      ;30/10/2022 18:31:18;         472075;     156454011;          228;                 257651;                                     0,545784;       79412;              84740580;         62176;                67351523;                59679;                       64383230;            25846;                   32064414;                                     0,498024;                      33833;                             32318816;                                     0,501976;                787;                       933909;                                     0,013866;             1710;                    2034384;                                     0,030205
       407;       545;         1;BR      ;30/10/2022 18:31:19;         472075;     156454011;          152;                 257803;                                     0,546106;       48476;              84789056;         39011;                67390534;                37398;                       64420628;            18062;                   32082476;                                     0,498016;                      19336;                             32338152;                                     0,501984;                553;                       934462;                                     0,013866;             1060;                    2035444;                                     0,030204
       407;       545;         1;BR      ;30/10/2022 18:31:20;         472075;     156454011;          140;                 257943;                                     0,546403;       41951;              84831007;         32675;                67423209;                31551;                       64452179;            21470;                   32103946;                                     0,498105;                      10081;                             32348233;                                     0,501895;                372;                       934834;                                     0,013865;              752;                    2036196;                                     0,030200
       407;       545;         1;BR      ;30/10/2022 18:31:21;         472075;     156454011;          150;                 258093;                                     0,546720;       47801;              84878808;         37692;                67460901;                36569;                       64488748;            23573;                   32127519;                                     0,498188;                      12996;                             32361229;                                     0,501812;                416;                       935250;                                     0,013864;              707;                    2036903;                                     0,030194
       407;       545;         1;BR      ;30/10/2022 18:31:22;         472075;     156454011;          137;                 258230;                                     0,547011;       46628;              84925436;         37518;                67498419;                36372;                       64525120;            16834;                   32144353;                                     0,498168;                      19538;                             32380767;                                     0,501832;                386;                       935636;                                     0,013862;              760;                    2037663;                                     0,030188
       407;       545;         1;BR      ;30/10/2022 18:31:23;         472075;     156454011;          131;                 258361;                                     0,547288;       45738;              84971174;         37960;                67536379;                36655;                       64561775;            15344;                   32159697;                                     0,498123;                      21311;                             32402078;                                     0,501877;                554;                       936190;                                     0,013862;              751;                    2038414;                                     0,030182
       407;       545;         1;BR      ;30/10/2022 18:31:24;         472075;     156454011;          121;                 258482;                                     0,547544;       36795;              85007969;         29697;                67566076;                28330;                       64590105;            16759;                   32176456;                                     0,498164;                      11571;                             32413649;                                     0,501836;                432;                       936622;                                     0,013862;              935;                    2039349;                                     0,030183
       407;       545;         1;BR      ;30/10/2022 18:31:25;         472075;     156454011;          424;                 258906;                                     0,548443;      152660;              85160629;        119745;                67685821;               111648;                       64701753;            57215;                   32233671;                                     0,498189;                      54433;                             32468082;                                     0,501811;               2390;                       939012;                                     0,013873;             5707;                    2045056;                                     0,030214
       407;       545;         1;BR      ;30/10/2022 18:31:26;         472075;     156454011;          262;                 259168;                                     0,548998;       90719;              85251348;         72187;                67758008;                68096;                       64769849;            27202;                   32260873;                                     0,498085;                      40894;                             32508976;                                     0,501915;               1280;                       940292;                                     0,013877;             2811;                    2047867;                                     0,030223
       407;       545;         1;BR      ;30/10/2022 18:31:27;         472075;     156454011;          228;                 259396;                                     0,549480;       75266;              85326614;         58969;                67816977;                55615;                       64825464;            21620;                   32282493;                                     0,497991;                      33995;                             32542971;                                     0,502009;               1137;                       941429;                                     0,013882;             2217;                    2050084;                                     0,030230
       407;       545;         1;BR      ;30/10/2022 18:31:28;         472075;     156454011;          195;                 259591;                                     0,549894;       64727;              85391341;         51151;                67868128;                48325;                       64873789;            20054;                   32302547;                                     0,497929;                      28271;                             32571242;                                     0,502071;                931;                       942360;                                     0,013885;             1895;                    2051979;                                     0,030235
       407;       545;         1;BR      ;30/10/2022 18:31:29;         472075;     156454011;           80;                 259671;                                     0,550063;       24587;              85415928;         19243;                67887371;                18202;                       64891991;             7149;                   32309696;                                     0,497900;                      11053;                             32582295;                                     0,502100;                326;                       942686;                                     0,013886;              715;                    2052694;                                     0,030237
       407;       545;         1;BR      ;30/10/2022 18:31:30;         472075;     156454011;          112;                 259783;                                     0,550300;       37379;              85453307;         29147;                67916518;                27473;                       64919464;            10992;                   32320688;                                     0,497858;                      16481;                             32598776;                                     0,502142;                516;                       943202;                                     0,013888;             1158;                    2053852;                                     0,030241
       407;       545;         1;BR      ;30/10/2022 18:31:34;         472075;     156454011;           63;                 259846;                                     0,550434;       19799;              85473106;         15229;                67931747;                14892;                       64934356;             5298;                   32325986;                                     0,497826;                       9594;                             32608370;                                     0,502174;                111;                       943313;                                     0,013886;              226;                    2054078;                                     0,030237
       407;       545;         1;BR      ;30/10/2022 18:31:35;         472075;     156454011;          145;                 259991;                                     0,550741;       47610;              85520716;         38540;                67970287;                36577;                       64970933;            25271;                   32351257;                                     0,497934;                      11306;                             32619676;                                     0,502066;                478;                       943791;                                     0,013885;             1485;                    2055563;                                     0,030242
       407;       545;         1;BR      ;30/10/2022 18:31:36;         472075;     156454011;          152;                 260143;                                     0,551063;       50900;              85571616;         40955;                68011242;                38738;                       65009671;            24077;                   32375334;                                     0,498008;                      14661;                             32634337;                                     0,501992;                587;                       944378;                                     0,013886;             1630;                    2057193;                                     0,030248
       407;       545;         1;BR      ;30/10/2022 18:31:37;         472075;     156454011;           71;                 260214;                                     0,551213;       22496;              85594112;         17389;                68028631;                16621;                       65026292;            10021;                   32385355;                                     0,498035;                       6600;                             32640937;                                     0,501965;                175;                       944553;                                     0,013885;              593;                    2057786;                                     0,030249
       407;       545;         1;BR      ;30/10/2022 18:31:38;         472075;     156454011;          105;                 260319;                                     0,551436;       32233;              85626345;         24774;                68053405;                23746;                       65050038;            15292;                   32400647;                                     0,498088;                       8454;                             32649391;                                     0,501912;                276;                       944829;                                     0,013884;              752;                    2058538;                                     0,030249
       407;       545;         1;BR      ;30/10/2022 18:31:39;         472075;     156454011;           78;                 260397;                                     0,551601;       27220;              85653565;         20512;                68073917;                20024;                       65070062;            11409;                   32412056;                                     0,498110;                       8615;                             32658006;                                     0,501890;                185;                       945014;                                     0,013882;              303;                    2058841;                                     0,030244
       407;       545;         1;BR      ;30/10/2022 18:31:40;         472075;     156454011;           27;                 260424;                                     0,551658;        9191;              85662756;          6878;                68080795;                 6444;                       65076506;             4415;                   32416471;                                     0,498129;                       2029;                             32660035;                                     0,501871;                 72;                       945086;                                     0,013882;              362;                    2059203;                                     0,030246
       407;       545;         1;BR      ;30/10/2022 18:31:41;         472075;     156454011;          139;                 260563;                                     0,551953;       46403;              85709159;         36743;                68117538;                35079;                       65111585;            16852;                   32433323;                                     0,498119;                      18227;                             32678262;                                     0,501881;                606;                       945692;                                     0,013883;             1058;                    2060261;                                     0,030246
       407;       545;         1;BR      ;30/10/2022 18:31:42;         472075;     156454011;           83;                 260646;                                     0,552128;       23772;              85732931;         19750;                68137288;                18921;                       65130506;             7200;                   32440523;                                     0,498085;                      11721;                             32689983;                                     0,501915;                313;                       946005;                                     0,013884;              516;                    2060777;                                     0,030244
       407;       545;         1;BR      ;30/10/2022 18:31:43;         472075;     156454011;           62;                 260708;                                     0,552260;       19972;              85752903;         16712;                68154000;                15879;                       65146385;             8658;                   32449181;                                     0,498096;                       7221;                             32697204;                                     0,501904;                224;                       946229;                                     0,013884;              609;                    2061386;                                     0,030246
       407;       545;         1;BR      ;30/10/2022 18:31:44;         472075;     156454011;           42;                 260750;                                     0,552349;       12976;              85765879;         10980;                68164980;                10364;                       65156749;             4550;                   32453731;                                     0,498087;                       5814;                             32703018;                                     0,501913;                169;                       946398;                                     0,013884;              447;                    2061833;                                     0,030248
       407;       545;         1;BR      ;30/10/2022 18:31:45;         472075;     156454011;           79;                 260829;                                     0,552516;       28128;              85794007;         22393;                68187373;                21399;                       65178148;            11031;                   32464762;                                     0,498093;                      10368;                             32713386;                                     0,501907;                222;                       946620;                                     0,013883;              772;                    2062605;                                     0,030249
       407;       545;         1;BR      ;30/10/2022 18:31:46;         472075;     156454011;          101;                 260930;                                     0,552730;       34724;              85828731;         27747;                68215120;                25906;                       65204054;            18360;                   32483122;                                     0,498176;                       7546;                             32720932;                                     0,501824;                344;                       946964;                                     0,013882;             1497;                    2064102;                                     0,030259
       407;       545;         1;BR      ;30/10/2022 18:31:47;         472075;     156454011;           70;                 261000;                                     0,552878;       24256;              85852987;         20679;                68235799;                19497;                       65223551;            11848;                   32494970;                                     0,498209;                       7649;                             32728581;                                     0,501791;                280;                       947244;                                     0,013882;              902;                    2065004;                                     0,030263
       407;       545;         1;BR      ;30/10/2022 18:31:49;         472075;     156454011;           28;                 261028;                                     0,552938;        8467;              85861454;          6336;                68242135;                 5931;                       65229482;             4527;                   32499497;                                     0,498233;                       1404;                             32729985;                                     0,501767;                 71;                       947315;                                     0,013882;              334;                    2065338;                                     0,030265
       407;       545;         1;BR      ;30/10/2022 18:31:50;         472075;     156454011;           70;                 261098;                                     0,553086;       20544;              85881998;         14963;                68257098;                14493;                       65243975;             3794;                   32503291;                                     0,498181;                      10699;                             32740684;                                     0,501819;                155;                       947470;                                     0,013881;              315;                    2065653;                                     0,030263
       407;       545;         1;BR      ;30/10/2022 18:31:51;         472075;     156454011;          134;                 261232;                                     0,553370;       42594;              85924592;         35082;                68292180;                33427;                       65277402;            16151;                   32519442;                                     0,498173;                      17276;                             32757960;                                     0,501827;                444;                       947914;                                     0,013880;             1211;                    2066864;                                     0,030265
       407;       545;         1;BR      ;30/10/2022 18:31:52;         472075;     156454011;           50;                 261282;                                     0,553476;       16190;              85940782;         13454;                68305634;                13004;                       65290406;             3824;                   32523266;                                     0,498132;                       9180;                             32767140;                                     0,501868;                200;                       948114;                                     0,013880;              250;                    2067114;                                     0,030263
       407;       545;         1;BR      ;30/10/2022 18:31:53;         472075;     156454011;          133;                 261415;                                     0,553757;       43686;              85984468;         35466;                68341100;                34323;                       65324729;            12060;                   32535326;                                     0,498055;                      22263;                             32789403;                                     0,501945;                427;                       948541;                                     0,013880;              716;                    2067830;                                     0,030257
       407;       545;         1;BR      ;30/10/2022 18:31:54;         472075;     156454011;           30;                 261445;                                     0,553821;        8085;              85992553;          6527;                68347627;                 6146;                       65330875;             4515;                   32539841;                                     0,498078;                       1631;                             32791034;                                     0,501922;                 80;                       948621;                                     0,013879;              301;                    2068131;                                     0,030259
       407;       545;         1;BR      ;30/10/2022 18:31:55;         472075;     156454011;           56;                 261501;                                     0,553940;       16261;              86008814;         12426;                68360053;                11815;                       65342690;             5425;                   32545266;                                     0,498070;                       6390;                             32797424;                                     0,501930;                134;                       948755;                                     0,013879;              477;                    2068608;                                     0,030260
       407;       545;         1;BR      ;30/10/2022 18:32:20;         472075;     156454011;           19;                 261520;                                     0,553980;        4825;              86013639;          3528;                68363581;                 3462;                       65346152;              826;                   32546092;                                     0,498057;                       2636;                             32800060;                                     0,501943;                 28;                       948783;                                     0,013878;               38;                    2068646;                                     0,030259
       407;       545;         1;BR      ;30/10/2022 18:32:21;         472075;     156454011;          144;                 261664;                                     0,554285;       44060;              86057699;         35788;                68399369;                34494;                       65380646;            20729;                   32566821;                                     0,498111;                      13765;                             32813825;                                     0,501889;                441;                       949224;                                     0,013878;              853;                    2069499;                                     0,030256
       407;       545;         1;BR      ;30/10/2022 18:32:22;         472075;     156454011;          241;                 261905;                                     0,554795;       84130;              86141829;         66138;                68465507;                63481;                       65444127;            30592;                   32597413;                                     0,498095;                      32889;                             32846714;                                     0,501905;                926;                       950150;                                     0,013878;             1731;                    2071230;                                     0,030252
       407;       545;         1;BR      ;30/10/2022 18:32:23;         472075;     156454011;          488;                 262393;                                     0,555829;      187274;              86329103;        145631;                68611138;               139681;                       65583808;            59837;                   32657250;                                     0,497947;                      79844;                             32926558;                                     0,502053;               1782;                       951932;                                     0,013874;             4168;                    2075398;                                     0,030249
       407;       545;         1;BR      ;30/10/2022 18:32:24;         472075;     156454011;          110;                 262503;                                     0,556062;       35328;              86364431;         26373;                68637511;                25366;                       65609174;            12838;                   32670088;                                     0,497950;                      12528;                             32939086;                                     0,502050;                343;                       952275;                                     0,013874;              664;                    2076062;                                     0,030247
       407;       545;         1;BR      ;30/10/2022 18:32:25;         472075;     156454011;           95;                 262598;                                     0,556263;       30611;              86395042;         24132;                68661643;                23103;                       65632277;            10747;                   32680835;                                     0,497938;                      12356;                             32951442;                                     0,502062;                358;                       952633;                                     0,013874;              671;                    2076733;                                     0,030246
       407;       545;         1;BR      ;30/10/2022 18:32:26;         472075;     156454011;           46;                 262644;                                     0,556361;       14067;              86409109;         11008;                68672651;                10670;                       65642947;             5662;                   32686497;                                     0,497944;                       5008;                             32956450;                                     0,502056;                122;                       952755;                                     0,013874;              216;                    2076949;                                     0,030244
       407;       545;         1;BR      ;30/10/2022 18:32:27;         472075;     156454011;          149;                 262793;                                     0,556676;       48890;              86457999;         40831;                68713482;                39330;                       65682277;            23464;                   32709961;                                     0,498003;                      15866;                             32972316;                                     0,501997;                494;                       953249;                                     0,013873;             1007;                    2077956;                                     0,030241
       407;       545;         1;BR      ;30/10/2022 18:32:28;         472075;     156454011;           93;                 262886;                                     0,556873;       26669;              86484668;         21962;                68735444;                21148;                       65703425;            14558;                   32724519;                                     0,498064;                       6590;                             32978906;                                     0,501936;                278;                       953527;                                     0,013872;              536;                    2078492;                                     0,030239
       407;       545;         1;BR      ;30/10/2022 18:32:29;         472075;     156454011;          153;                 263039;                                     0,557197;       48091;              86532759;         37062;                68772506;                35993;                       65739418;            23266;                   32747785;                                     0,498145;                      12727;                             32991633;                                     0,501855;                436;                       953963;                                     0,013871;              633;                    2079125;                                     0,030232
       407;       545;         1;BR      ;30/10/2022 18:32:30;         472075;     156454011;          105;                 263144;                                     0,557420;       36286;              86569045;         29047;                68801553;                28141;                       65767559;            11784;                   32759569;                                     0,498111;                      16357;                             33007990;                                     0,501889;                280;                       954243;                                     0,013869;              626;                    2079751;                                     0,030228
       407;       545;         1;BR      ;30/10/2022 18:32:31;         472075;     156454011;           59;                 263203;                                     0,557545;       18388;              86587433;         14566;                68816119;                14130;                       65781689;             7364;                   32766933;                                     0,498116;                       6766;                             33014756;                                     0,501884;                130;                       954373;                                     0,013868;              306;                    2080057;                                     0,030226
       407;       545;         1;BR      ;30/10/2022 18:32:32;         472075;     156454011;           41;                 263244;                                     0,557632;       13442;              86600875;         11051;                68827170;                10691;                       65792380;             6911;                   32773844;                                     0,498140;                       3780;                             33018536;                                     0,501860;                 99;                       954472;                                     0,013868;              261;                    2080318;                                     0,030225
       407;       545;         1;BR      ;30/10/2022 18:32:33;         472075;     156454011;          157;                 263401;                                     0,557964;       51897;              86652772;         41997;                68869167;                40542;                       65832922;            18092;                   32791936;                                     0,498108;                      22450;                             33040986;                                     0,501892;                543;                       955015;                                     0,013867;              912;                    2081230;                                     0,030220
       407;       545;         1;BR      ;30/10/2022 18:32:34;         472075;     156454011;          181;                 263582;                                     0,558348;       57718;              86710490;         47158;                68916325;                45602;                       65878524;            22328;                   32814264;                                     0,498103;                      23274;                             33064260;                                     0,501897;                552;                       955567;                                     0,013866;             1004;                    2082234;                                     0,030214
       407;       545;         1;BR      ;30/10/2022 18:32:35;         472075;     156454011;           89;                 263671;                                     0,558536;       31549;              86742039;         24355;                68940680;                23026;                       65901550;             8250;                   32822514;                                     0,498054;                      14776;                             33079036;                                     0,501946;                430;                       955997;                                     0,013867;              899;                    2083133;                                     0,030216
       407;       545;         1;BR      ;30/10/2022 18:32:36;         472075;     156454011;          400;                 264071;                                     0,559384;      142920;              86884959;        112630;                69053310;               104778;                       66006328;            54083;                   32876597;                                     0,498083;                      50695;                             33129731;                                     0,501917;               2432;                       958429;                                     0,013880;             5420;                    2088553;                                     0,030246
       407;       545;         1;BR      ;30/10/2022 18:32:37;         472075;     156454011;           53;                 264124;                                     0,559496;       15840;              86900799;         12535;                69065845;                12002;                       66018330;             6712;                   32883309;                                     0,498094;                       5290;                             33135021;                                     0,501906;                175;                       958604;                                     0,013880;              358;                    2088911;                                     0,030245
       407;       545;         1;BR      ;30/10/2022 18:32:38;         472075;     156454011;          124;                 264248;                                     0,559759;       39348;              86940147;         31792;                69097637;                30061;                       66048391;            13905;                   32897214;                                     0,498077;                      16156;                             33151177;                                     0,501923;                574;                       959178;                                     0,013881;             1157;                    2090068;                                     0,030248
       407;       545;         1;BR      ;30/10/2022 18:32:39;         472075;     156454011;          199;                 264447;                                     0,560180;       67188;              87007335;         54397;                69152034;                51352;                       66099743;            20275;                   32917489;                                     0,497997;                      31077;                             33182254;                                     0,502003;                959;                       960137;                                     0,013884;             2086;                    2092154;                                     0,030254
       407;       545;         1;BR      ;30/10/2022 18:32:40;         472075;     156454011;           73;                 264520;                                     0,560335;       23693;              87031028;         18345;                69170379;                17222;                       66116965;             6969;                   32924458;                                     0,497973;                      10253;                             33192507;                                     0,502027;                362;                       960499;                                     0,013886;              761;                    2092915;                                     0,030257
       407;       545;         1;BR      ;30/10/2022 18:32:41;         472075;     156454011;           95;                 264615;                                     0,560536;       32622;              87063650;         25552;                69195931;                24128;                       66141093;            10210;                   32934668;                                     0,497946;                      13918;                             33206425;                                     0,502054;                493;                       960992;                                     0,013888;              931;                    2093846;                                     0,030260
       407;       545;         1;BR      ;30/10/2022 18:32:42;         472075;     156454011;           64;                 264679;                                     0,560672;       20993;              87084643;         16548;                69212479;                15691;                       66156784;             6763;                   32941431;                                     0,497930;                       8928;                             33215353;                                     0,502070;                286;                       961278;                                     0,013889;              571;                    2094417;                                     0,030261
       407;       545;         1;BR      ;30/10/2022 18:32:43;         472075;     156454011;          236;                 264915;                                     0,561171;       78617;              87163260;         60775;                69273254;                57340;                       66214124;            24387;                   32965818;                                     0,497867;                      32953;                             33248306;                                     0,502133;               1127;                       962405;                                     0,013893;             2308;                    2096725;                                     0,030267
       407;       545;         1;BR      ;30/10/2022 18:32:44;         472075;     156454011;           36;                 264951;                                     0,561248;       12836;              87176096;         10189;                69283443;                 9604;                       66223728;             4068;                   32969886;                                     0,497856;                       5536;                             33253842;                                     0,502144;                199;                       962604;                                     0,013894;              386;                    2097111;                                     0,030269
       407;       545;         1;BR      ;30/10/2022 18:32:48;         472075;     156454011;           75;                 265026;                                     0,561407;       22749;              87198845;         17503;                69300946;                17158;                       66240886;             7187;                   32977073;                                     0,497836;                       9971;                             33263813;                                     0,502164;                124;                       962728;                                     0,013892;              221;                    2097332;                                     0,030264
       407;       545;         1;BR      ;30/10/2022 18:32:49;         472075;     156454011;          205;                 265231;                                     0,561841;       68914;              87267759;         54479;                69355425;                52255;                       66293141;            31148;                   33008221;                                     0,497913;                      21107;                             33284920;                                     0,502087;                647;                       963375;                                     0,013890;             1577;                    2098909;                                     0,030263
       407;       545;         1;BR      ;30/10/2022 18:32:50;         472075;     156454011;          171;                 265402;                                     0,562203;       57875;              87325634;         46638;                69402063;                44192;                       66337333;            28346;                   33036567;                                     0,498009;                      15846;                             33300766;                                     0,501991;                630;                       964005;                                     0,013890;             1816;                    2100725;                                     0,030269
       407;       545;         1;BR      ;30/10/2022 18:32:51;         472075;     156454011;          103;                 265505;                                     0,562421;       31497;              87357131;         24388;                69426451;                23236;                       66360569;            16790;                   33053357;                                     0,498087;                       6446;                             33307212;                                     0,501913;                303;                       964308;                                     0,013890;              849;                    2101574;                                     0,030271
       407;       545;         1;BR      ;30/10/2022 18:32:52;         472075;     156454011;           73;                 265578;                                     0,562576;       21232;              87378363;         16197;                69442648;                15353;                       66375922;            12390;                   33065747;                                     0,498159;                       2963;                             33310175;                                     0,501841;                167;                       964475;                                     0,013889;              677;                    2102251;                                     0,030273
       407;       545;         1;BR      ;30/10/2022 18:32:53;         472075;     156454011;           11;                 265589;                                     0,562599;        3712;              87382075;          2715;                69445363;                 2475;                       66378397;             1698;                   33067445;                                     0,498166;                        777;                             33310952;                                     0,501834;                 53;                       964528;                                     0,013889;              187;                    2102438;                                     0,030275
       407;       545;         1;BR      ;30/10/2022 18:32:54;         472075;     156454011;          111;                 265700;                                     0,562834;       39831;              87421906;         31350;                69476713;                29245;                       66407642;            16402;                   33083847;                                     0,498193;                      12843;                             33323795;                                     0,501807;                409;                       964937;                                     0,013889;             1696;                    2104134;                                     0,030285
       407;       545;         1;BR      ;30/10/2022 18:32:55;         472075;     156454011;           40;                 265740;                                     0,562919;       13712;              87435618;         10360;                69487073;                 9780;                       66417422;             6393;                   33090240;                                     0,498216;                       3387;                             33327182;                                     0,501784;                146;                       965083;                                     0,013889;              434;                    2104568;                                     0,030287
       407;       545;         1;BR      ;30/10/2022 18:32:56;         472075;     156454011;          148;                 265888;                                     0,563233;       52227;              87487845;         41147;                69528220;                39172;                       66456594;            20251;                   33110491;                                     0,498227;                      18921;                             33346103;                                     0,501773;                764;                       965847;                                     0,013891;             1211;                    2105779;                                     0,030287
       407;       545;         1;BR      ;30/10/2022 18:32:57;         472075;     156454011;          204;                 266092;                                     0,563665;       64152;              87551997;         52625;                69580845;                50078;                       66506672;            24997;                   33135488;                                     0,498228;                      25081;                             33371184;                                     0,501772;                805;                       966652;                                     0,013893;             1742;                    2107521;                                     0,030289
       407;       545;         1;BR      ;30/10/2022 18:32:58;         472075;     156454011;           21;                 266113;                                     0,563709;        6684;              87558681;          5530;                69586375;                 5322;                       66511994;             1841;                   33137329;                                     0,498216;                       3481;                             33374665;                                     0,501784;                 78;                       966730;                                     0,013893;              130;                    2107651;                                     0,030288
       407;       545;         1;BR      ;30/10/2022 18:32:59;         472075;     156454011;           10;                 266123;                                     0,563730;        3046;              87561727;          2539;                69588914;                 2410;                       66514404;             1928;                   33139257;                                     0,498227;                        482;                             33375147;                                     0,501773;                 37;                       966767;                                     0,013893;               92;                    2107743;                                     0,030288
       407;       545;         1;BR      ;30/10/2022 18:33:00;         472075;     156454011;           12;                 266135;                                     0,563756;        4049;              87565776;          3232;                69592146;                 3058;                       66517462;             1940;                   33141197;                                     0,498233;                       1118;                             33376265;                                     0,501767;                 34;                       966801;                                     0,013892;              140;                    2107883;                                     0,030289
       407;       545;         1;BR      ;30/10/2022 18:33:01;         472075;     156454011;           92;                 266227;                                     0,563951;       31658;              87597434;         25006;                69617152;                23849;                       66541311;            12428;                   33153625;                                     0,498241;                      11421;                             33387686;                                     0,501759;                284;                       967085;                                     0,013891;              873;                    2108756;                                     0,030291
       407;       545;         1;BR      ;30/10/2022 18:33:02;         472075;     156454011;          175;                 266402;                                     0,564321;       58957;              87656391;         49017;                69666169;                45915;                       66587226;            29387;                   33183012;                                     0,498339;                      16528;                             33404214;                                     0,501661;                635;                       967720;                                     0,013891;             2467;                    2111223;                                     0,030305
       407;       545;         1;BR      ;30/10/2022 18:33:03;         472075;     156454011;          136;                 266538;                                     0,564609;       44887;              87701278;         38441;                69704610;                36301;                       66623527;            20547;                   33203559;                                     0,498376;                      15754;                             33419968;                                     0,501624;                470;                       968190;                                     0,013890;             1670;                    2112893;                                     0,030312
       407;       545;         1;BR      ;30/10/2022 18:33:04;         472075;     156454011;            5;                 266543;                                     0,564620;        1930;              87703208;          1603;                69706213;                 1478;                       66625005;              997;                   33204556;                                     0,498380;                        481;                             33420449;                                     0,501620;                 23;                       968213;                                     0,013890;              102;                    2112995;                                     0,030313
       407;       545;         1;BR      ;30/10/2022 18:33:05;         472075;     156454011;            6;                 266549;                                     0,564633;        1987;              87705195;          1555;                69707768;                 1402;                       66626407;              961;                   33205517;                                     0,498384;                        441;                             33420890;                                     0,501616;                 35;                       968248;                                     0,013890;              118;                    2113113;                                     0,030314
       407;       545;         1;BR      ;30/10/2022 18:33:06;         472075;     156454011;           35;                 266584;                                     0,564707;       11550;              87716745;          8941;                69716709;                 8342;                       66634749;             6131;                   33211648;                                     0,498413;                       2211;                             33423101;                                     0,501587;                119;                       968367;                                     0,013890;              480;                    2113593;                                     0,030317
       407;       545;         1;BR      ;30/10/2022 18:33:07;         472075;     156454011;           48;                 266632;                                     0,564809;       13460;              87730205;         10440;                69727149;                10023;                       66644772;             3307;                   33214955;                                     0,498388;                       6716;                             33429817;                                     0,501612;                114;                       968481;                                     0,013890;              303;                    2113896;                                     0,030317
       407;       545;         1;BR      ;30/10/2022 18:33:08;         472075;     156454011;           74;                 266706;                                     0,564965;       23777;              87753982;         19607;                69746756;                18651;                       66663423;            12169;                   33227124;                                     0,498431;                       6482;                             33436299;                                     0,501569;                235;                       968716;                                     0,013889;              721;                    2114617;                                     0,030318
       407;       545;         1;BR      ;30/10/2022 18:33:09;         472075;     156454011;           43;                 266749;                                     0,565056;       13836;              87767818;         11151;                69757907;                10787;                       66674210;             5416;                   33232540;                                     0,498432;                       5371;                             33441670;                                     0,501568;                111;                       968827;                                     0,013888;              253;                    2114870;                                     0,030317
       407;       545;         1;BR      ;30/10/2022 18:33:10;         472075;     156454011;           59;                 266808;                                     0,565181;       20970;              87788788;         17442;                69775349;                16799;                       66691009;             5168;                   33237708;                                     0,498384;                      11631;                             33453301;                                     0,501616;                231;                       969058;                                     0,013888;              412;                    2115282;                                     0,030316
       407;       545;         1;BR      ;30/10/2022 18:33:11;         472075;     156454011;          160;                 266968;                                     0,565520;       50871;              87839659;         42261;                69817610;                40933;                       66731942;            13047;                   33250755;                                     0,498273;                      27886;                             33481187;                                     0,501727;                495;                       969553;                                     0,013887;              833;                    2116115;                                     0,030309
       407;       545;         1;BR      ;30/10/2022 18:33:12;         472075;     156454011;           25;                 266993;                                     0,565573;        8032;              87847691;          6677;                69824287;                 6466;                       66738408;             2077;                   33252832;                                     0,498256;                       4389;                             33485576;                                     0,501744;                 90;                       969643;                                     0,013887;              121;                    2116236;                                     0,030308
       407;       545;         1;BR      ;30/10/2022 18:33:13;         472075;     156454011;           68;                 267061;                                     0,565717;       19250;              87866941;         14903;                69839190;                14273;                       66752681;             5679;                   33258511;                                     0,498235;                       8594;                             33494170;                                     0,501765;                159;                       969802;                                     0,013886;              471;                    2116707;                                     0,030308
       407;       545;         1;BR      ;30/10/2022 18:33:14;         472075;     156454011;            1;                 267062;                                     0,565719;         256;              87867197;           185;                69839375;                  170;                       66752851;              119;                   33258630;                                     0,498235;                         51;                             33494221;                                     0,501765;                  2;                       969804;                                     0,013886;               13;                    2116720;                                     0,030308
       407;       545;         1;BR      ;30/10/2022 18:33:27;         472075;     156454011;          316;                 267378;                                     0,566389;       97949;              87965146;         81250;                69920625;                78357;                       66831208;            49212;                   33307842;                                     0,498388;                      29145;                             33523366;                                     0,501612;                967;                       970771;                                     0,013884;             1926;                    2118646;                                     0,030301
       407;       545;         1;BR      ;30/10/2022 18:33:28;         472075;     156454011;          228;                 267606;                                     0,566872;       72854;              88038000;         58222;                69978847;                55879;                       66887087;            28634;                   33336476;                                     0,498399;                      27245;                             33550611;                                     0,501601;                825;                       971596;                                     0,013884;             1518;                    2120164;                                     0,030297
       407;       545;         1;BR      ;30/10/2022 18:33:29;         472075;     156454011;          452;                 268058;                                     0,567829;      182939;              88220939;        142161;                70121008;               135968;                       67023055;            60628;                   33397104;                                     0,498293;                      75340;                             33625951;                                     0,501707;               1851;                       973447;                                     0,013882;             4342;                    2124506;                                     0,030298
       407;       545;         1;BR      ;30/10/2022 18:33:30;         472075;     156454011;          247;                 268305;                                     0,568352;       82245;              88303184;         65483;                70186491;                62925;                       67085980;            26002;                   33423106;                                     0,498213;                      36923;                             33662874;                                     0,501787;                887;                       974334;                                     0,013882;             1671;                    2126177;                                     0,030293
       407;       545;         1;BR      ;30/10/2022 18:33:31;         472075;     156454011;          148;                 268453;                                     0,568666;       46118;              88349302;         36104;                70222595;                34553;                       67120533;            18663;                   33441769;                                     0,498235;                      15890;                             33678764;                                     0,501765;                496;                       974830;                                     0,013882;             1055;                    2127232;                                     0,030293
       407;       545;         1;BR      ;30/10/2022 18:33:32;         472075;     156454011;          227;                 268680;                                     0,569147;       72704;              88422006;         58491;                70281086;                56462;                       67176995;            37012;                   33478781;                                     0,498367;                      19450;                             33698214;                                     0,501633;                709;                       975539;                                     0,013881;             1320;                    2128552;                                     0,030286
       407;       545;         1;BR      ;30/10/2022 18:33:33;         472075;     156454011;          193;                 268873;                                     0,569556;       60661;              88482667;         46162;                70327248;                44871;                       67221866;            24168;                   33502949;                                     0,498394;                      20703;                             33718917;                                     0,501606;                453;                       975992;                                     0,013878;              838;                    2129390;                                     0,030278
       407;       545;         1;BR      ;30/10/2022 18:33:34;         472075;     156454011;          190;                 269063;                                     0,569958;       63201;              88545868;         51508;                70378756;                49849;                       67271715;            23385;                   33526334;                                     0,498372;                      26464;                             33745381;                                     0,501628;                604;                       976596;                                     0,013876;             1055;                    2130445;                                     0,030271
       407;       545;         1;BR      ;30/10/2022 18:33:35;         472075;     156454011;          111;                 269174;                                     0,570193;       36405;              88582273;         29848;                70408604;                28817;                       67300532;            12406;                   33538740;                                     0,498343;                      16411;                             33761792;                                     0,501657;                419;                       977015;                                     0,013876;              612;                    2131057;                                     0,030267
       407;       545;         1;BR      ;30/10/2022 18:33:36;         472075;     156454011;          180;                 269354;                                     0,570575;       60159;              88642432;         47754;                70456358;                45498;                       67346030;            24199;                   33562939;                                     0,498366;                      21299;                             33783091;                                     0,501634;                680;                       977695;                                     0,013877;             1576;                    2132633;                                     0,030269
       407;       545;         1;BR      ;30/10/2022 18:33:37;         472075;     156454011;          505;                 269859;                                     0,571644;      179751;              88822183;        141878;                70598236;               132532;                       67478562;            65174;                   33628113;                                     0,498353;                      67358;                             33850449;                                     0,501647;               2886;                       980581;                                     0,013890;             6460;                    2139093;                                     0,030300
       407;       545;         1;BR      ;30/10/2022 18:33:38;         472075;     156454011;          147;                 270006;                                     0,571956;       46564;              88868747;         37041;                70635277;                34901;                       67513463;            13711;                   33641824;                                     0,498298;                      21190;                             33871639;                                     0,501702;                736;                       981317;                                     0,013893;             1404;                    2140497;                                     0,030304
       407;       545;         1;BR      ;30/10/2022 18:33:39;         472075;     156454011;          151;                 270157;                                     0,572276;       52240;              88920987;         40915;                70676192;                38618;                       67552081;            17023;                   33658847;                                     0,498265;                      21595;                             33893234;                                     0,501735;                750;                       982067;                                     0,013895;             1547;                    2142044;                                     0,030308
       407;       545;         1;BR      ;30/10/2022 18:33:40;         472075;     156454011;          155;                 270312;                                     0,572604;       55349;              88976336;         43417;                70719609;                40973;                       67593054;            16706;                   33675553;                                     0,498210;                      24267;                             33917501;                                     0,501790;                802;                       982869;                                     0,013898;             1642;                    2143686;                                     0,030312
       407;       545;         1;BR      ;30/10/2022 18:33:41;         472075;     156454011;           89;                 270401;                                     0,572792;       28430;              89004766;         22220;                70741829;                20818;                       67613872;             8863;                   33684416;                                     0,498188;                      11955;                             33929456;                                     0,501812;                462;                       983331;                                     0,013900;              940;                    2144626;                                     0,030316
       407;       545;         1;BR      ;30/10/2022 18:33:42;         472075;     156454011;            2;                 270403;                                     0,572797;         677;              89005443;           554;                70742383;                  528;                       67614400;              185;                   33684601;                                     0,498187;                        343;                             33929799;                                     0,501813;                 12;                       983343;                                     0,013900;               14;                    2144640;                                     0,030316
       407;       545;         1;BR      ;30/10/2022 18:33:44;         472075;     156454011;            2;                 270405;                                     0,572801;         441;              89005884;           379;                70742762;                  365;                       67614765;              261;                   33684862;                                     0,498188;                        104;                             33929903;                                     0,501812;                  7;                       983350;                                     0,013900;                7;                    2144647;                                     0,030316
       407;       545;         1;BR      ;30/10/2022 18:33:45;         472075;     156454011;           98;                 270503;                                     0,573009;       29253;              89035137;         22705;                70765467;                22170;                       67636935;             9952;                   33694814;                                     0,498172;                      12218;                             33942121;                                     0,501828;                220;                       983570;                                     0,013899;              315;                    2144962;                                     0,030311
       407;       545;         1;BR      ;30/10/2022 18:33:46;         472075;     156454011;           93;                 270596;                                     0,573206;       30028;              89065165;         22702;                70788169;                21917;                       67658852;            13592;                   33708406;                                     0,498211;                       8325;                             33950446;                                     0,501789;                226;                       983796;                                     0,013898;              559;                    2145521;                                     0,030309
       407;       545;         1;BR      ;30/10/2022 18:33:47;         472075;     156454011;          121;                 270717;                                     0,573462;       38548;              89103713;         31023;                70819192;                29205;                       67688057;            21563;                   33729969;                                     0,498315;                       7642;                             33958088;                                     0,501685;                441;                       984237;                                     0,013898;             1377;                    2146898;                                     0,030315
       407;       545;         1;BR      ;30/10/2022 18:33:48;         472075;     156454011;          167;                 270884;                                     0,573816;       51232;              89154945;         40064;                70859256;                37917;                       67725974;            29738;                   33759707;                                     0,498475;                       8179;                             33966267;                                     0,501525;                505;                       984742;                                     0,013897;             1642;                    2148540;                                     0,030321
       407;       545;         1;BR      ;30/10/2022 18:33:49;         472075;     156454011;           44;                 270928;                                     0,573909;       14235;              89169180;         11052;                70870308;                10485;                       67736459;             7775;                   33767482;                                     0,498513;                       2710;                             33968977;                                     0,501487;                146;                       984888;                                     0,013897;              421;                    2148961;                                     0,030322
       407;       545;         1;BR      ;30/10/2022 18:33:50;         472075;     156454011;           31;                 270959;                                     0,573974;        9075;              89178255;          6840;                70877148;                 6409;                       67742868;             4792;                   33772274;                                     0,498536;                       1617;                             33970594;                                     0,501464;                 79;                       984967;                                     0,013897;              352;                    2149313;                                     0,030324
       407;       545;         1;BR      ;30/10/2022 18:33:51;         472075;     156454011;          165;                 271124;                                     0,574324;       56309;              89234564;         44728;                70921876;                42220;                       67785088;            22906;                   33795180;                                     0,498564;                      19314;                             33989908;                                     0,501436;                637;                       985604;                                     0,013897;             1871;                    2151184;                                     0,030332
       407;       545;         1;BR      ;30/10/2022 18:33:52;         472075;     156454011;          192;                 271316;                                     0,574731;       59326;              89293890;         48400;                70970276;                46114;                       67831202;            21840;                   33817020;                                     0,498547;                      24274;                             34014182;                                     0,501453;                897;                       986501;                                     0,013900;             1389;                    2152573;                                     0,030331
       407;       545;         1;BR      ;30/10/2022 18:33:54;         472075;     156454011;           32;                 271348;                                     0,574798;       10940;              89304830;          8110;                70978386;                 7729;                       67838931;             4896;                   33821916;                                     0,498562;                       2833;                             34017015;                                     0,501438;                 64;                       986565;                                     0,013900;              317;                    2152890;                                     0,030332
       407;       545;         1;BR      ;30/10/2022 18:33:55;         472075;     156454011;           47;                 271395;                                     0,574898;       17340;              89322170;         14530;                70992916;                13697;                       67852628;             7885;                   33829801;                                     0,498578;                       5812;                             34022827;                                     0,501422;                202;                       986767;                                     0,013900;              631;                    2153521;                                     0,030334
       407;       545;         1;BR      ;30/10/2022 18:33:56;         472075;     156454011;          130;                 271525;                                     0,575173;       42777;              89364947;         35760;                71028676;                33683;                       67886311;            21639;                   33851440;                                     0,498649;                      12044;                             34034871;                                     0,501351;                468;                       987235;                                     0,013899;             1609;                    2155130;                                     0,030342
       407;       545;         1;BR      ;30/10/2022 18:33:57;         472075;     156454011;            1;                 271526;                                     0,575176;         159;              89365106;           123;                71028799;                  117;                       67886428;              100;                   33851540;                                     0,498650;                         17;                             34034888;                                     0,501350;                  1;                       987236;                                     0,013899;                5;                    2155135;                                     0,030342
       407;       545;         1;BR      ;30/10/2022 18:33:58;         472075;     156454011;           50;                 271576;                                     0,575281;       15012;              89380118;         11819;                71040618;                11286;                       67897714;             5831;                   33857371;                                     0,498653;                       5455;                             34040343;                                     0,501347;                141;                       987377;                                     0,013899;              392;                    2155527;                                     0,030342
       407;       545;         1;BR      ;30/10/2022 18:33:59;         472075;     156454011;           49;                 271625;                                     0,575385;       17186;              89397304;         14375;                71054993;                13891;                       67911605;             4651;                   33862022;                                     0,498619;                       9240;                             34049583;                                     0,501381;                181;                       987558;                                     0,013899;              303;                    2155830;                                     0,030340
       407;       545;         1;BR      ;30/10/2022 18:34:00;         472075;     156454011;           49;                 271674;                                     0,575489;       16914;              89414218;         13775;                71068768;                13304;                       67924909;             5126;                   33867148;                                     0,498597;                       8178;                             34057761;                                     0,501403;                185;                       987743;                                     0,013898;              286;                    2156116;                                     0,030338
       407;       545;         1;BR      ;30/10/2022 18:34:01;         472075;     156454011;           26;                 271700;                                     0,575544;        8868;              89423086;          7174;                71075942;                 6970;                       67931879;             2121;                   33869269;                                     0,498577;                       4849;                             34062610;                                     0,501423;                 88;                       987831;                                     0,013898;              116;                    2156232;                                     0,030337
       407;       545;         1;BR      ;30/10/2022 18:34:02;         472075;     156454011;           16;                 271716;                                     0,575578;        4614;              89427700;          3866;                71079808;                 3759;                       67935638;             1157;                   33870426;                                     0,498566;                       2602;                             34065212;                                     0,501434;                 56;                       987887;                                     0,013898;               51;                    2156283;                                     0,030336
       407;       545;         1;BR      ;30/10/2022 18:34:03;         472075;     156454011;           10;                 271726;                                     0,575599;        3541;              89431241;          2875;                71082683;                 2776;                       67938414;              820;                   33871246;                                     0,498558;                       1956;                             34067168;                                     0,501442;                 41;                       987928;                                     0,013898;               58;                    2156341;                                     0,030336
       407;       545;         1;BR      ;30/10/2022 18:34:04;         472075;     156454011;           55;                 271781;                                     0,575716;       17433;              89448674;         13663;                71096346;                13048;                       67951462;             4485;                   33875731;                                     0,498528;                       8563;                             34075731;                                     0,501472;                201;                       988129;                                     0,013898;              414;                    2156755;                                     0,030336
       407;       545;         1;BR      ;30/10/2022 18:34:33;         472075;     156454011;          196;                 271977;                                     0,576131;       65758;              89514432;         52270;                71148616;                50148;                       68001610;            24659;                   33900390;                                     0,498523;                      25489;                             34101220;                                     0,501477;                767;                       988896;                                     0,013899;             1355;                    2158110;                                     0,030332
       407;       545;         1;BR      ;30/10/2022 18:34:34;         472075;     156454011;          588;                 272565;                                     0,577376;      228326;              89742758;        176060;                71324676;               168619;                       68170229;            74354;                   33974744;                                     0,498381;                      94265;                             34195485;                                     0,501619;               2234;                       991130;                                     0,013896;             5207;                    2163317;                                     0,030331
       407;       545;         1;BR      ;30/10/2022 18:34:35;         472075;     156454011;          262;                 272827;                                     0,577931;       87603;              89830361;         69837;                71394513;                67105;                       68237334;            28106;                   34002850;                                     0,498303;                      38999;                             34234484;                                     0,501697;                909;                       992039;                                     0,013895;             1823;                    2165140;                                     0,030326
       407;       545;         1;BR      ;30/10/2022 18:34:36;         472075;     156454011;          125;                 272952;                                     0,578196;       38495;              89868856;         30982;                71425495;                29864;                       68267198;            16576;                   34019426;                                     0,498328;                      13288;                             34247772;                                     0,501672;                385;                       992424;                                     0,013895;              733;                    2165873;                                     0,030324
       407;       545;         1;BR      ;30/10/2022 18:34:37;         472075;     156454011;          233;                 273185;                                     0,578690;       75035;              89943891;         62080;                71487575;                59919;                       68327117;            39683;                   34059109;                                     0,498471;                      20236;                             34268008;                                     0,501529;                709;                       993133;                                     0,013892;             1452;                    2167325;                                     0,030318
       407;       545;         1;BR      ;30/10/2022 18:34:38;         472075;     156454011;          106;                 273291;                                     0,578914;       32925;              89976816;         27634;                71515209;                26644;                       68353761;            17851;                   34076960;                                     0,498538;                       8793;                             34276801;                                     0,501462;                385;                       993518;                                     0,013892;              605;                    2167930;                                     0,030314
       407;       545;         1;BR      ;30/10/2022 18:34:39;         472075;     156454011;          200;                 273491;                                     0,579338;       63357;              90040173;         49598;                71564807;                48145;                       68401906;            32053;                   34109013;                                     0,498656;                      16092;                             34292893;                                     0,501344;                568;                       994086;                                     0,013891;              885;                    2168815;                                     0,030306
       407;       545;         1;BR      ;30/10/2022 18:34:40;         472075;     156454011;          162;                 273653;                                     0,579681;       55132;              90095305;         43956;                71608763;                42499;                       68444405;            19005;                   34128018;                                     0,498624;                      23494;                             34316387;                                     0,501376;                513;                       994599;                                     0,013889;              944;                    2169759;                                     0,030300
       407;       545;         1;BR      ;30/10/2022 18:34:41;         472075;     156454011;           19;                 273672;                                     0,579721;        6433;              90101738;          5119;                71613882;                 4982;                       68449387;             2569;                   34130587;                                     0,498625;                       2413;                             34318800;                                     0,501375;                 55;                       994654;                                     0,013889;               82;                    2169841;                                     0,030299
       407;       545;         1;BR      ;30/10/2022 18:34:42;         472075;     156454011;           11;                 273683;                                     0,579745;        3685;              90105423;          3061;                71616943;                 2955;                       68452342;             1552;                   34132139;                                     0,498626;                       1403;                             34320203;                                     0,501374;                 31;                       994685;                                     0,013889;               75;                    2169916;                                     0,030299
       407;       545;         1;BR      ;30/10/2022 18:34:43;         472075;     156454011;          102;                 273785;                                     0,579961;       33714;              90139137;         27795;                71644738;                26832;                       68479174;            12255;                   34144394;                                     0,498610;                      14577;                             34334780;                                     0,501390;                354;                       995039;                                     0,013889;              609;                    2170525;                                     0,030296
       407;       545;         1;BR      ;30/10/2022 18:34:44;         472075;     156454011;          119;                 273904;                                     0,580213;       38821;              90177958;         32108;                71676846;                31006;                       68510180;            17704;                   34162098;                                     0,498643;                      13302;                             34348082;                                     0,501357;                379;                       995418;                                     0,013888;              723;                    2171248;                                     0,030292
       407;       545;         1;BR      ;30/10/2022 18:34:45;         472075;     156454011;          124;                 274028;                                     0,580476;       37770;              90215728;         29670;                71706516;                28331;                       68538511;            15446;                   34177544;                                     0,498662;                      12885;                             34360967;                                     0,501338;                370;                       995788;                                     0,013887;              969;                    2172217;                                     0,030293
       407;       545;         1;BR      ;30/10/2022 18:34:46;         472075;     156454011;          731;                 274759;                                     0,582024;      260571;              90476299;        205552;                71912068;               191727;                       68730238;            96079;                   34273623;                                     0,498669;                      95648;                             34456615;                                     0,501331;               4232;                      1000020;                                     0,013906;             9593;                    2181810;                                     0,030340
       407;       545;         1;BR      ;30/10/2022 18:34:47;         472075;     156454011;          160;                 274919;                                     0,582363;       56556;              90532855;         45116;                71957184;                42553;                       68772791;            17989;                   34291612;                                     0,498622;                      24564;                             34481179;                                     0,501378;                885;                      1000905;                                     0,013910;             1678;                    2183488;                                     0,030344
       407;       545;         1;BR      ;30/10/2022 18:34:48;         472075;     156454011;          146;                 275065;                                     0,582672;       46489;              90579344;         37660;                71994844;                35407;                       68808198;            15033;                   34306645;                                     0,498584;                      20374;                             34501553;                                     0,501416;                708;                      1001613;                                     0,013912;             1545;                    2185033;                                     0,030350
       407;       545;         1;BR      ;30/10/2022 18:34:49;         472075;     156454011;          155;                 275220;                                     0,583001;       51189;              90630533;         39950;                72034794;                37784;                       68845982;            16879;                   34323524;                                     0,498555;                      20905;                             34522458;                                     0,501445;                700;                      1002313;                                     0,013914;             1466;                    2186499;                                     0,030353
       407;       545;         1;BR      ;30/10/2022 18:34:50;         472075;     156454011;          185;                 275405;                                     0,583392;       63908;              90694441;         50729;                72085523;                48061;                       68894043;            20436;                   34343960;                                     0,498504;                      27625;                             34550083;                                     0,501496;                879;                      1003192;                                     0,013917;             1789;                    2188288;                                     0,030357
       407;       545;         1;BR      ;30/10/2022 18:34:51;         472075;     156454011;          139;                 275544;                                     0,583687;       46632;              90741073;         36771;                72122294;                34552;                       68928595;            15886;                   34359846;                                     0,498485;                      18666;                             34568749;                                     0,501515;                659;                      1003851;                                     0,013919;             1560;                    2189848;                                     0,030363
       407;       545;         1;BR      ;30/10/2022 18:34:53;         472075;     156454011;           11;                 275555;                                     0,583710;        4280;              90745353;          3301;                72125595;                 3102;                       68931697;             1489;                   34361335;                                     0,498484;                       1613;                             34570362;                                     0,501516;                 70;                      1003921;                                     0,013919;              129;                    2189977;                                     0,030363
       407;       545;         1;BR      ;30/10/2022 18:34:54;         472075;     156454011;           49;                 275604;                                     0,583814;       14120;              90759473;         11191;                72136786;                10521;                       68942218;             4493;                   34365828;                                     0,498473;                       6028;                             34576390;                                     0,501527;                237;                      1004158;                                     0,013920;              433;                    2190410;                                     0,030365
       407;       545;         1;BR      ;30/10/2022 18:34:56;         472075;     156454011;           90;                 275694;                                     0,584005;       28085;              90787558;         21781;                72158567;                21327;                       68963545;             7219;                   34373047;                                     0,498423;                      14108;                             34590498;                                     0,501577;                151;                      1004309;                                     0,013918;              303;                    2190713;                                     0,030360
       407;       545;         1;BR      ;30/10/2022 18:34:57;         472075;     156454011;          122;                 275816;                                     0,584263;       38970;              90826528;         29810;                72188377;                28888;                       68992433;            18083;                   34391130;                                     0,498477;                      10805;                             34601303;                                     0,501523;                293;                      1004602;                                     0,013916;              629;                    2191342;                                     0,030356
       407;       545;         1;BR      ;30/10/2022 18:34:58;         472075;     156454011;          272;                 276088;                                     0,584839;       93657;              90920185;         76800;                72265177;                72097;                       69064530;            51019;                   34442149;                                     0,498695;                      21078;                             34622381;                                     0,501305;               1089;                      1005691;                                     0,013917;             3614;                    2194956;                                     0,030374
       407;       545;         1;BR      ;30/10/2022 18:34:59;         472075;     156454011;          178;                 276266;                                     0,585216;       51000;              90971185;         39058;                72304235;                37123;                       69101653;            29348;                   34471497;                                     0,498852;                       7775;                             34630156;                                     0,501148;                464;                      1006155;                                     0,013916;             1471;                    2196427;                                     0,030378
       407;       545;         1;BR      ;30/10/2022 18:35:01;         472075;     156454011;          115;                 276381;                                     0,585460;       38782;              91009967;         29845;                72334080;                28029;                       69129682;            16175;                   34487672;                                     0,498884;                      11854;                             34642010;                                     0,501116;                363;                      1006518;                                     0,013915;             1453;                    2197880;                                     0,030385
       407;       545;         1;BR      ;30/10/2022 18:35:02;         472075;     156454011;          176;                 276557;                                     0,585833;       59868;              91069835;         48714;                72382794;                46079;                       69175761;            27465;                   34515137;                                     0,498948;                      18614;                             34660624;                                     0,501052;                737;                      1007255;                                     0,013916;             1898;                    2199778;                                     0,030391
       407;       545;         1;BR      ;30/10/2022 18:35:03;         472075;     156454011;          152;                 276709;                                     0,586155;       48957;              91118792;         39040;                72421834;                37291;                       69213052;            15845;                   34530982;                                     0,498909;                      21446;                             34682070;                                     0,501091;                661;                      1007916;                                     0,013917;             1088;                    2200866;                                     0,030390
       407;       545;         1;BR      ;30/10/2022 18:35:04;         472075;     156454011;           55;                 276764;                                     0,586271;       19782;              91138574;         15825;                72437659;                15052;                       69228104;             6372;                   34537354;                                     0,498892;                       8680;                             34690750;                                     0,501108;                288;                      1008204;                                     0,013918;              485;                    2201351;                                     0,030390
       407;       545;         1;BR      ;30/10/2022 18:35:05;         472075;     156454011;           73;                 276837;                                     0,586426;       21864;              91160438;         18418;                72456077;                17651;                       69245755;             6353;                   34543707;                                     0,498857;                      11298;                             34702048;                                     0,501143;                363;                      1008567;                                     0,013920;              404;                    2201755;                                     0,030387
       407;       545;         1;BR      ;30/10/2022 18:35:06;         472075;     156454011;           67;                 276904;                                     0,586568;       21792;              91182230;         16783;                72472860;                15977;                       69261732;             8354;                   34552061;                                     0,498862;                       7623;                             34709671;                                     0,501138;                170;                      1008737;                                     0,013919;              636;                    2202391;                                     0,030389
       407;       545;         1;BR      ;30/10/2022 18:35:07;         472075;     156454011;          163;                 277067;                                     0,586913;       56957;              91239187;         46885;                72519745;                43986;                       69305718;            26641;                   34578702;                                     0,498930;                      17345;                             34727016;                                     0,501070;                652;                      1009389;                                     0,013919;             2247;                    2204638;                                     0,030401
       407;       545;         1;BR      ;30/10/2022 18:35:08;         472075;     156454011;          131;                 277198;                                     0,587191;       44941;              91284128;         37093;                72556838;                34820;                       69340538;            22363;                   34601065;                                     0,499002;                      12457;                             34739473;                                     0,500998;                498;                      1009887;                                     0,013919;             1775;                    2206413;                                     0,030409
       407;       545;         1;BR      ;30/10/2022 18:35:09;         472075;     156454011;           32;                 277230;                                     0,587258;       11524;              91295652;          8677;                72565515;                 8142;                       69348680;             4465;                   34605530;                                     0,499008;                       3677;                             34743150;                                     0,500992;                117;                      1010004;                                     0,013919;              418;                    2206831;                                     0,030412
       407;       545;         1;BR      ;30/10/2022 18:35:10;         472075;     156454011;           36;                 277266;                                     0,587335;       10495;              91306147;          8180;                72573695;                 7904;                       69356584;             2279;                   34607809;                                     0,498984;                       5625;                             34748775;                                     0,501016;                 88;                      1010092;                                     0,013918;              188;                    2207019;                                     0,030411
       407;       545;         1;BR      ;30/10/2022 18:35:11;         472075;     156454011;           34;                 277300;                                     0,587407;       11161;              91317308;          9105;                72582800;                 8616;                       69365200;             6126;                   34613935;                                     0,499010;                       2490;                             34751265;                                     0,500990;                131;                      1010223;                                     0,013918;              358;                    2207377;                                     0,030412
       407;       545;         1;BR      ;30/10/2022 18:35:12;         472075;     156454011;          100;                 277400;                                     0,587618;       33383;              91350691;         27697;                72610497;                26486;                       69391686;            14656;                   34628591;                                     0,499031;                      11830;                             34763095;                                     0,500969;                396;                      1010619;                                     0,013918;              815;                    2208192;                                     0,030411
       407;       545;         1;BR      ;30/10/2022 18:35:13;         472075;     156454011;          191;                 277591;                                     0,588023;       66789;              91417480;         55416;                72665913;                53699;                       69445385;            15152;                   34643743;                                     0,498863;                      38547;                             34801642;                                     0,501137;                700;                      1011319;                                     0,013917;             1017;                    2209209;                                     0,030402
       407;       545;         1;BR      ;30/10/2022 18:35:14;         472075;     156454011;           44;                 277635;                                     0,588116;       14013;              91431493;         11655;                72677568;                11294;                       69456679;             3382;                   34647125;                                     0,498831;                       7912;                             34809554;                                     0,501169;                136;                      1011455;                                     0,013917;              225;                    2209434;                                     0,030400
       407;       545;         1;BR      ;30/10/2022 18:35:15;         472075;     156454011;            6;                 277641;                                     0,588129;        1693;              91433186;          1377;                72678945;                 1233;                       69457912;              902;                   34648027;                                     0,498835;                        331;                             34809885;                                     0,501165;                 31;                      1011486;                                     0,013917;              113;                    2209547;                                     0,030401
       407;       545;         1;BR      ;30/10/2022 18:35:16;         472075;     156454011;           31;                 277672;                                     0,588195;        9654;              91442840;          7493;                72686438;                 7195;                       69465107;             2816;                   34650843;                                     0,498824;                       4379;                             34814264;                                     0,501176;                 92;                      1011578;                                     0,013917;              206;                    2209753;                                     0,030401
       407;       545;         1;BR      ;30/10/2022 18:35:17;         472075;     156454011;            1;                 277673;                                     0,588197;         290;              91443130;           246;                72686684;                  235;                       69465342;              115;                   34650958;                                     0,498824;                        120;                             34814384;                                     0,501176;                  5;                      1011583;                                     0,013917;                6;                    2209759;                                     0,030401
       407;       545;         1;BR      ;30/10/2022 18:35:20;         472075;     156454011;           13;                 277686;                                     0,588224;        4333;              91447463;          3513;                72690197;                 3432;                       69468774;             1094;                   34652052;                                     0,498815;                       2338;                             34816722;                                     0,501185;                 37;                      1011620;                                     0,013917;               44;                    2209803;                                     0,030400
       407;       545;         1;BR      ;30/10/2022 18:35:39;         472075;     156454011;          227;                 277913;                                     0,588705;       70931;              91518394;         58706;                72748903;                56595;                       69525369;            34693;                   34686745;                                     0,498908;                      21902;                             34838624;                                     0,501092;                730;                      1012350;                                     0,013916;             1381;                    2211184;                                     0,030395
       407;       545;         1;BR      ;30/10/2022 18:35:40;         472075;     156454011;          168;                 278081;                                     0,589061;       53121;              91571515;         42194;                72791097;                40444;                       69565813;            20433;                   34707178;                                     0,498911;                      20011;                             34858635;                                     0,501089;                579;                      1012929;                                     0,013916;             1171;                    2212355;                                     0,030393
       407;       545;         1;BR      ;30/10/2022 18:35:41;         472075;     156454011;          227;                 278308;                                     0,589542;       73735;              91645250;         58908;                72850005;                56332;                       69622145;            29427;                   34736605;                                     0,498930;                      26905;                             34885540;                                     0,501070;                934;                      1013863;                                     0,013917;             1642;                    2213997;                                     0,030391
       407;       545;         1;BR      ;30/10/2022 18:35:42;         472075;     156454011;          558;                 278866;                                     0,590724;      212705;              91857955;        164912;                73014917;               157967;                       69780112;            69218;                   34805823;                                     0,498793;                      88749;                             34974289;                                     0,501207;               2048;                      1015911;                                     0,013914;             4897;                    2218894;                                     0,030390
       407;       545;         1;BR      ;30/10/2022 18:35:43;         472075;     156454011;          330;                 279196;                                     0,591423;      106906;              91964861;         86447;                73101364;                83253;                       69863365;            38301;                   34844124;                                     0,498747;                      44952;                             35019241;                                     0,501253;               1071;                      1016982;                                     0,013912;             2123;                    2221017;                                     0,030383
       407;       545;         1;BR      ;30/10/2022 18:35:44;         472075;     156454011;          157;                 279353;                                     0,591756;       51568;              92016429;         41199;                73142563;                39999;                       69903364;            25411;                   34869535;                                     0,498825;                      14588;                             35033829;                                     0,501175;                458;                      1017440;                                     0,013910;              742;                    2221759;                                     0,030376
       407;       545;         1;BR      ;30/10/2022 18:35:45;         472075;     156454011;          149;                 279502;                                     0,592071;       49081;              92065510;         38168;                73180731;                36974;                       69940338;            18074;                   34887609;                                     0,498820;                      18900;                             35052729;                                     0,501180;                416;                      1017856;                                     0,013909;              778;                    2222537;                                     0,030371
       407;       545;         1;BR      ;30/10/2022 18:35:46;         472075;     156454011;          136;                 279638;                                     0,592359;       46266;              92111776;         37794;                73218525;                36525;                       69976863;            16059;                   34903668;                                     0,498789;                      20466;                             35073195;                                     0,501211;                491;                      1018347;                                     0,013908;              778;                    2223315;                                     0,030365
       407;       545;         1;BR      ;30/10/2022 18:35:47;         472075;     156454011;          132;                 279770;                                     0,592639;       42263;              92154039;         34615;                73253140;                33456;                       70010319;            14654;                   34918322;                                     0,498760;                      18802;                             35091997;                                     0,501240;                413;                      1018760;                                     0,013907;              746;                    2224061;                                     0,030361
       407;       545;         1;BR      ;30/10/2022 18:35:48;         472075;     156454011;          106;                 279876;                                     0,592863;       31987;              92186026;         25750;                73278890;                24773;                       70035092;            15812;                   34934134;                                     0,498809;                       8961;                             35100958;                                     0,501191;                296;                      1019056;                                     0,013907;              681;                    2224742;                                     0,030360
       407;       545;         1;BR      ;30/10/2022 18:35:49;         472075;     156454011;          518;                 280394;                                     0,593961;      184828;              92370854;        147251;                73426141;               137619;                       70172711;            70296;                   35004430;                                     0,498833;                      67323;                             35168281;                                     0,501167;               2931;                      1021987;                                     0,013919;             6701;                    2231443;                                     0,030390
       407;       545;         1;BR      ;30/10/2022 18:35:50;         472075;     156454011;          133;                 280527;                                     0,594242;       43044;              92413898;         34419;                73460560;                32700;                       70205411;            15969;                   35020399;                                     0,498828;                      16731;                             35185012;                                     0,501172;                551;                      1022538;                                     0,013920;             1168;                    2232611;                                     0,030392
       407;       545;         1;BR      ;30/10/2022 18:35:51;         472075;     156454011;          253;                 280780;                                     0,594778;       87004;              92500902;         69921;                73530481;                65928;                       70271339;            26998;                   35047397;                                     0,498744;                      38930;                             35223942;                                     0,501256;               1283;                      1023821;                                     0,013924;             2710;                    2235321;                                     0,030400
       407;       545;         1;BR      ;30/10/2022 18:35:52;         472075;     156454011;          136;                 280916;                                     0,595066;       46271;              92547173;         36421;                73566902;                34281;                       70305620;            13188;                   35060585;                                     0,498688;                      21093;                             35245035;                                     0,501312;                713;                      1024534;                                     0,013927;             1427;                    2236748;                                     0,030404
       407;       545;         1;BR      ;30/10/2022 18:35:53;         472075;     156454011;          118;                 281034;                                     0,595316;       41029;              92588202;         31980;                73598882;                30173;                       70335793;            13678;                   35074263;                                     0,498669;                      16495;                             35261530;                                     0,501331;                601;                      1025135;                                     0,013929;             1206;                    2237954;                                     0,030407
       407;       545;         1;BR      ;30/10/2022 18:35:54;         472075;     156454011;          123;                 281157;                                     0,595577;       39089;              92627291;         30424;                73629306;                28848;                       70364641;            12072;                   35086335;                                     0,498636;                      16776;                             35278306;                                     0,501364;                510;                      1025645;                                     0,013930;             1066;                    2239020;                                     0,030409
       407;       545;         1;BR      ;30/10/2022 18:35:55;         472075;     156454011;          226;                 281383;                                     0,596056;       75268;              92702559;         59580;                73688886;                56386;                       70421027;            20579;                   35106914;                                     0,498529;                      35807;                             35314113;                                     0,501471;               1077;                      1026722;                                     0,013933;             2117;                    2241137;                                     0,030414
       407;       545;         1;BR      ;30/10/2022 18:35:56;         472075;     156454011;            2;                 281385;                                     0,596060;         492;              92703051;           371;                73689257;                  358;                       70421385;              106;                   35107020;                                     0,498528;                        252;                             35314365;                                     0,501472;                  3;                      1026725;                                     0,013933;               10;                    2241147;                                     0,030413
       407;       545;         1;BR      ;30/10/2022 18:35:59;         472075;     156454011;           26;                 281411;                                     0,596115;        7680;              92710731;          5812;                73695069;                 5675;                       70427060;             2175;                   35109195;                                     0,498519;                       3500;                             35317865;                                     0,501481;                 49;                      1026774;                                     0,013933;               88;                    2241235;                                     0,030412
       407;       545;         1;BR      ;30/10/2022 18:36:00;         472075;     156454011;          127;                 281538;                                     0,596384;       41475;              92752206;         31520;                73726589;                30826;                       70457886;            16107;                   35125302;                                     0,498529;                      14719;                             35332584;                                     0,501471;                245;                      1027019;                                     0,013930;              449;                    2241684;                                     0,030405
       407;       545;         1;BR      ;30/10/2022 18:36:01;         472075;     156454011;          148;                 281686;                                     0,596698;       46438;              92798644;         35366;                73761955;                33912;                       70491798;            21798;                   35147100;                                     0,498598;                      12114;                             35344698;                                     0,501402;                359;                      1027378;                                     0,013928;             1095;                    2242779;                                     0,030406
       407;       545;         1;BR      ;30/10/2022 18:36:02;         472075;     156454011;          231;                 281917;                                     0,597187;       75318;              92873962;         60505;                73822460;                57031;                       70548829;            40376;                   35187476;                                     0,498768;                      16655;                             35361353;                                     0,501232;                892;                      1028270;                                     0,013929;             2582;                    2245361;                                     0,030416
       407;       545;         1;BR      ;30/10/2022 18:36:03;         472075;     156454011;            9;                 281926;                                     0,597206;        2690;              92876652;          2124;                73824584;                 2016;                       70550845;             1633;                   35189109;                                     0,498777;                        383;                             35361736;                                     0,501223;                 25;                      1028295;                                     0,013929;               83;                    2245444;                                     0,030416
       407;       545;         1;BR      ;30/10/2022 18:36:04;         472075;     156454011;           16;                 281942;                                     0,597240;        4457;              92881109;          3187;                73827771;                 3051;                       70553896;             2692;                   35191801;                                     0,498793;                        359;                             35362095;                                     0,501207;                 25;                      1028320;                                     0,013929;              111;                    2245555;                                     0,030416
       407;       545;         1;BR      ;30/10/2022 18:36:05;         472075;     156454011;          165;                 282107;                                     0,597589;       55728;              92936837;         44042;                73871813;                41042;                       70594938;            23598;                   35215399;                                     0,498837;                      17444;                             35379539;                                     0,501163;                611;                      1028931;                                     0,013929;             2389;                    2247944;                                     0,030430
       407;       545;         1;BR      ;30/10/2022 18:36:06;         472075;     156454011;          125;                 282232;                                     0,597854;       41949;              92978786;         33697;                73905510;                32190;                       70627128;            15944;                   35231343;                                     0,498836;                      16246;                             35395785;                                     0,501164;                590;                      1029521;                                     0,013930;              917;                    2248861;                                     0,030429
       407;       545;         1;BR      ;30/10/2022 18:36:07;         472075;     156454011;          119;                 282351;                                     0,598106;       37722;              93016508;         30720;                73936230;                29310;                       70656438;            13669;                   35245012;                                     0,498822;                      15641;                             35411426;                                     0,501178;                551;                      1030072;                                     0,013932;              859;                    2249720;                                     0,030428
       407;       545;         1;BR      ;30/10/2022 18:36:08;         472075;     156454011;           29;                 282380;                                     0,598168;       10430;              93026938;          8498;                73944728;                 8049;                       70664487;             4136;                   35249148;                                     0,498824;                       3913;                             35415339;                                     0,501176;                 71;                      1030143;                                     0,013931;              378;                    2250098;                                     0,030429
       407;       545;         1;BR      ;30/10/2022 18:36:09;         472075;     156454011;          169;                 282549;                                     0,598526;       57578;              93084516;         45933;                73990661;                43405;                       70707892;            26775;                   35275923;                                     0,498897;                      16630;                             35431969;                                     0,501103;                558;                      1030701;                                     0,013930;             1970;                    2252068;                                     0,030437
       407;       545;         1;BR      ;30/10/2022 18:36:10;         472075;     156454011;           87;                 282636;                                     0,598710;       27851;              93112367;         22787;                74013448;                21707;                       70729599;             9371;                   35285294;                                     0,498876;                      12336;                             35444305;                                     0,501124;                283;                      1030984;                                     0,013930;              797;                    2252865;                                     0,030439
       407;       545;         1;BR      ;30/10/2022 18:36:11;         472075;     156454011;            6;                 282642;                                     0,598723;        1869;              93114236;          1384;                74014832;                 1348;                       70730947;              525;                   35285819;                                     0,498874;                        823;                             35445128;                                     0,501126;                 10;                      1030994;                                     0,013930;               26;                    2252891;                                     0,030438
       407;       545;         1;BR      ;30/10/2022 18:36:13;         472075;     156454011;           39;                 282681;                                     0,598805;       11883;              93126119;          9297;                74024129;                 8829;                       70739776;             5181;                   35291000;                                     0,498885;                       3648;                             35448776;                                     0,501115;                 95;                      1031089;                                     0,013929;              373;                    2253264;                                     0,030440
       407;       545;         1;BR      ;30/10/2022 18:36:14;         472075;     156454011;          126;                 282807;                                     0,599072;       40203;              93166322;         33409;                74057538;                31936;                       70771712;            17088;                   35308088;                                     0,498901;                      14848;                             35463624;                                     0,501099;                439;                      1031528;                                     0,013929;             1034;                    2254298;                                     0,030440
       407;       545;         1;BR      ;30/10/2022 18:36:15;         472075;     156454011;           63;                 282870;                                     0,599206;       22112;              93188434;         18194;                74075732;                17605;                       70789317;             4764;                   35312852;                                     0,498844;                      12841;                             35476465;                                     0,501156;                220;                      1031748;                                     0,013928;              369;                    2254667;                                     0,030437
       407;       545;         1;BR      ;30/10/2022 18:36:16;         472075;     156454011;           66;                 282936;                                     0,599345;       21384;              93209818;         17945;                74093677;                17478;                       70806795;             5189;                   35318041;                                     0,498795;                      12289;                             35488754;                                     0,501205;                191;                      1031939;                                     0,013927;              276;                    2254943;                                     0,030434
       407;       545;         1;BR      ;30/10/2022 18:36:17;         472075;     156454011;           33;                 282969;                                     0,599415;       10606;              93220424;          8355;                74102032;                 8014;                       70814809;             3058;                   35321099;                                     0,498781;                       4956;                             35493710;                                     0,501219;                105;                      1032044;                                     0,013927;              236;                    2255179;                                     0,030433
       407;       545;         1;BR      ;30/10/2022 18:36:18;         472075;     156454011;            6;                 282975;                                     0,599428;        1566;              93221990;          1166;                74103198;                 1103;                       70815912;              867;                   35321966;                                     0,498786;                        236;                             35493946;                                     0,501214;                  3;                      1032047;                                     0,013927;               60;                    2255239;                                     0,030434
       407;       545;         1;BR      ;30/10/2022 18:36:19;         472075;     156454011;            1;                 282976;                                     0,599430;         393;              93222383;           322;                74103520;                  313;                       70816225;               64;                   35322030;                                     0,498784;                        249;                             35494195;                                     0,501216;                  7;                      1032054;                                     0,013927;                2;                    2255241;                                     0,030434
       407;       545;         1;BR      ;30/10/2022 18:36:22;         472075;     156454011;            3;                 282979;                                     0,599437;         831;              93223214;           704;                74104224;                  684;                       70816909;              345;                   35322375;                                     0,498784;                        339;                             35494534;                                     0,501216;                  9;                      1032063;                                     0,013927;               11;                    2255252;                                     0,030434
       407;       545;         1;BR      ;30/10/2022 18:36:45;         472075;     156454011;          115;                 283094;                                     0,599680;       36452;              93259666;         28308;                74132532;                26805;                       70843714;            14564;                   35336939;                                     0,498801;                      12241;                             35506775;                                     0,501199;                352;                      1032415;                                     0,013927;             1151;                    2256403;                                     0,030437
       407;       545;         1;BR      ;30/10/2022 18:36:46;         472075;     156454011;          124;                 283218;                                     0,599943;       40952;              93300618;         32039;                74164571;                30739;                       70874453;            15387;                   35352326;                                     0,498802;                      15352;                             35522127;                                     0,501198;                443;                      1032858;                                     0,013927;              857;                    2257260;                                     0,030436
       407;       545;         1;BR      ;30/10/2022 18:36:47;         472075;     156454011;          490;                 283708;                                     0,600981;      190304;              93490922;        146556;                74311127;               140213;                       71014666;            60945;                   35413271;                                     0,498675;                      79268;                             35601395;                                     0,501325;               1824;                      1034682;                                     0,013924;             4519;                    2261779;                                     0,030437
       407;       545;         1;BR      ;30/10/2022 18:36:48;         472075;     156454011;          251;                 283959;                                     0,601512;       82182;              93573104;         64686;                74375813;                62025;                       71076691;            29333;                   35442604;                                     0,498653;                      32692;                             35634087;                                     0,501347;                819;                      1035501;                                     0,013923;             1842;                    2263621;                                     0,030435
       407;       545;         1;BR      ;30/10/2022 18:36:49;         472075;     156454011;          148;                 284107;                                     0,601826;       47620;              93620724;         38450;                74414263;                36898;                       71113589;            16884;                   35459488;                                     0,498632;                      20014;                             35654101;                                     0,501368;                555;                      1036056;                                     0,013923;              997;                    2264618;                                     0,030433
       407;       545;         1;BR      ;30/10/2022 18:36:50;         472075;     156454011;          103;                 284210;                                     0,602044;       27969;              93648693;         22783;                74437046;                22005;                       71135594;            16087;                   35475575;                                     0,498704;                       5918;                             35660019;                                     0,501296;                220;                      1036276;                                     0,013922;              558;                    2265176;                                     0,030431
       407;       545;         1;BR      ;30/10/2022 18:36:51;         472075;     156454011;          264;                 284474;                                     0,602603;       84818;              93733511;         71633;                74508679;                68915;                       71204509;            45029;                   35520604;                                     0,498853;                      23886;                             35683905;                                     0,501147;                848;                      1037124;                                     0,013920;             1870;                    2267046;                                     0,030427
       407;       545;         1;BR      ;30/10/2022 18:36:52;         472075;     156454011;          189;                 284663;                                     0,603004;       57268;              93790779;         44924;                74553603;                43692;                       71248201;            28644;                   35549248;                                     0,498949;                      15048;                             35698953;                                     0,501051;                470;                      1037594;                                     0,013917;              762;                    2267808;                                     0,030418
       407;       545;         1;BR      ;30/10/2022 18:36:53;         472075;     156454011;          154;                 284817;                                     0,603330;       54299;              93845078;         43422;                74597025;                42021;                       71290222;            17546;                   35566794;                                     0,498901;                      24475;                             35723428;                                     0,501099;                550;                      1038144;                                     0,013917;              851;                    2268659;                                     0,030412
       407;       545;         1;BR      ;30/10/2022 18:36:54;         472075;     156454011;          158;                 284975;                                     0,603665;       52850;              93897928;         43109;                74640134;                41720;                       71331942;            18626;                   35585420;                                     0,498871;                      23094;                             35746522;                                     0,501129;                529;                      1038673;                                     0,013916;              860;                    2269519;                                     0,030406
       407;       545;         1;BR      ;30/10/2022 18:36:55;         472075;     156454011;          115;                 285090;                                     0,603908;       32631;              93930559;         26732;                74666866;                25824;                       71357766;            18057;                   35603477;                                     0,498943;                       7767;                             35754289;                                     0,501057;                269;                      1038942;                                     0,013914;              639;                    2270158;                                     0,030404
       407;       545;         1;BR      ;30/10/2022 18:36:56;         472075;     156454011;           75;                 285165;                                     0,604067;       24999;              93955558;         19207;                74686073;                18317;                       71376083;             8568;                   35612045;                                     0,498935;                       9749;                             35764038;                                     0,501065;                287;                      1039229;                                     0,013915;              603;                    2270761;                                     0,030404
       407;       545;         1;BR      ;30/10/2022 18:36:57;         472075;     156454011;          522;                 285687;                                     0,605173;      189138;              94144696;        149892;                74835965;               139968;                       71516051;            73906;                   35685951;                                     0,498992;                      66062;                             35830100;                                     0,501008;               2928;                      1042157;                                     0,013926;             6996;                    2277757;                                     0,030437
       407;       545;         1;BR      ;30/10/2022 18:36:58;         472075;     156454011;           92;                 285779;                                     0,605368;       32154;              94176850;         25695;                74861660;                24321;                       71540372;            11351;                   35697302;                                     0,498981;                      12970;                             35843070;                                     0,501019;                459;                      1042616;                                     0,013927;              915;                    2278672;                                     0,030438
       407;       545;         1;BR      ;30/10/2022 18:36:59;         472075;     156454011;          105;                 285884;                                     0,605590;       37370;              94214220;         30022;                74891682;                28220;                       71568592;            12106;                   35709408;                                     0,498954;                      16114;                             35859184;                                     0,501046;                532;                      1043148;                                     0,013929;             1270;                    2279942;                                     0,030443
       407;       545;         1;BR      ;30/10/2022 18:37:00;         472075;     156454011;          122;                 286006;                                     0,605849;       41429;              94255649;         32729;                74924411;                30933;                       71599525;            11887;                   35721295;                                     0,498904;                      19046;                             35878230;                                     0,501096;                584;                      1043732;                                     0,013930;             1212;                    2281154;                                     0,030446
       407;       545;         1;BR      ;30/10/2022 18:37:01;         472075;     156454011;           56;                 286062;                                     0,605967;       18357;              94274006;         14107;                74938518;                13229;                       71612754;             5828;                   35727123;                                     0,498893;                       7401;                             35885631;                                     0,501107;                280;                      1044012;                                     0,013932;              598;                    2281752;                                     0,030448
       407;       545;         1;BR      ;30/10/2022 18:37:02;         472075;     156454011;          118;                 286180;                                     0,606217;       40488;              94314494;         31421;                74969939;                29653;                       71642407;            12946;                   35740069;                                     0,498868;                      16707;                             35902338;                                     0,501132;                534;                      1044546;                                     0,013933;             1234;                    2282986;                                     0,030452
       407;       545;         1;BR      ;30/10/2022 18:37:03;         472075;     156454011;          287;                 286467;                                     0,606825;       97158;              94411652;         76546;                75046485;                72317;                       71714724;            25946;                   35766015;                                     0,498726;                      46371;                             35948709;                                     0,501274;               1370;                      1045916;                                     0,013937;             2859;                    2285845;                                     0,030459
       407;       545;         1;BR      ;30/10/2022 18:37:04;         472075;     156454011;           50;                 286517;                                     0,606931;       16909;              94428561;         12937;                75059422;                12217;                       71726941;             5088;                   35771103;                                     0,498712;                       7129;                             35955838;                                     0,501288;                240;                      1046156;                                     0,013938;              480;                    2286325;                                     0,030460
       407;       545;         1;BR      ;30/10/2022 18:37:05;         472075;     156454011;            1;                 286518;                                     0,606933;         288;              94428849;           238;                75059660;                  224;                       71727165;               68;                   35771171;                                     0,498712;                        156;                             35955994;                                     0,501288;                  3;                      1046159;                                     0,013938;               11;                    2286336;                                     0,030460
       407;       545;         1;BR      ;30/10/2022 18:37:07;         472075;     156454011;           99;                 286617;                                     0,607143;       30275;              94459124;         23480;                75083140;                22955;                       71750120;            10326;                   35781497;                                     0,498696;                      12629;                             35968623;                                     0,501304;                180;                      1046339;                                     0,013936;              345;                    2286681;                                     0,030455
       407;       545;         1;BR      ;30/10/2022 18:37:08;         472075;     156454011;          191;                 286808;                                     0,607548;       64994;              94524118;         49111;                75132251;                47742;                       71797862;            28482;                   35809979;                                     0,498761;                      19260;                             35987883;                                     0,501239;                402;                      1046741;                                     0,013932;              967;                    2287648;                                     0,030448
       407;       545;         1;BR      ;30/10/2022 18:37:09;         472075;     156454011;          200;                 287008;                                     0,607971;       63529;              94587647;         51496;                75183747;                48461;                       71846323;            34044;                   35844023;                                     0,498899;                      14417;                             36002300;                                     0,501101;                756;                      1047497;                                     0,013932;             2279;                    2289927;                                     0,030458
       407;       545;         1;BR      ;30/10/2022 18:37:10;         472075;     156454011;          153;                 287161;                                     0,608295;       47750;              94635397;         36967;                75220714;                34982;                       71881305;            24847;                   35868870;                                     0,499001;                      10135;                             36012435;                                     0,500999;                502;                      1047999;                                     0,013932;             1483;                    2291410;                                     0,030462
       407;       545;         1;BR      ;30/10/2022 18:37:11;         472075;     156454011;           28;                 287189;                                     0,608355;        8793;              94644190;          6473;                75227187;                 6131;                       71887436;             5011;                   35873881;                                     0,499029;                       1120;                             36013555;                                     0,500971;                 84;                      1048083;                                     0,013932;              258;                    2291668;                                     0,030463
       407;       545;         1;BR      ;30/10/2022 18:37:13;         472075;     156454011;           60;                 287249;                                     0,608482;       18951;              94663141;         15625;                75242812;                14598;                       71902034;             9338;                   35883219;                                     0,499057;                       5260;                             36018815;                                     0,500943;                245;                      1048328;                                     0,013933;              782;                    2292450;                                     0,030467
       407;       545;         1;BR      ;30/10/2022 18:37:14;         472075;     156454011;          153;                 287402;                                     0,608806;       50609;              94713750;         40027;                75282839;                38236;                       71940270;            21204;                   35904423;                                     0,499087;                      17032;                             36035847;                                     0,500913;                633;                      1048961;                                     0,013934;             1158;                    2293608;                                     0,030467
       407;       545;         1;BR      ;30/10/2022 18:37:15;         472075;     156454011;           60;                 287462;                                     0,608933;       19214;              94732964;         15688;                75298527;                15041;                       71955311;             5258;                   35909681;                                     0,499055;                       9783;                             36045630;                                     0,500945;                254;                      1049215;                                     0,013934;              393;                    2294001;                                     0,030465
       407;       545;         1;BR      ;30/10/2022 18:37:16;         472075;     156454011;            1;                 287463;                                     0,608935;          55;              94733019;            50;                75298577;                   46;                       71955357;               16;                   35909697;                                     0,499055;                         30;                             36045660;                                     0,500945;                  1;                      1049216;                                     0,013934;                3;                    2294004;                                     0,030465
       407;       545;         1;BR      ;30/10/2022 18:37:17;         472075;     156454011;           51;                 287514;                                     0,609043;       17191;              94750210;         13426;                75312003;                12762;                       71968119;             6673;                   35916370;                                     0,499059;                       6089;                             36051749;                                     0,500941;                173;                      1049389;                                     0,013934;              491;                    2294495;                                     0,030467
       407;       545;         1;BR      ;30/10/2022 18:37:18;         472075;     156454011;          144;                 287658;                                     0,609348;       48652;              94798862;         40570;                75352573;                38138;                       72006257;            24316;                   35940686;                                     0,499133;                      13822;                             36065571;                                     0,500867;                506;                      1049895;                                     0,013933;             1926;                    2296421;                                     0,030476
       407;       545;         1;BR      ;30/10/2022 18:37:19;         472075;     156454011;          119;                 287777;                                     0,609600;       39891;              94838753;         32498;                75385071;                30650;                       72036907;            16350;                   35957036;                                     0,499147;                      14300;                             36079871;                                     0,500853;                400;                      1050295;                                     0,013932;             1448;                    2297869;                                     0,030482
       407;       545;         1;BR      ;30/10/2022 18:37:20;         472075;     156454011;           13;                 287790;                                     0,609628;        3279;              94842032;          2499;                75387570;                 2429;                       72039336;              717;                   35957753;                                     0,499141;                       1712;                             36081583;                                     0,500859;                 22;                      1050317;                                     0,013932;               48;                    2297917;                                     0,030481
       407;       545;         1;BR      ;30/10/2022 18:37:21;         472075;     156454011;           62;                 287852;                                     0,609759;       19769;              94861801;         15791;                75403361;                14974;                       72054310;             8185;                   35965938;                                     0,499150;                       6789;                             36088372;                                     0,500850;                179;                      1050496;                                     0,013932;              638;                    2298555;                                     0,030483
       407;       545;         1;BR      ;30/10/2022 18:37:22;         472075;     156454011;           69;                 287921;                                     0,609905;       21333;              94883134;         17093;                75420454;                16282;                       72070592;            11579;                   35977517;                                     0,499198;                       4703;                             36093075;                                     0,500802;                214;                      1050710;                                     0,013931;              597;                    2299152;                                     0,030484
       407;       545;         1;BR      ;30/10/2022 18:37:23;         472075;     156454011;           29;                 287950;                                     0,609967;       10949;              94894083;          9048;                75429502;                 8677;                       72079269;             4181;                   35981698;                                     0,499196;                       4496;                             36097571;                                     0,500804;                124;                      1050834;                                     0,013931;              247;                    2299399;                                     0,030484
       407;       545;         1;BR      ;30/10/2022 18:37:25;         472075;     156454011;           15;                 287965;                                     0,609998;        5515;              94899598;          4621;                75434123;                 4457;                       72083726;             1683;                   35983381;                                     0,499189;                       2774;                             36100345;                                     0,500811;                 67;                      1050901;                                     0,013931;               97;                    2299496;                                     0,030483
       407;       545;         1;BR      ;30/10/2022 18:37:26;         472075;     156454011;           95;                 288060;                                     0,610200;       29982;              94929580;         24665;                75458788;                23813;                       72107539;             8223;                   35991604;                                     0,499138;                      15590;                             36115935;                                     0,500862;                320;                      1051221;                                     0,013931;              532;                    2300028;                                     0,030481
       407;       545;         1;BR      ;30/10/2022 18:37:27;         472075;     156454011;          109;                 288169;                                     0,610431;       37596;              94967176;         30708;                75489496;                29654;                       72137193;             8786;                   36000390;                                     0,499054;                      20868;                             36136803;                                     0,500946;                421;                      1051642;                                     0,013931;              633;                    2300661;                                     0,030477
       407;       545;         1;BR      ;30/10/2022 18:37:28;         472075;     156454011;           31;                 288200;                                     0,610496;        9814;              94976990;          7649;                75497145;                 7424;                       72144617;             4080;                   36004470;                                     0,499060;                       3344;                             36140147;                                     0,500940;                 75;                      1051717;                                     0,013931;              150;                    2300811;                                     0,030475
       407;       545;         1;BR      ;30/10/2022 18:37:29;         472075;     156454011;            8;                 288208;                                     0,610513;        2039;              94979029;          1734;                75498879;                 1700;                       72146317;              471;                   36004941;                                     0,499054;                       1229;                             36141376;                                     0,500946;                 17;                      1051734;                                     0,013930;               17;                    2300828;                                     0,030475
       407;       545;         1;BR      ;30/10/2022 18:37:30;         472075;     156454011;           26;                 288234;                                     0,610568;        7747;              94986776;          5976;                75504855;                 5741;                       72152058;             1933;                   36006874;                                     0,499042;                       3808;                             36145184;                                     0,500958;                 67;                      1051801;                                     0,013930;              168;                    2300996;                                     0,030475
       407;       545;         1;BR      ;30/10/2022 18:37:31;         472075;     156454011;           22;                 288256;                                     0,610615;        6851;              94993627;          5624;                75510479;                 5447;                       72157505;             1710;                   36008584;                                     0,499028;                       3737;                             36148921;                                     0,500972;                 58;                      1051859;                                     0,013930;              119;                    2301115;                                     0,030474
       407;       545;         1;BR      ;30/10/2022 18:37:51;         472075;     156454011;           79;                 288335;                                     0,610782;       22434;              95016061;         18222;                75528701;                17636;                       72175141;            10852;                   36019436;                                     0,499056;                       6784;                             36155705;                                     0,500944;                215;                      1052074;                                     0,013929;              371;                    2301486;                                     0,030472
       407;       545;         1;BR      ;30/10/2022 18:37:52;         472075;     156454011;          360;                 288695;                                     0,611545;      120910;              95136971;         98504;                75627205;                94605;                       72269746;            52258;                   36071694;                                     0,499126;                      42347;                             36198052;                                     0,500874;               1308;                      1053382;                                     0,013929;             2591;                    2304077;                                     0,030466
       407;       545;         1;BR      ;30/10/2022 18:37:53;         472075;     156454011;          281;                 288976;                                     0,612140;       96805;              95233776;         74364;                75701569;                71579;                       72341325;            32877;                   36104571;                                     0,499086;                      38702;                             36236754;                                     0,500914;                965;                      1054347;                                     0,013928;             1820;                    2305897;                                     0,030460
       407;       545;         1;BR      ;30/10/2022 18:37:54;         472075;     156454011;          527;                 289503;                                     0,613256;      203063;              95436839;        157331;                75858900;               150778;                       72492103;            67062;                   36171633;                                     0,498973;                      83716;                             36320470;                                     0,501027;               1990;                      1056337;                                     0,013925;             4563;                    2310460;                                     0,030457
       407;       545;         1;BR      ;30/10/2022 18:37:55;         472075;     156454011;          190;                 289693;                                     0,613659;       64000;              95500839;         52711;                75911611;                50317;                       72542420;            23455;                   36195088;                                     0,498951;                      26862;                             36347332;                                     0,501049;                803;                      1057140;                                     0,013926;             1591;                    2312051;                                     0,030457
       407;       545;         1;BR      ;30/10/2022 18:37:56;         472075;     156454011;           34;                 289727;                                     0,613731;       10565;              95511404;          8168;                75919779;                 7873;                       72550293;             3469;                   36198557;                                     0,498944;                       4404;                             36351736;                                     0,501056;                116;                      1057256;                                     0,013926;              179;                    2312230;                                     0,030456
       407;       545;         1;BR      ;30/10/2022 18:37:57;         472075;     156454011;            5;                 289732;                                     0,613741;        1644;              95513048;          1233;                75921012;                 1185;                       72551478;              638;                   36199195;                                     0,498945;                        547;                             36352283;                                     0,501055;                 16;                      1057272;                                     0,013926;               32;                    2312262;                                     0,030456
       407;       545;         1;BR      ;30/10/2022 18:37:58;         472075;     156454011;           93;                 289825;                                     0,613938;       27349;              95540397;         22489;                75943501;                21575;                       72573053;            13512;                   36212707;                                     0,498983;                       8063;                             36360346;                                     0,501017;                309;                      1057581;                                     0,013926;              605;                    2312867;                                     0,030455
       407;       545;         1;BR      ;30/10/2022 18:37:59;         472075;     156454011;          205;                 290030;                                     0,614373;       60154;              95600551;         47028;                75990529;                45653;                       72618706;            29962;                   36242669;                                     0,499082;                      15691;                             36376037;                                     0,500918;                465;                      1058046;                                     0,013923;              910;                    2313777;                                     0,030448
       407;       545;         1;BR      ;30/10/2022 18:38:00;         472075;     156454011;          122;                 290152;                                     0,614631;       41752;              95642303;         32509;                76023038;                31494;                       72650200;            14731;                   36257400;                                     0,499068;                      16763;                             36392800;                                     0,500932;                360;                      1058406;                                     0,013922;              655;                    2314432;                                     0,030444
       407;       545;         1;BR      ;30/10/2022 18:38:01;         472075;     156454011;           55;                 290207;                                     0,614748;       18208;              95660511;         13818;                76036856;                13447;                       72663647;             7304;                   36264704;                                     0,499076;                       6143;                             36398943;                                     0,500924;                131;                      1058537;                                     0,013921;              240;                    2314672;                                     0,030441
       407;       545;         1;BR      ;30/10/2022 18:38:02;         472075;     156454011;          113;                 290320;                                     0,614987;       35224;              95695735;         27679;                76064535;                26787;                       72690434;            13819;                   36278523;                                     0,499082;                      12968;                             36411911;                                     0,500918;                323;                      1058860;                                     0,013921;              569;                    2315241;                                     0,030438
       407;       545;         1;BR      ;30/10/2022 18:38:03;         472075;     156454011;          139;                 290459;                                     0,615281;       42650;              95738385;         34324;                76098859;                33199;                       72723633;            19414;                   36297937;                                     0,499122;                      13785;                             36425696;                                     0,500878;                365;                      1059225;                                     0,013919;              760;                    2316001;                                     0,030434
       407;       545;         1;BR      ;30/10/2022 18:38:04;         472075;     156454011;          179;                 290638;                                     0,615661;       52277;              95790662;         41158;                76140017;                39551;                       72763184;            25878;                   36323815;                                     0,499206;                      13673;                             36439369;                                     0,500794;                435;                      1059660;                                     0,013917;             1172;                    2317173;                                     0,030433
       407;       545;         1;BR      ;30/10/2022 18:38:05;         472075;     156454011;          563;                 291201;                                     0,616853;      199836;              95990498;        158487;                76298504;               148445;                       72911629;            77158;                   36400973;                                     0,499248;                      71287;                             36510656;                                     0,500752;               3152;                      1062812;                                     0,013930;             6890;                    2324063;                                     0,030460
       407;       545;         1;BR      ;30/10/2022 18:38:06;         472075;     156454011;          167;                 291368;                                     0,617207;       58229;              96048727;         45994;                76344498;                43145;                       72954774;            18578;                   36419551;                                     0,499207;                      24567;                             36535223;                                     0,500793;                876;                      1063688;                                     0,013933;             1973;                    2326036;                                     0,030468
       407;       545;         1;BR      ;30/10/2022 18:38:07;         472075;     156454011;          143;                 291511;                                     0,617510;       49076;              96097803;         39210;                76383708;                36917;                       72991691;            15291;                   36434842;                                     0,499164;                      21626;                             36556849;                                     0,500836;                752;                      1064440;                                     0,013935;             1541;                    2327577;                                     0,030472
       407;       545;         1;BR      ;30/10/2022 18:38:08;         472075;     156454011;          146;                 291657;                                     0,617819;       49435;              96147238;         39219;                76422927;                36953;                       73028644;            15744;                   36450586;                                     0,499127;                      21209;                             36578058;                                     0,500873;                722;                      1065162;                                     0,013938;             1544;                    2329121;                                     0,030477
       407;       545;         1;BR      ;30/10/2022 18:38:09;         472075;     156454011;          121;                 291778;                                     0,618076;       41870;              96189108;         32681;                76455608;                30719;                       73059363;            13225;                   36463811;                                     0,499098;                      17494;                             36595552;                                     0,500902;                664;                      1065826;                                     0,013940;             1298;                    2330419;                                     0,030481
       407;       545;         1;BR      ;30/10/2022 18:38:10;         472075;     156454011;          227;                 292005;                                     0,618556;       77377;              96266485;         59772;                76515380;                56538;                       73115901;            21575;                   36485386;                                     0,499008;                      34963;                             36630515;                                     0,500992;               1088;                      1066914;                                     0,013944;             2146;                    2332565;                                     0,030485
       407;       545;         1;BR      ;30/10/2022 18:38:11;         472075;     156454011;          237;                 292242;                                     0,619058;       83340;              96349825;         64188;                76579568;                60765;                       73176666;            22491;                   36507877;                                     0,498901;                      38274;                             36668789;                                     0,501099;               1096;                      1068010;                                     0,013946;             2327;                    2334892;                                     0,030490
       407;       545;         1;BR      ;30/10/2022 18:38:12;         472075;     156454011;           50;                 292292;                                     0,619164;       16832;              96366657;         13313;                76592881;                12474;                       73189140;             6303;                   36514180;                                     0,498902;                       6171;                             36674960;                                     0,501098;                293;                      1068303;                                     0,013948;              546;                    2335438;                                     0,030492
       407;       545;         1;BR      ;30/10/2022 18:38:13;         472075;     156454011;            6;                 292298;                                     0,619177;        2244;              96368901;          1805;                76594686;                 1753;                       73190893;              591;                   36514771;                                     0,498898;                       1162;                             36676122;                                     0,501102;                 16;                      1068319;                                     0,013948;               36;                    2335474;                                     0,030491
       407;       545;         1;BR      ;30/10/2022 18:38:14;         472075;     156454011;            6;                 292304;                                     0,619190;        1955;              96370856;          1458;                76596144;                 1431;                       73192324;              431;                   36515202;                                     0,498894;                       1000;                             36677122;                                     0,501106;                 12;                      1068331;                                     0,013948;               15;                    2335489;                                     0,030491
       407;       545;         1;BR      ;30/10/2022 18:38:15;         472075;     156454011;           35;                 292339;                                     0,619264;       10542;              96381398;          8121;                76604265;                 7899;                       73200223;             3461;                   36518663;                                     0,498887;                       4438;                             36681560;                                     0,501113;                 74;                      1068405;                                     0,013947;              148;                    2335637;                                     0,030490
       407;       545;         1;BR      ;30/10/2022 18:38:16;         472075;     156454011;           17;                 292356;                                     0,619300;        6388;              96387786;          4622;                76608887;                 4512;                       73204735;             2325;                   36520988;                                     0,498888;                       2187;                             36683747;                                     0,501112;                 44;                      1068449;                                     0,013947;               66;                    2335703;                                     0,030489
       407;       545;         1;BR      ;30/10/2022 18:38:17;         472075;     156454011;           72;                 292428;                                     0,619452;       22143;              96409929;         16571;                76625458;                16231;                       73220966;             8676;                   36529664;                                     0,498896;                       7555;                             36691302;                                     0,501104;                132;                      1068581;                                     0,013946;              208;                    2335911;                                     0,030485
       407;       545;         1;BR      ;30/10/2022 18:38:18;         472075;     156454011;          128;                 292556;                                     0,619724;       43108;              96453037;         33431;                76658889;                32097;                       73253063;            20713;                   36550377;                                     0,498960;                      11384;                             36702686;                                     0,501040;                359;                      1068940;                                     0,013944;              975;                    2336886;                                     0,030484
       407;       545;         1;BR      ;30/10/2022 18:38:19;         472075;     156454011;          273;                 292829;                                     0,620302;       92935;              96545972;         74311;                76733200;                69943;                       73323006;            48560;                   36598937;                                     0,499147;                      21383;                             36724069;                                     0,500853;               1047;                      1069987;                                     0,013944;             3321;                    2340207;                                     0,030498
       407;       545;         1;BR      ;30/10/2022 18:38:20;         472075;     156454011;           56;                 292885;                                     0,620420;       17989;              96563961;         13631;                76746831;                12919;                       73335925;             9698;                   36608635;                                     0,499191;                       3221;                             36727290;                                     0,500809;                167;                      1070154;                                     0,013944;              545;                    2340752;                                     0,030500
       407;       545;         1;BR      ;30/10/2022 18:38:21;         472075;     156454011;           14;                 292899;                                     0,620450;        4326;              96568287;          3328;                76750159;                 3154;                       73339079;             2538;                   36611173;                                     0,499204;                        616;                             36727906;                                     0,500796;                 35;                      1070189;                                     0,013944;              139;                    2340891;                                     0,030500
       407;       545;         1;BR      ;30/10/2022 18:38:22;         472075;     156454011;          122;                 293021;                                     0,620709;       41981;              96610268;         32226;                76782385;                29936;                       73369015;            17506;                   36628679;                                     0,499239;                      12430;                             36740336;                                     0,500761;                444;                      1070633;                                     0,013944;             1846;                    2342737;                                     0,030511
       407;       545;         1;BR      ;30/10/2022 18:38:23;         472075;     156454011;          115;                 293136;                                     0,620952;       36541;              96646809;         28826;                76811211;                27114;                       73396129;            18297;                   36646976;                                     0,499304;                       8817;                             36749153;                                     0,500696;                386;                      1071019;                                     0,013944;             1326;                    2344063;                                     0,030517
       407;       545;         1;BR      ;30/10/2022 18:38:24;         472075;     156454011;          124;                 293260;                                     0,621215;       41784;              96688593;         32604;                76843815;                31200;                       73427329;            15127;                   36662103;                                     0,499298;                      16073;                             36765226;                                     0,500702;                562;                      1071581;                                     0,013945;              842;                    2344905;                                     0,030515
       407;       545;         1;BR      ;30/10/2022 18:38:25;         472075;     156454011;           79;                 293339;                                     0,621382;       23817;              96712410;         19783;                76863598;                18822;                       73446151;             7914;                   36670017;                                     0,499278;                      10908;                             36776134;                                     0,500722;                407;                      1071988;                                     0,013947;              554;                    2345459;                                     0,030515
       407;       545;         1;BR      ;30/10/2022 18:38:26;         472075;     156454011;           48;                 293387;                                     0,621484;       15384;              96727794;         12934;                76876532;                12396;                       73458547;             4317;                   36674334;                                     0,499252;                       8079;                             36784213;                                     0,500748;                198;                      1072186;                                     0,013947;              340;                    2345799;                                     0,030514
       407;       545;         1;BR      ;30/10/2022 18:38:27;         472075;     156454011;            5;                 293392;                                     0,621494;        1508;              96729302;          1202;                76877734;                 1151;                       73459698;              563;                   36674897;                                     0,499252;                        588;                             36784801;                                     0,500748;                 17;                      1072203;                                     0,013947;               34;                    2345833;                                     0,030514
       407;       545;         1;BR      ;30/10/2022 18:38:28;         472075;     156454011;           26;                 293418;                                     0,621550;        8506;              96737808;          6638;                76884372;                 6349;                       73466047;             3355;                   36678252;                                     0,499254;                       2994;                             36787795;                                     0,500746;                 47;                      1072250;                                     0,013946;              242;                    2346075;                                     0,030514
       407;       545;         1;BR      ;30/10/2022 18:38:29;         472075;     156454011;           52;                 293470;                                     0,621660;       18543;              96756351;         15637;                76900009;                14649;                       73480696;             9482;                   36687734;                                     0,499284;                       5167;                             36792962;                                     0,500716;                217;                      1072467;                                     0,013946;              771;                    2346846;                                     0,030518
       407;       545;         1;BR      ;30/10/2022 18:38:30;         472075;     156454011;          112;                 293582;                                     0,621897;       36319;              96792670;         29585;                76929594;                27629;                       73508325;            20178;                   36707912;                                     0,499371;                       7451;                             36800413;                                     0,500629;                408;                      1072875;                                     0,013946;             1548;                    2348394;                                     0,030527
       407;       545;         1;BR      ;30/10/2022 18:38:31;         472075;     156454011;           73;                 293655;                                     0,622052;       25137;              96817807;         21106;                76950700;                19932;                       73528257;            11257;                   36719169;                                     0,499389;                       8675;                             36809088;                                     0,500611;                244;                      1073119;                                     0,013946;              930;                    2349324;                                     0,030530
       407;       545;         1;BR      ;30/10/2022 18:38:32;         472075;     156454011;           21;                 293676;                                     0,622096;        6461;              96824268;          4998;                76955698;                 4847;                       73533104;             1238;                   36720407;                                     0,499372;                       3609;                             36812697;                                     0,500628;                 52;                      1073171;                                     0,013945;               99;                    2349423;                                     0,030530
       407;       545;         1;BR      ;30/10/2022 18:38:33;         472075;     156454011;           25;                 293701;                                     0,622149;        7569;              96831837;          6270;                76961968;                 5925;                       73539029;             3828;                   36724235;                                     0,499384;                       2097;                             36814794;                                     0,500616;                102;                      1073273;                                     0,013945;              243;                    2349666;                                     0,030530
       407;       545;         1;BR      ;30/10/2022 18:38:34;         472075;     156454011;          168;                 293869;                                     0,622505;       57639;              96889476;         46877;                77008845;                45049;                       73584078;            19515;                   36743750;                                     0,499344;                      25534;                             36840328;                                     0,500656;                624;                      1073897;                                     0,013945;             1204;                    2350870;                                     0,030527
       407;       545;         1;BR      ;30/10/2022 18:38:35;         472075;     156454011;          121;                 293990;                                     0,622761;       40431;              96929907;         33619;                77042464;                32517;                       73616595;            10302;                   36754052;                                     0,499263;                      22215;                             36862543;                                     0,500737;                431;                      1074328;                                     0,013945;              671;                    2351541;                                     0,030523
       407;       545;         1;BR      ;30/10/2022 18:38:36;         472075;     156454011;           28;                 294018;                                     0,622821;        8990;              96938897;          7589;                77050053;                 7382;                       73623977;             2095;                   36756147;                                     0,499242;                       5287;                             36867830;                                     0,500758;                 86;                      1074414;                                     0,013944;              121;                    2351662;                                     0,030521
       407;       545;         1;BR      ;30/10/2022 18:38:37;         472075;     156454011;           12;                 294030;                                     0,622846;        3245;              96942142;          2666;                77052719;                 2560;                       73626537;             1337;                   36757484;                                     0,499242;                       1223;                             36869053;                                     0,500758;                 34;                      1074448;                                     0,013944;               72;                    2351734;                                     0,030521
       407;       545;         1;BR      ;30/10/2022 18:38:38;         472075;     156454011;           24;                 294054;                                     0,622897;        6923;              96949065;          5147;                77057866;                 4927;                       73631464;             2547;                   36760031;                                     0,499244;                       2380;                             36871433;                                     0,500756;                 57;                      1074505;                                     0,013944;              163;                    2351897;                                     0,030521
       407;       545;         1;BR      ;30/10/2022 18:38:56;         472075;     156454011;           56;                 294110;                                     0,623015;       17107;              96966172;         12903;                77070769;                12378;                       73643842;             5278;                   36765309;                                     0,499231;                       7100;                             36878533;                                     0,500769;                158;                      1074663;                                     0,013944;              367;                    2352264;                                     0,030521
       407;       545;         1;BR      ;30/10/2022 18:38:57;         472075;     156454011;           80;                 294190;                                     0,623185;       25747;              96991919;         20067;                77090836;                18964;                       73662806;            11932;                   36777241;                                     0,499265;                       7032;                             36885565;                                     0,500735;                227;                      1074890;                                     0,013943;              876;                    2353140;                                     0,030524
       407;       545;         1;BR      ;30/10/2022 18:38:58;         472075;     156454011;          187;                 294377;                                     0,623581;       59358;              97051277;         49446;                77140282;                47690;                       73710496;            30782;                   36808023;                                     0,499359;                      16908;                             36902473;                                     0,500641;                601;                      1075491;                                     0,013942;             1155;                    2354295;                                     0,030520
       407;       545;         1;BR      ;30/10/2022 18:38:59;         472075;     156454011;           39;                 294416;                                     0,623664;       11012;              97062289;          8745;                77149027;                 8419;                       73718915;             5581;                   36813604;                                     0,499378;                       2838;                             36905311;                                     0,500622;                 94;                      1075585;                                     0,013942;              232;                    2354527;                                     0,030519
       407;       545;         1;BR      ;30/10/2022 18:39:00;         472075;     156454011;          701;                 295117;                                     0,625149;      263273;              97325562;        201907;                77350934;               193256;                       73912171;            84519;                   36898123;                                     0,499216;                     108737;                             37014048;                                     0,500784;               2662;                      1078247;                                     0,013940;             5989;                    2360516;                                     0,030517
       407;       545;         1;BR      ;30/10/2022 18:39:01;         472075;     156454011;          289;                 295406;                                     0,625761;      101709;              97427271;         80567;                77431501;                77357;                       73989528;            35420;                   36933543;                                     0,499173;                      41937;                             37055985;                                     0,500827;               1139;                      1079386;                                     0,013940;             2071;                    2362587;                                     0,030512
       407;       545;         1;BR      ;30/10/2022 18:39:02;         472075;     156454011;          174;                 295580;                                     0,626129;       53235;              97480506;         42336;                77473837;                40543;                       74030071;            20351;                   36953894;                                     0,499174;                      20192;                             37076177;                                     0,500826;                608;                      1079994;                                     0,013940;             1185;                    2363772;                                     0,030511
       407;       545;         1;BR      ;30/10/2022 18:39:03;         472075;     156454011;          214;                 295794;                                     0,626583;       66522;              97547028;         52620;                77526457;                50586;                       74080657;            27256;                   36981150;                                     0,499201;                      23330;                             37099507;                                     0,500799;                701;                      1080695;                                     0,013940;             1333;                    2365105;                                     0,030507
       407;       545;         1;BR      ;30/10/2022 18:39:04;         472075;     156454011;          246;                 296040;                                     0,627104;       80203;              97627231;         63294;                77589751;                61315;                       74141972;            32739;                   37013889;                                     0,499230;                      28576;                             37128083;                                     0,500770;                680;                      1081375;                                     0,013937;             1299;                    2366404;                                     0,030499
       407;       545;         1;BR      ;30/10/2022 18:39:05;         472075;     156454011;          142;                 296182;                                     0,627405;       45832;              97673063;         36658;                77626409;                35434;                       74177406;            16860;                   37030749;                                     0,499219;                      18574;                             37146657;                                     0,500781;                490;                      1081865;                                     0,013937;              734;                    2367138;                                     0,030494
       407;       545;         1;BR      ;30/10/2022 18:39:06;         472075;     156454011;           55;                 296237;                                     0,627521;       14656;              97687719;         11658;                77638067;                11262;                       74188668;             8098;                   37038847;                                     0,499252;                       3164;                             37149821;                                     0,500748;                121;                      1081986;                                     0,013936;              275;                    2367413;                                     0,030493
       407;       545;         1;BR      ;30/10/2022 18:39:07;         472075;     156454011;           56;                 296293;                                     0,627640;       18057;              97705776;         14097;                77652164;                13295;                       74201963;             6225;                   37045072;                                     0,499247;                       7070;                             37156891;                                     0,500753;                277;                      1082263;                                     0,013937;              525;                    2367938;                                     0,030494
       407;       545;         1;BR      ;30/10/2022 18:39:08;         472075;     156454011;           60;                 296353;                                     0,627767;       17768;              97723544;         14276;                77666440;                13795;                       74215758;             6525;                   37051597;                                     0,499242;                       7270;                             37164161;                                     0,500758;                167;                      1082430;                                     0,013937;              314;                    2368252;                                     0,030493
       407;       545;         1;BR      ;30/10/2022 18:39:09;         472075;     156454011;          629;                 296982;                                     0,629099;      224741;              97948285;        177018;                77843458;               165611;                       74381369;            84374;                   37135971;                                     0,499264;                      81237;                             37245398;                                     0,500736;               3507;                      1085937;                                     0,013950;             7900;                    2376152;                                     0,030525
       407;       545;         1;BR      ;30/10/2022 18:39:10;         472075;     156454011;          181;                 297163;                                     0,629483;       62617;              98010902;         48857;                77892315;                45889;                       74427258;            20545;                   37156516;                                     0,499233;                      25344;                             37270742;                                     0,500767;               1025;                      1086962;                                     0,013955;             1943;                    2378095;                                     0,030531
       407;       545;         1;BR      ;30/10/2022 18:39:11;         472075;     156454011;          205;                 297368;                                     0,629917;       71001;              98081903;         56234;                77948549;                53112;                       74480370;            21450;                   37177966;                                     0,499165;                      31662;                             37302404;                                     0,500835;               1047;                      1088009;                                     0,013958;             2075;                    2380170;                                     0,030535
       407;       545;         1;BR      ;30/10/2022 18:39:12;         472075;     156454011;          215;                 297583;                                     0,630372;       70712;              98152615;         54715;                78003264;                51719;                       74532089;            23180;                   37201146;                                     0,499129;                      28539;                             37330943;                                     0,500871;                967;                      1088976;                                     0,013961;             2029;                    2382199;                                     0,030540
       407;       545;         1;BR      ;30/10/2022 18:39:13;         472075;     156454011;          373;                 297956;                                     0,631162;      125131;              98277746;         96911;                78100175;                91561;                       74623650;            35019;                   37236165;                                     0,498986;                      56542;                             37387485;                                     0,501014;               1747;                      1090723;                                     0,013966;             3603;                    2385802;                                     0,030548
       407;       545;         1;BR      ;30/10/2022 18:39:14;         472075;     156454011;            4;                 297960;                                     0,631171;        1339;              98279085;          1043;                78101218;                  981;                       74624631;              440;                   37236605;                                     0,498985;                        541;                             37388026;                                     0,501015;                 23;                      1090746;                                     0,013966;               39;                    2385841;                                     0,030548
       407;       545;         1;BR      ;30/10/2022 18:39:16;         472075;     156454011;            1;                 297961;                                     0,631173;         370;              98279455;           260;                78101478;                  251;                       74624882;               96;                   37236701;                                     0,498985;                        155;                             37388181;                                     0,501015;                  4;                      1090750;                                     0,013966;                5;                    2385846;                                     0,030548
       407;       545;         1;BR      ;30/10/2022 18:39:19;         472075;     156454011;           26;                 297987;                                     0,631228;        9295;              98288750;          7400;                78108878;                 7247;                       74632129;             3249;                   37239950;                                     0,498980;                       3998;                             37392179;                                     0,501020;                 54;                      1090804;                                     0,013965;               99;                    2385945;                                     0,030546
       407;       545;         1;BR      ;30/10/2022 18:39:20;         472075;     156454011;          102;                 298089;                                     0,631444;       30331;              98319081;         23091;                78131969;                22578;                       74654707;            14438;                   37254388;                                     0,499023;                       8140;                             37400319;                                     0,500977;                164;                      1090968;                                     0,013963;              349;                    2386294;                                     0,030542
       407;       545;         1;BR      ;30/10/2022 18:39:21;         472075;     156454011;          241;                 298330;                                     0,631955;       81476;              98400557;         64841;                78196810;                61255;                       74715962;            42971;                   37297359;                                     0,499189;                      18284;                             37418603;                                     0,500811;                871;                      1091839;                                     0,013963;             2715;                    2389009;                                     0,030551
       407;       545;         1;BR      ;30/10/2022 18:39:22;         472075;     156454011;           64;                 298394;                                     0,632090;       18612;              98419169;         14932;                78211742;                14050;                       74730012;            10755;                   37308114;                                     0,499239;                       3295;                             37421898;                                     0,500761;                236;                      1092075;                                     0,013963;              646;                    2389655;                                     0,030554
       407;       545;         1;BR      ;30/10/2022 18:39:24;         472075;     156454011;          150;                 298544;                                     0,632408;       47703;              98466872;         38239;                78249981;                36301;                       74766313;            20321;                   37328435;                                     0,499268;                      15980;                             37437878;                                     0,500732;                595;                      1092670;                                     0,013964;             1343;                    2390998;                                     0,030556
       407;       545;         1;BR      ;30/10/2022 18:39:25;         472075;     156454011;          175;                 298719;                                     0,632779;       52492;              98519364;         42016;                78291997;                40169;                       74806482;            17633;                   37346068;                                     0,499236;                      22536;                             37460414;                                     0,500764;                764;                      1093434;                                     0,013966;             1083;                    2392081;                                     0,030553
       407;       545;         1;BR      ;30/10/2022 18:39:28;         472075;     156454011;           24;                 298743;                                     0,632830;        6169;              98525533;          5380;                78297377;                 5129;                       74811611;             1805;                   37347873;                                     0,499226;                       3324;                             37463738;                                     0,500774;                108;                      1093542;                                     0,013967;              143;                    2392224;                                     0,030553
       407;       545;         1;BR      ;30/10/2022 18:39:29;         472075;     156454011;            4;                 298747;                                     0,632838;         647;              98526180;           538;                78297915;                  514;                       74812125;              265;                   37348138;                                     0,499226;                        249;                             37463987;                                     0,500774;                  8;                      1093550;                                     0,013967;               16;                    2392240;                                     0,030553
       407;       545;         1;BR      ;30/10/2022 18:39:30;         472075;     156454011;           50;                 298797;                                     0,632944;       16654;              98542834;         13409;                78311324;                12535;                       74824660;             8563;                   37356701;                                     0,499257;                       3972;                             37467959;                                     0,500743;                154;                      1093704;                                     0,013966;              720;                    2392960;                                     0,030557
       407;       545;         1;BR      ;30/10/2022 18:39:31;         472075;     156454011;          138;                 298935;                                     0,633236;       45520;              98588354;         38056;                78349380;                35754;                       74860414;            23677;                   37380378;                                     0,499334;                      12077;                             37480036;                                     0,500666;                469;                      1094173;                                     0,013965;             1833;                    2394793;                                     0,030566
       407;       545;         1;BR      ;30/10/2022 18:39:33;         472075;     156454011;           14;                 298949;                                     0,633266;        4445;              98592799;          3598;                78352978;                 3381;                       74863795;             2289;                   37382667;                                     0,499342;                       1092;                             37481128;                                     0,500658;                 42;                      1094215;                                     0,013965;              175;                    2394968;                                     0,030566
       407;       545;         1;BR      ;30/10/2022 18:39:34;         472075;     156454011;           12;                 298961;                                     0,633291;        4117;              98596916;          3366;                78356344;                 3174;                       74866969;             2500;                   37385167;                                     0,499355;                        674;                             37481802;                                     0,500645;                 40;                      1094255;                                     0,013965;              152;                    2395120;                                     0,030567
       407;       545;         1;BR      ;30/10/2022 18:39:35;         472075;     156454011;           18;                 298979;                                     0,633329;        5332;              98602248;          3990;                78360334;                 3853;                       74870822;              958;                   37386125;                                     0,499342;                       2895;                             37484697;                                     0,500658;                 40;                      1094295;                                     0,013965;               97;                    2395217;                                     0,030567
       407;       545;         1;BR      ;30/10/2022 18:39:36;         472075;     156454011;          114;                 299093;                                     0,633571;       36824;              98639072;         30128;                78390462;                28873;                       74899695;            13934;                   37400059;                                     0,499335;                      14939;                             37499636;                                     0,500665;                386;                      1094681;                                     0,013964;              869;                    2396086;                                     0,030566
       407;       545;         1;BR      ;30/10/2022 18:39:37;         472075;     156454011;           77;                 299170;                                     0,633734;       26551;              98665623;         21696;                78412158;                20996;                       74920691;             6269;                   37406328;                                     0,499279;                      14727;                             37514363;                                     0,500721;                276;                      1094957;                                     0,013964;              424;                    2396510;                                     0,030563
       407;       545;         1;BR      ;30/10/2022 18:39:38;         472075;     156454011;           14;                 299184;                                     0,633764;        4313;              98669936;          3438;                78415596;                 3351;                       74924042;              943;                   37407271;                                     0,499269;                       2408;                             37516771;                                     0,500731;                 31;                      1094988;                                     0,013964;               56;                    2396566;                                     0,030562
       407;       545;         1;BR      ;30/10/2022 18:39:39;         472075;     156454011;           42;                 299226;                                     0,633853;       13157;              98683093;         10973;                78426569;                10663;                       74934705;             3265;                   37410536;                                     0,499242;                       7398;                             37524169;                                     0,500758;                118;                      1095106;                                     0,013963;              192;                    2396758;                                     0,030561
       407;       545;         1;BR      ;30/10/2022 18:39:40;         472075;     156454011;           32;                 299258;                                     0,633920;        9793;              98692886;          8097;                78434666;                 7849;                       74942554;             2872;                   37413408;                                     0,499228;                       4977;                             37529146;                                     0,500772;                123;                      1095229;                                     0,013964;              125;                    2396883;                                     0,030559
       407;       545;         1;BR      ;30/10/2022 18:39:41;         472075;     156454011;            8;                 299266;                                     0,633937;        2714;              98695600;          2062;                78436728;                 1954;                       74944508;             1031;                   37414439;                                     0,499229;                        923;                             37530069;                                     0,500771;                 31;                      1095260;                                     0,013964;               77;                    2396960;                                     0,030559
       407;       545;         1;BR      ;30/10/2022 18:39:42;         472075;     156454011;           11;                 299277;                                     0,633961;        2768;              98698368;          2072;                78438800;                 1978;                       74946486;             1051;                   37415490;                                     0,499229;                        927;                             37530996;                                     0,500771;                 19;                      1095279;                                     0,013963;               75;                    2397035;                                     0,030559
       407;       545;         1;BR      ;30/10/2022 18:40:03;         472075;     156454011;           88;                 299365;                                     0,634147;       29167;              98727535;         21794;                78460594;                20534;                       74967020;            10159;                   37425649;                                     0,499228;                      10375;                             37541371;                                     0,500772;                275;                      1095554;                                     0,013963;              985;                    2398020;                                     0,030563
       407;       545;         1;BR      ;30/10/2022 18:40:04;         472075;     156454011;          277;                 299642;                                     0,634734;       82491;              98810026;         67984;                78528578;                65535;                       75032555;            43953;                   37469602;                                     0,499378;                      21582;                             37562953;                                     0,500622;                815;                      1096369;                                     0,013961;             1634;                    2399654;                                     0,030558
       407;       545;         1;BR      ;30/10/2022 18:40:05;         472075;     156454011;          235;                 299877;                                     0,635232;       79289;              98889315;         62402;                78590980;                59833;                       75092388;            29547;                   37499149;                                     0,499374;                      30286;                             37593239;                                     0,500626;                920;                      1097289;                                     0,013962;             1649;                    2401303;                                     0,030554
       407;       545;         1;BR      ;30/10/2022 18:40:06;         472075;     156454011;          621;                 300498;                                     0,636547;      235790;              99125105;        182780;                78773760;               175016;                       75267404;            76659;                   37575808;                                     0,499231;                      98357;                             37691596;                                     0,500769;               2398;                      1099687;                                     0,013960;             5366;                    2406669;                                     0,030552
       407;       545;         1;BR      ;30/10/2022 18:40:07;         472075;     156454011;          273;                 300771;                                     0,637125;       89598;              99214703;         71910;                78845670;                69007;                       75336411;            31700;                   37607508;                                     0,499194;                      37307;                             37728903;                                     0,500806;                989;                      1100676;                                     0,013960;             1914;                    2408583;                                     0,030548
       407;       545;         1;BR      ;30/10/2022 18:40:08;         472075;     156454011;          172;                 300943;                                     0,637490;       53689;              99268392;         40810;                78886480;                39467;                       75375878;            26596;                   37634104;                                     0,499286;                      12871;                             37741774;                                     0,500714;                450;                      1101126;                                     0,013958;              893;                    2409476;                                     0,030544
       407;       545;         1;BR      ;30/10/2022 18:40:09;         472075;     156454011;          161;                 301104;                                     0,637831;       52002;              99320394;         40752;                78927232;                39538;                       75415416;            21558;                   37655662;                                     0,499310;                      17980;                             37759754;                                     0,500690;                455;                      1101581;                                     0,013957;              759;                    2410235;                                     0,030537
       407;       545;         1;BR      ;30/10/2022 18:40:10;         472075;     156454011;          136;                 301240;                                     0,638119;       44192;              99364586;         35563;                78962795;                34387;                       75449803;            15858;                   37671520;                                     0,499292;                      18529;                             37778283;                                     0,500708;                465;                      1102046;                                     0,013957;              711;                    2410946;                                     0,030533
       407;       545;         1;BR      ;30/10/2022 18:40:11;         472075;     156454011;           62;                 301302;                                     0,638250;       17733;              99382319;         14363;                78977158;                13939;                       75463742;            10157;                   37681677;                                     0,499335;                       3782;                             37782065;                                     0,500665;                107;                      1102153;                                     0,013955;              317;                    2411263;                                     0,030531
       407;       545;         1;BR      ;30/10/2022 18:40:12;         472075;     156454011;           53;                 301355;                                     0,638363;       17184;              99399503;         13371;                78990529;                12787;                       75476529;             4875;                   37686552;                                     0,499315;                       7912;                             37789977;                                     0,500685;                195;                      1102348;                                     0,013955;              389;                    2411652;                                     0,030531
       407;       545;         1;BR      ;30/10/2022 18:40:13;         472075;     156454011;          121;                 301476;                                     0,638619;       38730;              99438233;         30763;                79021292;                29135;                       75505664;            11771;                   37698323;                                     0,499278;                      17364;                             37807341;                                     0,500722;                578;                      1102926;                                     0,013957;             1050;                    2412702;                                     0,030532
       407;       545;         1;BR      ;30/10/2022 18:40:14;         472075;     156454011;          525;                 302001;                                     0,639731;      182692;              99620925;        143894;                79165186;               134437;                       75640101;            68357;                   37766680;                                     0,499294;                      66080;                             37873421;                                     0,500706;               2859;                      1105785;                                     0,013968;             6598;                    2419300;                                     0,030560
       407;       545;         1;BR      ;30/10/2022 18:40:15;         472075;     156454011;          228;                 302229;                                     0,640214;       78886;              99699811;         62813;                79227999;                59169;                       75699270;            28193;                   37794873;                                     0,499277;                      30976;                             37904397;                                     0,500723;               1218;                      1107003;                                     0,013972;             2426;                    2421726;                                     0,030567
       407;       545;         1;BR      ;30/10/2022 18:40:16;         472075;     156454011;          213;                 302442;                                     0,640665;       71461;              99771272;         56730;                79284729;                53234;                       75752504;            22899;                   37817772;                                     0,499228;                      30335;                             37934732;                                     0,500772;               1109;                      1108112;                                     0,013976;             2387;                    2424113;                                     0,030575
       407;       545;         1;BR      ;30/10/2022 18:40:17;         472075;     156454011;          180;                 302622;                                     0,641046;       61745;              99833017;         48441;                79333170;                45620;                       75798124;            21369;                   37839141;                                     0,499209;                      24251;                             37958983;                                     0,500791;                908;                      1109020;                                     0,013979;             1913;                    2426026;                                     0,030580
       407;       545;         1;BR      ;30/10/2022 18:40:18;         472075;     156454011;          250;                 302872;                                     0,641576;       82935;              99915952;         64395;                79397565;                60797;                       75858921;            25313;                   37864454;                                     0,499143;                      35484;                             37994467;                                     0,500857;               1246;                      1110266;                                     0,013984;             2352;                    2428378;                                     0,030585
       407;       545;         1;BR      ;30/10/2022 18:40:19;         472075;     156454011;          149;                 303021;                                     0,641892;       51373;              99967325;         40315;                79437880;                38086;                       75897007;            15084;                   37879538;                                     0,499091;                      23002;                             38017469;                                     0,500909;                706;                      1110972;                                     0,013985;             1523;                    2429901;                                     0,030589
       407;       545;         1;BR      ;30/10/2022 18:40:20;         472075;     156454011;           31;                 303052;                                     0,641957;        9836;              99977161;          7602;                79445482;                 7166;                       75904173;             2598;                   37882136;                                     0,499078;                       4568;                             38022037;                                     0,500922;                130;                      1111102;                                     0,013986;              306;                    2430207;                                     0,030590
       407;       545;         1;BR      ;30/10/2022 18:40:22;         472075;     156454011;           25;                 303077;                                     0,642010;        7928;              99985089;          6086;                79451568;                 5735;                       75909908;             2471;                   37884607;                                     0,499073;                       3264;                             38025301;                                     0,500927;                103;                      1111205;                                     0,013986;              248;                    2430455;                                     0,030590
       407;       545;         1;BR      ;30/10/2022 18:40:25;         472075;     156454011;           44;                 303121;                                     0,642103;       13310;              99998399;         10419;                79461987;                10217;                       75920125;             6397;                   37891004;                                     0,499090;                       3820;                             38029121;                                     0,500910;                 82;                      1111287;                                     0,013985;              120;                    2430575;                                     0,030588
       407;       545;         1;BR      ;30/10/2022 18:40:26;         472075;     156454011;          101;                 303222;                                     0,642317;       31738;             100030137;         25142;                79487129;                24140;                       75944265;            15934;                   37906938;                                     0,499142;                       8206;                             38037327;                                     0,500858;                278;                      1111565;                                     0,013984;              724;                    2431299;                                     0,030587
       407;       545;         1;BR      ;30/10/2022 18:40:27;         472075;     156454011;          147;                 303369;                                     0,642629;       47422;             100077559;         37017;                79524146;                35076;                       75979341;            24204;                   37931142;                                     0,499230;                      10872;                             38048199;                                     0,500770;                474;                      1112039;                                     0,013984;             1467;                    2432766;                                     0,030592
       407;       545;         1;BR      ;30/10/2022 18:40:28;         472075;     156454011;          180;                 303549;                                     0,643010;       57675;             100135234;         46071;                79570217;                43511;                       76022852;            31685;                   37962827;                                     0,499361;                      11826;                             38060025;                                     0,500639;                605;                      1112644;                                     0,013983;             1955;                    2434721;                                     0,030598
       407;       545;         1;BR      ;30/10/2022 18:40:29;         472075;     156454011;           30;                 303579;                                     0,643074;        9068;             100144302;          7274;                79577491;                 6920;                       76029772;             5621;                   37968448;                                     0,499389;                       1299;                             38061324;                                     0,500611;                 91;                      1112735;                                     0,013983;              263;                    2434984;                                     0,030599
       407;       545;         1;BR      ;30/10/2022 18:40:33;         472075;     156454011;           35;                 303614;                                     0,643148;       11989;             100156291;         10181;                79587672;                 9491;                       76039263;             6290;                   37974738;                                     0,499410;                       3201;                             38064525;                                     0,500590;                151;                      1112886;                                     0,013983;              539;                    2435523;                                     0,030602
       407;       545;         1;BR      ;30/10/2022 18:40:34;         472075;     156454011;          220;                 303834;                                     0,643614;       70755;             100227046;         56843;                79644515;                54093;                       76093356;            25231;                   37999969;                                     0,499386;                      28862;                             38093387;                                     0,500614;               1080;                      1113966;                                     0,013987;             1670;                    2437193;                                     0,030601
       407;       545;         1;BR      ;30/10/2022 18:40:35;         472075;     156454011;           29;                 303863;                                     0,643675;        9763;             100236809;          7705;                79652220;                 7412;                       76100768;             3098;                   38003067;                                     0,499378;                       4314;                             38097701;                                     0,500622;                106;                      1114072;                                     0,013987;              187;                    2437380;                                     0,030600
       407;       545;         1;BR      ;30/10/2022 18:40:36;         472075;     156454011;            2;                 303865;                                     0,643680;         739;             100237548;           643;                79652863;                  621;                       76101389;              176;                   38003243;                                     0,499376;                        445;                             38098146;                                     0,500624;                  7;                      1114079;                                     0,013987;               15;                    2437395;                                     0,030600
       407;       545;         1;BR      ;30/10/2022 18:40:37;         472075;     156454011;           65;                 303930;                                     0,643817;       20850;             100258398;         16918;                79669781;                15953;                       76117342;             7521;                   38010764;                                     0,499371;                       8432;                             38106578;                                     0,500629;                221;                      1114300;                                     0,013986;              744;                    2438139;                                     0,030603
       407;       545;         1;BR      ;30/10/2022 18:40:38;         472075;     156454011;           67;                 303997;                                     0,643959;       22684;             100281082;         18331;                79688112;                17192;                       76134534;            11626;                   38022390;                                     0,499411;                       5566;                             38112144;                                     0,500589;                216;                      1114516;                                     0,013986;              923;                    2439062;                                     0,030608
       407;       545;         1;BR      ;30/10/2022 18:40:39;         472075;     156454011;           32;                 304029;                                     0,644027;       11312;             100292394;          9612;                79697724;                 9016;                       76143550;             5707;                   38028097;                                     0,499426;                       3309;                             38115453;                                     0,500574;                121;                      1114637;                                     0,013986;              475;                    2439537;                                     0,030610
       407;       545;         1;BR      ;30/10/2022 18:40:40;         472075;     156454011;           96;                 304125;                                     0,644230;       32439;             100324833;         26348;                79724072;                24572;                       76168122;            18397;                   38046494;                                     0,499507;                       6175;                             38121628;                                     0,500493;                314;                      1114951;                                     0,013985;             1462;                    2440999;                                     0,030618
       407;       545;         1;BR      ;30/10/2022 18:40:41;         472075;     156454011;          111;                 304236;                                     0,644465;       37775;             100362608;         32251;                79756323;                30297;                       76198419;            18706;                   38065200;                                     0,499554;                      11591;                             38133219;                                     0,500446;                405;                      1115356;                                     0,013985;             1549;                    2442548;                                     0,030625
       407;       545;         1;BR      ;30/10/2022 18:40:42;         472075;     156454011;           23;                 304259;                                     0,644514;        6141;             100368749;          4497;                79760820;                 4375;                       76202794;             1571;                   38066771;                                     0,499546;                       2804;                             38136023;                                     0,500454;                 40;                      1115396;                                     0,013984;               82;                    2442630;                                     0,030624
       407;       545;         1;BR      ;30/10/2022 18:40:43;         472075;     156454011;           77;                 304336;                                     0,644677;       22698;             100391447;         18627;                79779447;                17602;                       76220396;            12196;                   38078967;                                     0,499590;                       5406;                             38141429;                                     0,500410;                243;                      1115639;                                     0,013984;              782;                    2443412;                                     0,030627
       407;       545;         1;BR      ;30/10/2022 18:40:44;         472075;     156454011;           72;                 304408;                                     0,644830;       24615;             100416062;         20367;                79799814;                19603;                       76239999;             7597;                   38086564;                                     0,499561;                      12006;                             38153435;                                     0,500439;                245;                      1115884;                                     0,013984;              519;                    2443931;                                     0,030626
       407;       545;         1;BR      ;30/10/2022 18:40:45;         472075;     156454011;           57;                 304465;                                     0,644950;       20022;             100436084;         16716;                79816530;                16191;                       76256190;             4314;                   38090878;                                     0,499512;                      11877;                             38165312;                                     0,500488;                211;                      1116095;                                     0,013983;              314;                    2444245;                                     0,030623
       407;       545;         1;BR      ;30/10/2022 18:40:46;         472075;     156454011;           62;                 304527;                                     0,645082;       20518;             100456602;         16762;                79833292;                16215;                       76272405;             5101;                   38095979;                                     0,499473;                      11114;                             38176426;                                     0,500527;                192;                      1116287;                                     0,013983;              355;                    2444600;                                     0,030621
       407;       545;         1;BR      ;30/10/2022 18:40:47;         472075;     156454011;           62;                 304589;                                     0,645213;       19892;             100476494;         16164;                79849456;                15570;                       76287975;             5380;                   38101359;                                     0,499441;                      10190;                             38186616;                                     0,500559;                226;                      1116513;                                     0,013983;              368;                    2444968;                                     0,030620
       407;       545;         1;BR      ;30/10/2022 18:40:48;         472075;     156454011;           19;                 304608;                                     0,645253;        6048;             100482542;          5013;                79854469;                 4864;                       76292839;             1453;                   38102812;                                     0,499428;                       3411;                             38190027;                                     0,500572;                 65;                      1116578;                                     0,013983;               84;                    2445052;                                     0,030619
       407;       545;         1;BR      ;30/10/2022 18:40:49;         472075;     156454011;            7;                 304615;                                     0,645268;        2265;             100484807;          1904;                79856373;                 1869;                       76294708;              725;                   38103537;                                     0,499426;                       1144;                             38191171;                                     0,500574;                 18;                      1116596;                                     0,013983;               17;                    2445069;                                     0,030618
       407;       545;         1;BR      ;30/10/2022 18:40:50;         472075;     156454011;           15;                 304630;                                     0,645300;        4835;             100489642;          3921;                79860294;                 3742;                       76298450;             1487;                   38105024;                                     0,499421;                       2255;                             38193426;                                     0,500579;                 55;                      1116651;                                     0,013983;              124;                    2445193;                                     0,030618
       407;       545;         1;BR      ;30/10/2022 18:40:51;         472075;     156454011;            1;                 304631;                                     0,645302;         332;             100489974;           285;                79860579;                  279;                       76298729;              150;                   38105174;                                     0,499421;                        129;                             38193555;                                     0,500579;                  1;                      1116652;                                     0,013983;                5;                    2445198;                                     0,030618
       407;       545;         1;BR      ;30/10/2022 18:41:10;         472075;     156454011;          171;                 304802;                                     0,645664;       58074;             100548048;         44007;                79904586;                41751;                       76340480;            26194;                   38131368;                                     0,499491;                      15557;                             38209112;                                     0,500509;                498;                      1117150;                                     0,013981;             1758;                    2446956;                                     0,030623
       407;       545;         1;BR      ;30/10/2022 18:41:11;         472075;     156454011;          194;                 304996;                                     0,646075;       65590;             100613638;         52337;                79956923;                50017;                       76390497;            24294;                   38155662;                                     0,499482;                      25723;                             38234835;                                     0,500518;                858;                      1118008;                                     0,013983;             1462;                    2448418;                                     0,030622
       407;       545;         1;BR      ;30/10/2022 18:41:12;         472075;     156454011;          436;                 305432;                                     0,646999;      166913;             100780551;        130200;                80087123;               124732;                       76515229;            54360;                   38210022;                                     0,499378;                      70372;                             38305207;                                     0,500622;               1649;                      1119657;                                     0,013980;             3819;                    2452237;                                     0,030620
       407;       545;         1;BR      ;30/10/2022 18:41:13;         472075;     156454011;          238;                 305670;                                     0,647503;       79400;             100859951;         63538;                80150661;                61074;                       76576303;            27803;                   38237825;                                     0,499343;                      33271;                             38338478;                                     0,500657;                797;                      1120454;                                     0,013979;             1667;                    2453904;                                     0,030616
       407;       545;         1;BR      ;30/10/2022 18:41:14;         472075;     156454011;          171;                 305841;                                     0,647865;       48385;             100908336;         38917;                80189578;                37490;                       76613793;            24082;                   38261907;                                     0,499413;                      13408;                             38351886;                                     0,500587;                473;                      1120927;                                     0,013978;              954;                    2454858;                                     0,030613
       407;       545;         1;BR      ;30/10/2022 18:41:15;         472075;     156454011;          172;                 306013;                                     0,648230;       55191;             100963527;         46622;                80236200;                44709;                       76658502;            28915;                   38290822;                                     0,499499;                      15794;                             38367680;                                     0,500501;                617;                      1121544;                                     0,013978;             1296;                    2456154;                                     0,030612
       407;       545;         1;BR      ;30/10/2022 18:41:16;         472075;     156454011;          131;                 306144;                                     0,648507;       41305;             101004832;         32192;                80268392;                31360;                       76689862;            21261;                   38312083;                                     0,499572;                      10099;                             38377779;                                     0,500428;                297;                      1121841;                                     0,013976;              535;                    2456689;                                     0,030606
       407;       545;         1;BR      ;30/10/2022 18:41:17;         472075;     156454011;          193;                 306337;                                     0,648916;       60297;             101065129;         47263;                80315655;                45836;                       76735698;            27274;                   38339357;                                     0,499629;                      18562;                             38396341;                                     0,500371;                480;                      1122321;                                     0,013974;              947;                    2457636;                                     0,030600
       407;       545;         1;BR      ;30/10/2022 18:41:18;         472075;     156454011;          175;                 306512;                                     0,649287;       58625;             101123754;         47159;                80362814;                45629;                       76781327;            22356;                   38361713;                                     0,499623;                      23273;                             38419614;                                     0,500377;                606;                      1122927;                                     0,013973;              924;                    2458560;                                     0,030593
       407;       545;         1;BR      ;30/10/2022 18:41:19;         472075;     156454011;           29;                 306541;                                     0,649348;        9120;             101132874;          7466;                80370280;                 7242;                       76788569;             4919;                   38366632;                                     0,499640;                       2323;                             38421937;                                     0,500360;                 70;                      1122997;                                     0,013973;              154;                    2458714;                                     0,030592
       407;       545;         1;BR      ;30/10/2022 18:41:21;         472075;     156454011;           34;                 306575;                                     0,649420;        9772;             101142646;          7883;                80378163;                 7653;                       76796222;             4244;                   38370876;                                     0,499645;                       3409;                             38425346;                                     0,500355;                 62;                      1123059;                                     0,013972;              168;                    2458882;                                     0,030591
       407;       545;         1;BR      ;30/10/2022 18:41:22;         472075;     156454011;          153;                 306728;                                     0,649744;       46579;             101189225;         37078;                80415241;                35262;                       76831484;            18378;                   38389254;                                     0,499655;                      16884;                             38442230;                                     0,500345;                621;                      1123680;                                     0,013973;             1195;                    2460077;                                     0,030592
       407;       545;         1;BR      ;30/10/2022 18:41:23;         472075;     156454011;          590;                 307318;                                     0,650994;      204282;             101393507;        160842;                80576083;               150544;                       76982028;            72800;                   38462054;                                     0,499624;                      77744;                             38519974;                                     0,500376;               3124;                      1126804;                                     0,013984;             7174;                    2467251;                                     0,030620
       407;       545;         1;BR      ;30/10/2022 18:41:24;         472075;     156454011;          123;                 307441;                                     0,651255;       41954;             101435461;         33077;                80609160;                31166;                       77013194;            14211;                   38476265;                                     0,499606;                      16955;                             38536929;                                     0,500394;                637;                      1127441;                                     0,013987;             1274;                    2468525;                                     0,030623
       407;       545;         1;BR      ;30/10/2022 18:41:25;         472075;     156454011;          144;                 307585;                                     0,651560;       48927;             101484388;         39052;                80648212;                36757;                       77049951;            15707;                   38491972;                                     0,499572;                      21050;                             38557979;                                     0,500428;                733;                      1128174;                                     0,013989;             1562;                    2470087;                                     0,030628
       407;       545;         1;BR      ;30/10/2022 18:41:26;         472075;     156454011;          157;                 307742;                                     0,651892;       52070;             101536458;         40896;                80689108;                38568;                       77088519;            16690;                   38508662;                                     0,499538;                      21878;                             38579857;                                     0,500462;                800;                      1128974;                                     0,013992;             1528;                    2471615;                                     0,030631
       407;       545;         1;BR      ;30/10/2022 18:41:27;         472075;     156454011;          252;                 307994;                                     0,652426;       85488;             101621946;         67841;                80756949;                64022;                       77152541;            25393;                   38534055;                                     0,499453;                      38629;                             38618486;                                     0,500547;               1278;                      1130252;                                     0,013996;             2541;                    2474156;                                     0,030637
       407;       545;         1;BR      ;30/10/2022 18:41:28;         472075;     156454011;          125;                 308119;                                     0,652691;       40474;             101662420;         31497;                80788446;                29657;                       77182198;            12484;                   38546539;                                     0,499423;                      17173;                             38635659;                                     0,500577;                601;                      1130853;                                     0,013998;             1239;                    2475395;                                     0,030640
       407;       545;         1;BR      ;30/10/2022 18:41:32;         472075;     156454011;           66;                 308185;                                     0,652831;       21763;             101684183;         16683;                80805129;                16300;                       77198498;             8934;                   38555473;                                     0,499433;                       7366;                             38643025;                                     0,500567;                146;                      1130999;                                     0,013997;              237;                    2475632;                                     0,030637
       407;       545;         1;BR      ;30/10/2022 18:41:33;         472075;     156454011;          193;                 308378;                                     0,653239;       60482;             101744665;         48348;                80853477;                46089;                       77244587;            31192;                   38586665;                                     0,499539;                      14897;                             38657922;                                     0,500461;                545;                      1131544;                                     0,013995;             1714;                    2477346;                                     0,030640
       407;       545;         1;BR      ;30/10/2022 18:41:34;         472075;     156454011;          210;                 308588;                                     0,653684;       68728;             101813393;         55812;                80909289;                52757;                       77297344;            37418;                   38624083;                                     0,499682;                      15339;                             38673261;                                     0,500318;                757;                      1132301;                                     0,013995;             2298;                    2479644;                                     0,030647
       407;       545;         1;BR      ;30/10/2022 18:41:35;         472075;     156454011;            6;                 308594;                                     0,653697;        1793;             101815186;          1519;                80910808;                 1459;                       77298803;             1212;                   38625295;                                     0,499688;                        247;                             38673508;                                     0,500312;                 16;                      1132317;                                     0,013995;               44;                    2479688;                                     0,030647
       407;       545;         1;BR      ;30/10/2022 18:41:36;         472075;     156454011;           55;                 308649;                                     0,653813;       18355;             101833541;         15240;                80926048;                14341;                       77313144;             9358;                   38634653;                                     0,499716;                       4983;                             38678491;                                     0,500284;                192;                      1132509;                                     0,013994;              707;                    2480395;                                     0,030650
       407;       545;         1;BR      ;30/10/2022 18:41:37;         472075;     156454011;          245;                 308894;                                     0,654332;       79055;             101912596;         63123;                80989171;                60305;                       77373449;            30735;                   38665388;                                     0,499724;                      29570;                             38708061;                                     0,500276;               1073;                      1133582;                                     0,013997;             1745;                    2482140;                                     0,030648
       407;       545;         1;BR      ;30/10/2022 18:41:38;         472075;     156454011;           30;                 308924;                                     0,654396;        9215;             101921811;          7611;                80996782;                 7314;                       77380763;             3181;                   38668569;                                     0,499718;                       4133;                             38712194;                                     0,500282;                120;                      1133702;                                     0,013997;              177;                    2482317;                                     0,030647
       407;       545;         1;BR      ;30/10/2022 18:41:40;         472075;     156454011;           19;                 308943;                                     0,654436;        5414;             101927225;          4164;                81000946;                 3904;                       77384667;             2226;                   38670795;                                     0,499722;                       1678;                             38713872;                                     0,500278;                 56;                      1133758;                                     0,013997;              204;                    2482521;                                     0,030648
       407;       545;         1;BR      ;30/10/2022 18:41:41;         472075;     156454011;           50;                 308993;                                     0,654542;       15952;             101943177;         12172;                81013118;                11415;                       77396082;             6937;                   38677732;                                     0,499738;                       4478;                             38718350;                                     0,500262;                155;                      1133913;                                     0,013997;              602;                    2483123;                                     0,030651
       407;       545;         1;BR      ;30/10/2022 18:41:42;         472075;     156454011;          132;                 309125;                                     0,654822;       45020;             101988197;         37686;                81050804;                35496;                       77431578;            22673;                   38700405;                                     0,499801;                      12823;                             38731173;                                     0,500199;                448;                      1134361;                                     0,013996;             1742;                    2484865;                                     0,030658
       407;       545;         1;BR      ;30/10/2022 18:41:43;         472075;     156454011;           86;                 309211;                                     0,655004;       29137;             102017334;         24629;                81075433;                23125;                       77454703;            14991;                   38715396;                                     0,499846;                       8134;                             38739307;                                     0,500154;                320;                      1134681;                                     0,013995;             1184;                    2486049;                                     0,030663
       407;       545;         1;BR      ;30/10/2022 18:41:44;         472075;     156454011;            1;                 309212;                                     0,655006;         292;             102017626;           239;                81075672;                  221;                       77454924;              152;                   38715548;                                     0,499846;                         69;                             38739376;                                     0,500154;                  0;                      1134681;                                     0,013995;               18;                    2486067;                                     0,030664
       407;       545;         1;BR      ;30/10/2022 18:41:45;         472075;     156454011;           66;                 309278;                                     0,655146;       18716;             102036342;         13827;                81089499;                13320;                       77468244;             5171;                   38720719;                                     0,499827;                       8149;                             38747525;                                     0,500173;                138;                      1134819;                                     0,013995;              369;                    2486436;                                     0,030663
       407;       545;         1;BR      ;30/10/2022 18:41:46;         472075;     156454011;           51;                 309329;                                     0,655254;       15205;             102051547;         12519;                81102018;                11838;                       77480082;             7864;                   38728583;                                     0,499852;                       3974;                             38751499;                                     0,500148;                149;                      1134968;                                     0,013994;              532;                    2486968;                                     0,030665
       407;       545;         1;BR      ;30/10/2022 18:41:47;         472075;     156454011;           74;                 309403;                                     0,655411;       24865;             102076412;         20796;                81122814;                19932;                       77500014;             8029;                   38736612;                                     0,499827;                      11903;                             38763402;                                     0,500173;                318;                      1135286;                                     0,013995;              546;                    2487514;                                     0,030664
       407;       545;         1;BR      ;30/10/2022 18:41:48;         472075;     156454011;           85;                 309488;                                     0,655591;       28472;             102104884;         23531;                81146345;                22848;                       77522862;             6623;                   38743235;                                     0,499765;                      16225;                             38779627;                                     0,500235;                265;                      1135551;                                     0,013994;              418;                    2487932;                                     0,030660
       407;       545;         1;BR      ;30/10/2022 18:41:49;         472075;     156454011;           77;                 309565;                                     0,655754;       25143;             102130027;         20889;                81167234;                20232;                       77543094;             5264;                   38748499;                                     0,499703;                      14968;                             38794595;                                     0,500297;                271;                      1135822;                                     0,013994;              386;                    2488318;                                     0,030657
       407;       545;         1;BR      ;30/10/2022 18:41:50;         472075;     156454011;            6;                 309571;                                     0,655767;        1981;             102132008;          1671;                81168905;                 1622;                       77544716;              643;                   38749142;                                     0,499701;                        979;                             38795574;                                     0,500299;                 29;                      1135851;                                     0,013994;               20;                    2488338;                                     0,030656
       407;       545;         1;BR      ;30/10/2022 18:41:51;         472075;     156454011;           10;                 309581;                                     0,655788;        3124;             102135132;          2598;                81171503;                 2521;                       77547237;             1006;                   38750148;                                     0,499697;                       1515;                             38797089;                                     0,500303;                 30;                      1135881;                                     0,013994;               47;                    2488385;                                     0,030656
       407;       545;         1;BR      ;30/10/2022 18:42:16;         472075;     156454011;           48;                 309629;                                     0,655889;       14678;             102149810;         11178;                81182681;                10890;                       77558127;             5952;                   38756100;                                     0,499704;                       4938;                             38802027;                                     0,500296;                 94;                      1135975;                                     0,013993;              194;                    2488579;                                     0,030654
       407;       545;         1;BR      ;30/10/2022 18:42:17;         472075;     156454011;          307;                 309936;                                     0,656540;       97191;             102247001;         79569;                81262250;                76563;                       77634690;            50139;                   38806239;                                     0,499857;                      26424;                             38828451;                                     0,500143;               1026;                      1137001;                                     0,013992;             1980;                    2490559;                                     0,030648
       407;       545;         1;BR      ;30/10/2022 18:42:18;         472075;     156454011;          210;                 310146;                                     0,656985;       70183;             102317184;         55947;                81318197;                53437;                       77688127;            25948;                   38832187;                                     0,499847;                      27489;                             38855940;                                     0,500153;                846;                      1137847;                                     0,013993;             1664;                    2492223;                                     0,030648
       407;       545;         1;BR      ;30/10/2022 18:42:19;         472075;     156454011;          369;                 310515;                                     0,657766;      123477;             102440661;         96671;                81414868;                92770;                       77780897;            40845;                   38873032;                                     0,499776;                      51925;                             38907865;                                     0,500224;               1277;                      1139124;                                     0,013992;             2624;                    2494847;                                     0,030644
       407;       545;         1;BR      ;30/10/2022 18:42:20;         472075;     156454011;          520;                 311035;                                     0,658868;      205106;             102645767;        159411;                81574279;               152490;                       77933387;            67890;                   38940922;                                     0,499669;                      84600;                             38992465;                                     0,500331;               2011;                      1141135;                                     0,013989;             4910;                    2499757;                                     0,030644
       407;       545;         1;BR      ;30/10/2022 18:42:21;         472075;     156454011;          280;                 311315;                                     0,659461;       88417;             102734184;         71463;                81645742;                68597;                       78001984;            36432;                   38977354;                                     0,499697;                      32165;                             39024630;                                     0,500303;                992;                      1142127;                                     0,013989;             1874;                    2501631;                                     0,030640
       407;       545;         1;BR      ;30/10/2022 18:42:22;         472075;     156454011;           60;                 311375;                                     0,659588;       18997;             102753181;         14106;                81659848;                13741;                       78015725;             9785;                   38987139;                                     0,499734;                       3956;                             39028586;                                     0,500266;                149;                      1142276;                                     0,013988;              216;                    2501847;                                     0,030637
       407;       545;         1;BR      ;30/10/2022 18:42:23;         472075;     156454011;           41;                 311416;                                     0,659675;       12189;             102765370;          9038;                81668886;                 8808;                       78024533;             6419;                   38993558;                                     0,499760;                       2389;                             39030975;                                     0,500240;                 71;                      1142347;                                     0,013988;              159;                    2502006;                                     0,030636
       407;       545;         1;BR      ;30/10/2022 18:42:24;         472075;     156454011;          119;                 311535;                                     0,659927;       36768;             102802138;         28885;                81697771;                28034;                       78052567;            15517;                   39009075;                                     0,499780;                      12517;                             39043492;                                     0,500220;                305;                      1142652;                                     0,013986;              546;                    2502552;                                     0,030632
       407;       545;         1;BR      ;30/10/2022 18:42:25;         472075;     156454011;          213;                 311748;                                     0,660378;       65373;             102867511;         52101;                81749872;                50558;                       78103125;            23196;                   39032271;                                     0,499753;                      27362;                             39070854;                                     0,500247;                616;                      1143268;                                     0,013985;              927;                    2503479;                                     0,030624
       407;       545;         1;BR      ;30/10/2022 18:42:26;         472075;     156454011;           91;                 311839;                                     0,660571;       29545;             102897056;         24114;                81773986;                23278;                       78126403;            13438;                   39045709;                                     0,499776;                       9840;                             39080694;                                     0,500224;                257;                      1143525;                                     0,013984;              579;                    2504058;                                     0,030622
       407;       545;         1;BR      ;30/10/2022 18:42:27;         472075;     156454011;           16;                 311855;                                     0,660605;        4562;             102901618;          3647;                81777633;                 3551;                       78129954;             1809;                   39047518;                                     0,499777;                       1742;                             39082436;                                     0,500223;                 40;                      1143565;                                     0,013984;               56;                    2504114;                                     0,030621
       407;       545;         1;BR      ;30/10/2022 18:42:28;         472075;     156454011;           40;                 311895;                                     0,660690;       11201;             102912819;          8573;                81786206;                 8382;                       78138336;             2969;                   39050487;                                     0,499761;                       5413;                             39087849;                                     0,500239;                 74;                      1143639;                                     0,013983;              117;                    2504231;                                     0,030619
       407;       545;         1;BR      ;30/10/2022 18:42:29;         472075;     156454011;          114;                 312009;                                     0,660931;       35280;             102948099;         28150;                81814356;                27012;                       78165348;            14585;                   39065072;                                     0,499775;                      12427;                             39100276;                                     0,500225;                394;                      1144033;                                     0,013983;              744;                    2504975;                                     0,030618
       407;       545;         1;BR      ;30/10/2022 18:42:30;         472075;     156454011;          766;                 312775;                                     0,662554;      261322;             103209421;        205902;                82020258;               193036;                       78358384;            90806;                   39155878;                                     0,499702;                     102230;                             39202506;                                     0,500298;               4006;                      1148039;                                     0,013997;             8860;                    2513835;                                     0,030649
       407;       545;         1;BR      ;30/10/2022 18:42:31;         472075;     156454011;           52;                 312827;                                     0,662664;       18407;             103227828;         14823;                82035081;                13999;                       78372383;             5601;                   39161479;                                     0,499685;                       8398;                             39210904;                                     0,500315;                267;                      1148306;                                     0,013998;              557;                    2514392;                                     0,030650
       407;       545;         1;BR      ;30/10/2022 18:42:32;         472075;     156454011;          189;                 313016;                                     0,663064;       60187;             103288015;         47868;                82082949;                45141;                       78417524;            21258;                   39182737;                                     0,499668;                      23883;                             39234787;                                     0,500332;                865;                      1149171;                                     0,014000;             1862;                    2516254;                                     0,030655
       407;       545;         1;BR      ;30/10/2022 18:42:33;         472075;     156454011;          208;                 313224;                                     0,663505;       71898;             103359913;         57519;                82140468;                54189;                       78471713;            22872;                   39205609;                                     0,499615;                      31317;                             39266104;                                     0,500385;               1053;                      1150224;                                     0,014003;             2277;                    2518531;                                     0,030661
       407;       545;         1;BR      ;30/10/2022 18:42:34;         472075;     156454011;          110;                 313334;                                     0,663738;       36749;             103396662;         29217;                82169685;                27573;                       78499286;            11994;                   39217603;                                     0,499592;                      15579;                             39281683;                                     0,500408;                555;                      1150779;                                     0,014005;             1089;                    2519620;                                     0,030664
       407;       545;         1;BR      ;30/10/2022 18:42:35;         472075;     156454011;          137;                 313471;                                     0,664028;       45283;             103441945;         35796;                82205481;                33932;                       78533218;            11267;                   39228870;                                     0,499519;                      22665;                             39304348;                                     0,500481;                607;                      1151386;                                     0,014006;             1257;                    2520877;                                     0,030666
       407;       545;         1;BR      ;30/10/2022 18:42:36;         472075;     156454011;          239;                 313710;                                     0,664534;       78679;             103520624;         61685;                82267166;                58344;                       78591562;            26032;                   39254902;                                     0,499480;                      32312;                             39336660;                                     0,500520;               1063;                      1152449;                                     0,014009;             2278;                    2523155;                                     0,030670
       407;       545;         1;BR      ;30/10/2022 18:42:37;         472075;     156454011;            3;                 313713;                                     0,664541;         858;             103521482;           724;                82267890;                  697;                       78592259;              279;                   39255181;                                     0,499479;                        418;                             39337078;                                     0,500521;                 12;                      1152461;                                     0,014009;               15;                    2523170;                                     0,030670
       407;       545;         1;BR      ;30/10/2022 18:42:39;         472075;     156454011;            4;                 313717;                                     0,664549;         929;             103522411;           727;                82268617;                  679;                       78592938;              227;                   39255408;                                     0,499478;                        452;                             39337530;                                     0,500522;                 12;                      1152473;                                     0,014009;               36;                    2523206;                                     0,030670
       407;       545;         1;BR      ;30/10/2022 18:42:41;         472075;     156454011;           96;                 313813;                                     0,664752;       29821;             103552232;         23064;                82291681;                22550;                       78615488;            12077;                   39267485;                                     0,499488;                      10473;                             39348003;                                     0,500512;                191;                      1152664;                                     0,014007;              323;                    2523529;                                     0,030666
       407;       545;         1;BR      ;30/10/2022 18:42:42;         472075;     156454011;          248;                 314061;                                     0,665278;       77848;             103630080;         61995;                82353676;                58792;                       78674280;            40202;                   39307687;                                     0,499626;                      18590;                             39366593;                                     0,500374;                775;                      1153439;                                     0,014006;             2428;                    2525957;                                     0,030672
       407;       545;         1;BR      ;30/10/2022 18:42:43;         472075;     156454011;          200;                 314261;                                     0,665701;       65374;             103695454;         52973;                82406649;                50160;                       78724440;            34496;                   39342183;                                     0,499745;                      15664;                             39382257;                                     0,500255;                678;                      1154117;                                     0,014005;             2135;                    2528092;                                     0,030678
       407;       545;         1;BR      ;30/10/2022 18:42:44;         472075;     156454011;           80;                 314341;                                     0,665871;       25094;             103720548;         19947;                82426596;                18897;                       78743337;            13974;                   39356157;                                     0,499803;                       4923;                             39387180;                                     0,500197;                261;                      1154378;                                     0,014005;              789;                    2528881;                                     0,030680
       407;       545;         1;BR      ;30/10/2022 18:42:45;         472075;     156454011;            2;                 314343;                                     0,665875;         696;             103721244;           517;                82427113;                  493;                       78743830;              393;                   39356550;                                     0,499805;                        100;                             39387280;                                     0,500195;                  8;                      1154386;                                     0,014005;               16;                    2528897;                                     0,030680
       407;       545;         1;BR      ;30/10/2022 18:42:46;         472075;     156454011;           58;                 314401;                                     0,665998;       18383;             103739627;         15259;                82442372;                14290;                       78758120;            10688;                   39367238;                                     0,499850;                       3602;                             39390882;                                     0,500150;                221;                      1154607;                                     0,014005;              748;                    2529645;                                     0,030684
       407;       545;         1;BR      ;30/10/2022 18:42:47;         472075;     156454011;          232;                 314633;                                     0,666489;       76104;             103815731;         60667;                82503039;                57778;                       78815898;            27378;                   39394616;                                     0,499831;                      30400;                             39421282;                                     0,500169;               1132;                      1155739;                                     0,014008;             1757;                    2531402;                                     0,030683
       407;       545;         1;BR      ;30/10/2022 18:42:48;         472075;     156454011;           47;                 314680;                                     0,666589;       12987;             103828718;         10729;                82513768;                10309;                       78826207;             3966;                   39398582;                                     0,499816;                       6343;                             39427625;                                     0,500184;                157;                      1155896;                                     0,014009;              263;                    2531665;                                     0,030682
       407;       545;         1;BR      ;30/10/2022 18:42:49;         472075;     156454011;           26;                 314706;                                     0,666644;        8605;             103837323;          6300;                82520068;                 6029;                       78832236;             3702;                   39402284;                                     0,499825;                       2327;                             39429952;                                     0,500175;                 37;                      1155933;                                     0,014008;              234;                    2531899;                                     0,030682
       407;       545;         1;BR      ;30/10/2022 18:42:50;         472075;     156454011;           90;                 314796;                                     0,666835;       30994;             103868317;         22629;                82542697;                21342;                       78853578;            13407;                   39415691;                                     0,499859;                       7935;                             39437887;                                     0,500141;                214;                      1156147;                                     0,014007;             1073;                    2532972;                                     0,030687
       407;       545;         1;BR      ;30/10/2022 18:42:51;         472075;     156454011;          179;                 314975;                                     0,667214;       66286;             103934603;         51937;                82594634;                48849;                       78902427;            28034;                   39443725;                                     0,499905;                      20815;                             39458702;                                     0,500095;                614;                      1156761;                                     0,014005;             2474;                    2535446;                                     0,030697
       407;       545;         1;BR      ;30/10/2022 18:42:52;         472075;     156454011;          115;                 315090;                                     0,667458;       38182;             103972785;         31299;                82625933;                29111;                       78931538;            21067;                   39464792;                                     0,499988;                       8044;                             39466746;                                     0,500012;                398;                      1157159;                                     0,014005;             1790;                    2537236;                                     0,030708
       407;       545;         1;BR      ;30/10/2022 18:42:53;         472075;     156454011;          182;                 315272;                                     0,667843;       64690;             104037475;         54327;                82680260;                50979;                       78982517;            32050;                   39496842;                                     0,500071;                      18929;                             39485675;                                     0,499929;                691;                      1157850;                                     0,014004;             2657;                    2539893;                                     0,030719
       407;       545;         1;BR      ;30/10/2022 18:42:54;         472075;     156454011;           13;                 315285;                                     0,667871;        3714;             104041189;          2947;                82683207;                 2707;                       78985224;             2131;                   39498973;                                     0,500081;                        576;                             39486251;                                     0,499919;                 42;                      1157892;                                     0,014004;              198;                    2540091;                                     0,030721
       407;       545;         1;BR      ;30/10/2022 18:42:55;         472075;     156454011;           84;                 315369;                                     0,668049;       23530;             104064719;         17771;                82700978;                17072;                       79002296;             8422;                   39507395;                                     0,500079;                       8650;                             39494901;                                     0,499921;                194;                      1158086;                                     0,014003;              505;                    2540596;                                     0,030720
       407;       545;         1;BR      ;30/10/2022 18:42:56;         472075;     156454011;           17;                 315386;                                     0,668085;        5145;             104069864;          4020;                82704998;                 3807;                       79006103;             1667;                   39509062;                                     0,500076;                       2140;                             39497041;                                     0,499924;                 67;                      1158153;                                     0,014003;              146;                    2540742;                                     0,030721
       407;       545;         1;BR      ;30/10/2022 18:42:57;         472075;     156454011;          100;                 315486;                                     0,668296;       35112;             104104976;         29092;                82734090;                28034;                       79034137;             9454;                   39518516;                                     0,500018;                      18580;                             39515621;                                     0,499982;                365;                      1158518;                                     0,014003;              693;                    2541435;                                     0,030718
       407;       545;         1;BR      ;30/10/2022 18:42:58;         472075;     156454011;           80;                 315566;                                     0,668466;       26757;             104131733;         21390;                82755480;                20803;                       79054940;             5700;                   39524216;                                     0,499959;                      15103;                             39530724;                                     0,500041;                242;                      1158760;                                     0,014002;              345;                    2541780;                                     0,030714
       407;       545;         1;BR      ;30/10/2022 18:42:59;         472075;     156454011;          137;                 315703;                                     0,668756;       44524;             104176257;         36261;                82791741;                35182;                       79090122;            10971;                   39535187;                                     0,499875;                      24211;                             39554935;                                     0,500125;                383;                      1159143;                                     0,014001;              696;                    2542476;                                     0,030709
       407;       545;         1;BR      ;30/10/2022 18:43:02;         472075;     156454011;            2;                 315705;                                     0,668760;         604;             104176861;           504;                82792245;                  495;                       79090617;              219;                   39535406;                                     0,499875;                        276;                             39555211;                                     0,500125;                  3;                      1159146;                                     0,014001;                6;                    2542482;                                     0,030709
       407;       545;         1;BR      ;30/10/2022 18:43:03;         472075;     156454011;           17;                 315722;                                     0,668796;        5275;             104182136;          4337;                82796582;                 4161;                       79094778;             1472;                   39536878;                                     0,499867;                       2689;                             39557900;                                     0,500133;                 53;                      1159199;                                     0,014001;              123;                    2542605;                                     0,030709
       407;       545;         1;BR      ;30/10/2022 18:43:24;         472075;     156454011;          195;                 315917;                                     0,669209;       57757;             104239893;         47633;                82844215;                45944;                       79140722;            32080;                   39568958;                                     0,499982;                      13864;                             39571764;                                     0,500018;                582;                      1159781;                                     0,014000;             1107;                    2543712;                                     0,030705
       407;       545;         1;BR      ;30/10/2022 18:43:25;         472075;     156454011;          221;                 316138;                                     0,669677;       74555;             104314448;         58154;                82902369;                55647;                       79196369;            26189;                   39595147;                                     0,499962;                      29458;                             39601222;                                     0,500038;                843;                      1160624;                                     0,014000;             1664;                    2545376;                                     0,030703
       407;       545;         1;BR      ;30/10/2022 18:43:26;         472075;     156454011;          448;                 316586;                                     0,670626;      169710;             104484158;        131434;                83033803;               126049;                       79322418;            55445;                   39650592;                                     0,499866;                      70604;                             39671826;                                     0,500134;               1610;                      1162234;                                     0,013997;             3775;                    2549151;                                     0,030700
       407;       545;         1;BR      ;30/10/2022 18:43:27;         472075;     156454011;          281;                 316867;                                     0,671222;       94040;             104578198;         76098;                83109901;                73015;                       79395433;            33813;                   39684405;                                     0,499832;                      39202;                             39711028;                                     0,500168;               1015;                      1163249;                                     0,013997;             2068;                    2551219;                                     0,030697
       407;       545;         1;BR      ;30/10/2022 18:43:28;         472075;     156454011;          155;                 317022;                                     0,671550;       49235;             104627433;         38973;                83148874;                37894;                       79433327;            25226;                   39709631;                                     0,499911;                      12668;                             39723696;                                     0,500089;                378;                      1163627;                                     0,013995;              701;                    2551920;                                     0,030691
       407;       545;         1;BR      ;30/10/2022 18:43:29;         472075;     156454011;          109;                 317131;                                     0,671781;       34318;             104661751;         26939;                83175813;                26138;                       79459465;            13813;                   39723444;                                     0,499921;                      12325;                             39736021;                                     0,500079;                271;                      1163898;                                     0,013993;              530;                    2552450;                                     0,030687
       407;       545;         1;BR      ;30/10/2022 18:43:30;         472075;     156454011;           93;                 317224;                                     0,671978;       31058;             104692809;         25132;                83200945;                24207;                       79483672;            11956;                   39735400;                                     0,499919;                      12251;                             39748272;                                     0,500081;                360;                      1164258;                                     0,013993;              565;                    2553015;                                     0,030685
       407;       545;         1;BR      ;30/10/2022 18:43:31;         472075;     156454011;           59;                 317283;                                     0,672103;       20034;             104712843;         15936;                83216881;                15368;                       79499040;             9338;                   39744738;                                     0,499940;                       6030;                             39754302;                                     0,500060;                193;                      1164451;                                     0,013993;              375;                    2553390;                                     0,030684
       407;       545;         1;BR      ;30/10/2022 18:43:32;         472075;     156454011;           41;                 317324;                                     0,672190;       13353;             104726196;         10971;                83227852;                10368;                       79509408;             4061;                   39748799;                                     0,499926;                       6307;                             39760609;                                     0,500074;                183;                      1164634;                                     0,013993;              420;                    2553810;                                     0,030685
       407;       545;         1;BR      ;30/10/2022 18:43:33;         472075;     156454011;          365;                 317689;                                     0,672963;      125743;             104851939;         98855;                83326707;                92310;                       79601718;            48750;                   39797549;                                     0,499958;                      43560;                             39804169;                                     0,500042;               2041;                      1166675;                                     0,014001;             4504;                    2558314;                                     0,030702
       407;       545;         1;BR      ;30/10/2022 18:43:34;         472075;     156454011;          146;                 317835;                                     0,673272;       49499;             104901438;         38707;                83365414;                36701;                       79638419;            17394;                   39814943;                                     0,499946;                      19307;                             39823476;                                     0,500054;                630;                      1167305;                                     0,014002;             1376;                    2559690;                                     0,030704
       407;       545;         1;BR      ;30/10/2022 18:43:35;         472075;     156454011;          157;                 317992;                                     0,673605;       50318;             104951756;         39574;                83404988;                37188;                       79675607;            16612;                   39831555;                                     0,499922;                      20576;                             39844052;                                     0,500078;                696;                      1168001;                                     0,014004;             1690;                    2561380;                                     0,030710
       407;       545;         1;BR      ;30/10/2022 18:43:36;         472075;     156454011;           89;                 318081;                                     0,673793;       30472;             104982228;         23730;                83428718;                22456;                       79698063;             8223;                   39839778;                                     0,499884;                      14233;                             39858285;                                     0,500116;                475;                      1168476;                                     0,014006;              799;                    2562179;                                     0,030711
       407;       545;         1;BR      ;30/10/2022 18:43:37;         472075;     156454011;           93;                 318174;                                     0,673990;       32134;             105014362;         25403;                83454121;                23902;                       79721965;            10845;                   39850623;                                     0,499870;                      13057;                             39871342;                                     0,500130;                495;                      1168971;                                     0,014007;             1006;                    2563185;                                     0,030714
       407;       545;         1;BR      ;30/10/2022 18:43:38;         472075;     156454011;          134;                 318308;                                     0,674274;       44948;             105059310;         35668;                83489789;                33702;                       79755667;            14815;                   39865438;                                     0,499845;                      18887;                             39890229;                                     0,500155;                665;                      1169636;                                     0,014009;             1301;                    2564486;                                     0,030716
       407;       545;         1;BR      ;30/10/2022 18:43:39;         472075;     156454011;           41;                 318349;                                     0,674361;       14173;             105073483;         10677;                83500466;                10150;                       79765817;             3975;                   39869413;                                     0,499831;                       6175;                             39896404;                                     0,500169;                184;                      1169820;                                     0,014010;              343;                    2564829;                                     0,030716
       407;       545;         1;BR      ;30/10/2022 18:43:40;         472075;     156454011;           30;                 318379;                                     0,674425;        9770;             105083253;          7945;                83508411;                 7549;                       79773366;             2073;                   39871486;                                     0,499809;                       5476;                             39901880;                                     0,500191;                122;                      1169942;                                     0,014010;              274;                    2565103;                                     0,030717
       407;       545;         1;BR      ;30/10/2022 18:43:41;         472075;     156454011;           20;                 318399;                                     0,674467;        7000;             105090253;          5541;                83513952;                 5238;                       79778604;             2075;                   39873561;                                     0,499803;                       3163;                             39905043;                                     0,500197;                 97;                      1170039;                                     0,014010;              206;                    2565309;                                     0,030717
       407;       545;         1;BR      ;30/10/2022 18:43:42;         472075;     156454011;          141;                 318540;                                     0,674766;       47422;             105137675;         37103;                83551055;                35158;                       79813762;            13864;                   39887425;                                     0,499756;                      21294;                             39926337;                                     0,500244;                641;                      1170680;                                     0,014012;             1304;                    2566613;                                     0,030719
       407;       545;         1;BR      ;30/10/2022 18:43:43;         472075;     156454011;           32;                 318572;                                     0,674833;       11153;             105148828;          8931;                83559986;                 8437;                       79822199;             3670;                   39891095;                                     0,499749;                       4767;                             39931104;                                     0,500251;                150;                      1170830;                                     0,014012;              344;                    2566957;                                     0,030720
       407;       545;         1;BR      ;30/10/2022 18:43:46;         472075;     156454011;           50;                 318622;                                     0,674939;       15596;             105164424;         11981;                83571967;                11720;                       79833919;             7709;                   39898804;                                     0,499773;                       4011;                             39935115;                                     0,500227;                 96;                      1170926;                                     0,014011;              165;                    2567122;                                     0,030718
       407;       545;         1;BR      ;30/10/2022 18:43:47;         472075;     156454011;          228;                 318850;                                     0,675422;       76115;             105240539;         61549;                83633516;                58105;                       79892024;            41688;                   39940492;                                     0,499931;                      16417;                             39951532;                                     0,500069;                853;                      1171779;                                     0,014011;             2591;                    2569713;                                     0,030726
       407;       545;         1;BR      ;30/10/2022 18:43:48;         472075;     156454011;           83;                 318933;                                     0,675598;       23265;             105263804;         17379;                83650895;                16420;                       79908444;            13146;                   39953638;                                     0,499993;                       3274;                             39954806;                                     0,500007;                228;                      1172007;                                     0,014011;              731;                    2570444;                                     0,030728
       407;       545;         1;BR      ;30/10/2022 18:43:50;         472075;     156454011;          121;                 319054;                                     0,675854;       37738;             105301542;         30831;                83681726;                28740;                       79937184;            20908;                   39974546;                                     0,500074;                       7832;                             39962638;                                     0,499926;                408;                      1172415;                                     0,014010;             1683;                    2572127;                                     0,030737
       407;       545;         1;BR      ;30/10/2022 18:43:51;         472075;     156454011;          172;                 319226;                                     0,676219;       55011;             105356553;         43481;                83725207;                41500;                       79978684;            18873;                   39993419;                                     0,500051;                      22627;                             39985265;                                     0,499949;                800;                      1173215;                                     0,014013;             1181;                    2573308;                                     0,030735
       407;       545;         1;BR      ;30/10/2022 18:43:52;         472075;     156454011;           21;                 319247;                                     0,676263;        6487;             105363040;          5343;                83730550;                 5090;                       79983774;             1708;                   39995127;                                     0,500041;                       3382;                             39988647;                                     0,499959;                100;                      1173315;                                     0,014013;              153;                    2573461;                                     0,030735
       407;       545;         1;BR      ;30/10/2022 18:43:53;         472075;     156454011;           29;                 319276;                                     0,676325;        8592;             105371632;          6737;                83737287;                 6436;                       79990210;             3128;                   39998255;                                     0,500039;                       3308;                             39991955;                                     0,499961;                 69;                      1173384;                                     0,014013;              232;                    2573693;                                     0,030735
       407;       545;         1;BR      ;30/10/2022 18:43:54;         472075;     156454011;          132;                 319408;                                     0,676604;       49040;             105420672;         39321;                83776608;                36734;                       80026944;            20021;                   40018276;                                     0,500060;                      16713;                             40008668;                                     0,499940;                532;                      1173916;                                     0,014012;             2055;                    2575748;                                     0,030745
       407;       545;         1;BR      ;30/10/2022 18:43:55;         472075;     156454011;           71;                 319479;                                     0,676755;       23818;             105444490;         20088;                83796696;                18916;                       80045860;            12652;                   40030928;                                     0,500100;                       6264;                             40014932;                                     0,499900;                267;                      1174183;                                     0,014012;              905;                    2576653;                                     0,030749
       407;       545;         1;BR      ;30/10/2022 18:43:56;         472075;     156454011;          136;                 319615;                                     0,677043;       48879;             105493369;         41421;                83838117;                38716;                       80084576;            24666;                   40055594;                                     0,500166;                      14050;                             40028982;                                     0,499834;                565;                      1174748;                                     0,014012;             2140;                    2578793;                                     0,030759
       407;       545;         1;BR      ;30/10/2022 18:43:58;         472075;     156454011;           72;                 319687;                                     0,677195;       21328;             105514697;         16789;                83854906;                15993;                       80100569;             9626;                   40065220;                                     0,500186;                       6367;                             40035349;                                     0,499814;                165;                      1174913;                                     0,014011;              631;                    2579424;                                     0,030761
       407;       545;         1;BR      ;30/10/2022 18:43:59;         472075;     156454011;          109;                 319796;                                     0,677426;       37725;             105552422;         31063;                83885969;                30016;                       80130585;             9419;                   40074639;                                     0,500117;                      20597;                             40055946;                                     0,499883;                381;                      1175294;                                     0,014011;              666;                    2580090;                                     0,030757
       407;       545;         1;BR      ;30/10/2022 18:44:00;         472075;     156454011;           11;                 319807;                                     0,677450;        3744;             105556166;          3100;                83889069;                 3012;                       80133597;              931;                   40075570;                                     0,500109;                       2081;                             40058027;                                     0,499891;                 41;                      1175335;                                     0,014011;               47;                    2580137;                                     0,030757
       407;       545;         1;BR      ;30/10/2022 18:44:02;         472075;     156454011;            3;                 319810;                                     0,677456;        1054;             105557220;           866;                83889935;                  845;                       80134442;              319;                   40075889;                                     0,500108;                        526;                             40058553;                                     0,499892;                 11;                      1175346;                                     0,014011;               10;                    2580147;                                     0,030756
       407;       545;         1;BR      ;30/10/2022 18:44:03;         472075;     156454011;           45;                 319855;                                     0,677551;       15855;             105573075;         13017;                83902952;                12599;                       80147041;             3939;                   40079828;                                     0,500079;                       8660;                             40067213;                                     0,499921;                170;                      1175516;                                     0,014010;              248;                    2580395;                                     0,030755
       407;       545;         1;BR      ;30/10/2022 18:44:04;         472075;     156454011;           40;                 319895;                                     0,677636;       13064;             105586139;         10805;                83913757;                10511;                       80157552;             3362;                   40083190;                                     0,500055;                       7149;                             40074362;                                     0,499945;                124;                      1175640;                                     0,014010;              170;                    2580565;                                     0,030753
       407;       545;         1;BR      ;30/10/2022 18:44:05;         472075;     156454011;            2;                 319897;                                     0,677640;         525;             105586664;           446;                83914203;                  430;                       80157982;              161;                   40083351;                                     0,500054;                        269;                             40074631;                                     0,499946;                  7;                      1175647;                                     0,014010;                9;                    2580574;                                     0,030753
       407;       545;         1;BR      ;30/10/2022 18:44:08;         472075;     156454011;            2;                 319899;                                     0,677644;         798;             105587462;           638;                83914841;                  613;                       80158595;              292;                   40083643;                                     0,500054;                        321;                             40074952;                                     0,499946;                 11;                      1175658;                                     0,014010;               14;                    2580588;                                     0,030752
       407;       545;         1;BR      ;30/10/2022 18:44:11;         472075;     156454011;            6;                 319905;                                     0,677657;        1504;             105588966;          1287;                83916128;                 1260;                       80159855;              529;                   40084172;                                     0,500053;                        731;                             40075683;                                     0,499947;                 13;                      1175671;                                     0,014010;               14;                    2580602;                                     0,030752
       407;       545;         1;BR      ;30/10/2022 18:44:29;         472075;     156454011;           36;                 319941;                                     0,677733;       12317;             105601283;          9355;                83925483;                 8720;                       80168575;             4853;                   40089025;                                     0,500059;                       3867;                             40079550;                                     0,499941;                128;                      1175799;                                     0,014010;              507;                    2581109;                                     0,030755
       407;       545;         1;BR      ;30/10/2022 18:44:30;         472075;     156454011;          126;                 320067;                                     0,678000;       35282;             105636565;         28771;                83954254;                27722;                       80196297;            20376;                   40109401;                                     0,500140;                       7346;                             40086896;                                     0,499860;                347;                      1176146;                                     0,014009;              702;                    2581811;                                     0,030753
       407;       545;         1;BR      ;30/10/2022 18:44:31;         472075;     156454011;          180;                 320247;                                     0,678382;       59876;             105696441;         47858;                84002112;                45922;                       80242219;            24754;                   40134155;                                     0,500163;                      21168;                             40108064;                                     0,499837;                633;                      1176779;                                     0,014009;             1303;                    2583114;                                     0,030751
       407;       545;         1;BR      ;30/10/2022 18:44:32;         472075;     156454011;          250;                 320497;                                     0,678911;       88899;             105785340;         70352;                84072464;                67485;                       80309704;            28198;                   40162353;                                     0,500093;                      39287;                             40147351;                                     0,499907;                938;                      1177717;                                     0,014008;             1929;                    2585043;                                     0,030748
       407;       545;         1;BR      ;30/10/2022 18:44:33;         472075;     156454011;          288;                 320785;                                     0,679521;      111358;             105896698;         87717;                84160181;                83878;                       80393582;            35937;                   40198290;                                     0,500019;                      47941;                             40195292;                                     0,499981;               1216;                      1178933;                                     0,014008;             2623;                    2587666;                                     0,030747
       407;       545;         1;BR      ;30/10/2022 18:44:34;         472075;     156454011;          177;                 320962;                                     0,679896;       55111;             105951809;         44637;                84204818;                43022;                       80436604;            23616;                   40221906;                                     0,500045;                      19406;                             40214698;                                     0,499955;                544;                      1179477;                                     0,014007;             1071;                    2588737;                                     0,030743
       407;       545;         1;BR      ;30/10/2022 18:44:35;         472075;     156454011;          132;                 321094;                                     0,680176;       42271;             105994080;         32825;                84237643;                31831;                       80468435;            21374;                   40243280;                                     0,500113;                      10457;                             40225155;                                     0,499887;                341;                      1179818;                                     0,014006;              653;                    2589390;                                     0,030739
       407;       545;         1;BR      ;30/10/2022 18:44:36;         472075;     156454011;           45;                 321139;                                     0,680271;       15289;             106009369;         12196;                84249839;                11799;                       80480234;             5108;                   40248388;                                     0,500103;                       6691;                             40231846;                                     0,499897;                166;                      1179984;                                     0,014006;              231;                    2589621;                                     0,030737
       407;       545;         1;BR      ;30/10/2022 18:44:37;         472075;     156454011;           28;                 321167;                                     0,680330;        8466;             106017835;          6732;                84256571;                 6509;                       80486743;             2873;                   40251261;                                     0,500098;                       3636;                             40235482;                                     0,499902;                103;                      1180087;                                     0,014006;              120;                    2589741;                                     0,030736
       407;       545;         1;BR      ;30/10/2022 18:44:38;         472075;     156454011;           89;                 321256;                                     0,680519;       29016;             106046851;         23083;                84279654;                22345;                       80509088;            12101;                   40263362;                                     0,500110;                      10244;                             40245726;                                     0,499890;                221;                      1180308;                                     0,014005;              517;                    2590258;                                     0,030734
       407;       545;         1;BR      ;30/10/2022 18:44:39;         472075;     156454011;          124;                 321380;                                     0,680782;       38520;             106085371;         31044;                84310698;                30036;                       80539124;            21466;                   40284828;                                     0,500190;                       8570;                             40254296;                                     0,499810;                289;                      1180597;                                     0,014003;              719;                    2590977;                                     0,030731
       407;       545;         1;BR      ;30/10/2022 18:44:40;         472075;     156454011;           82;                 321462;                                     0,680955;       29585;             106114956;         23044;                84333742;                22027;                       80561151;             9722;                   40294550;                                     0,500173;                      12305;                             40266601;                                     0,499827;                324;                      1180921;                                     0,014003;              693;                    2591670;                                     0,030731
       407;       545;         1;BR      ;30/10/2022 18:44:41;         472075;     156454011;          481;                 321943;                                     0,681974;      164680;             106279636;        129350;                84463092;               121007;                       80682158;            58740;                   40353290;                                     0,500151;                      62267;                             40328868;                                     0,499849;               2626;                      1183547;                                     0,014013;             5717;                    2597387;                                     0,030752
       407;       545;         1;BR      ;30/10/2022 18:44:42;         472075;     156454011;           73;                 322016;                                     0,682129;       26023;             106305659;         20823;                84483915;                19697;                       80701855;             8404;                   40361694;                                     0,500133;                      11293;                             40340161;                                     0,499867;                396;                      1183943;                                     0,014014;              730;                    2598117;                                     0,030753
       407;       545;         1;BR      ;30/10/2022 18:44:43;         472075;     156454011;          109;                 322125;                                     0,682360;       38599;             106344258;         31195;                84515110;                29223;                       80731078;            12477;                   40374171;                                     0,500107;                      16746;                             40356907;                                     0,499893;                586;                      1184529;                                     0,014016;             1386;                    2599503;                                     0,030758
       407;       545;         1;BR      ;30/10/2022 18:44:44;         472075;     156454011;          103;                 322228;                                     0,682578;       35449;             106379707;         27729;                84542839;                26301;                       80757379;            11629;                   40385800;                                     0,500088;                      14672;                             40371579;                                     0,499912;                477;                      1185006;                                     0,014017;              951;                    2600454;                                     0,030759
       407;       545;         1;BR      ;30/10/2022 18:44:45;         472075;     156454011;          161;                 322389;                                     0,682919;       55847;             106435554;         43547;                84586386;                41260;                       80798639;            16616;                   40402416;                                     0,500038;                      24644;                             40396223;                                     0,499962;                724;                      1185730;                                     0,014018;             1563;                    2602017;                                     0,030762
       407;       545;         1;BR      ;30/10/2022 18:44:46;         472075;     156454011;           84;                 322473;                                     0,683097;       31037;             106466591;         24085;                84610471;                22717;                       80821356;            10117;                   40412533;                                     0,500023;                      12600;                             40408823;                                     0,499977;                420;                      1186150;                                     0,014019;              948;                    2602965;                                     0,030764
       407;       545;         1;BR      ;30/10/2022 18:44:47;         472075;     156454011;           23;                 322496;                                     0,683146;        8373;             106474964;          6396;                84616867;                 6090;                       80827446;             1806;                   40414339;                                     0,500008;                       4284;                             40413107;                                     0,499992;                112;                      1186262;                                     0,014019;              194;                    2603159;                                     0,030764
       407;       545;         1;BR      ;30/10/2022 18:44:48;         472075;     156454011;           21;                 322517;                                     0,683190;        7060;             106482024;          5390;                84622257;                 5118;                       80832564;             1905;                   40416244;                                     0,500000;                       3213;                             40416320;                                     0,500000;                 80;                      1186342;                                     0,014019;              192;                    2603351;                                     0,030764
       407;       545;         1;BR      ;30/10/2022 18:44:50;         472075;     156454011;            1;                 322518;                                     0,683192;         388;             106482412;           325;                84622582;                  314;                       80832878;              219;                   40416463;                                     0,500000;                         95;                             40416415;                                     0,500000;                  3;                      1186345;                                     0,014019;                8;                    2603359;                                     0,030764
       407;       545;         1;BR      ;30/10/2022 18:44:51;         472075;     156454011;           85;                 322603;                                     0,683372;       26211;             106508623;         20084;                84642666;                19639;                       80852517;            11575;                   40428038;                                     0,500022;                       8064;                             40424479;                                     0,499978;                142;                      1186487;                                     0,014018;              303;                    2603662;                                     0,030761
       407;       545;         1;BR      ;30/10/2022 18:44:52;         472075;     156454011;          143;                 322746;                                     0,683675;       45218;             106553841;         36137;                84678803;                34268;                       80886785;            23001;                   40451039;                                     0,500095;                      11267;                             40435746;                                     0,499905;                457;                      1186944;                                     0,014017;             1412;                    2605074;                                     0,030764
       407;       545;         1;BR      ;30/10/2022 18:44:53;         472075;     156454011;          133;                 322879;                                     0,683957;       43333;             106597174;         35175;                84713978;                33080;                       80919865;            22988;                   40474027;                                     0,500174;                      10092;                             40445838;                                     0,499826;                489;                      1187433;                                     0,014017;             1606;                    2606680;                                     0,030770
       407;       545;         1;BR      ;30/10/2022 18:44:54;         472075;     156454011;            5;                 322884;                                     0,683968;        1505;             106598679;          1147;                84715125;                 1095;                       80920960;              653;                   40474680;                                     0,500175;                        442;                             40446280;                                     0,499825;                 16;                      1187449;                                     0,014017;               36;                    2606716;                                     0,030770
       407;       545;         1;BR      ;30/10/2022 18:44:55;         472075;     156454011;           63;                 322947;                                     0,684101;       19442;             106618121;         16197;                84731322;                15047;                       80936007;            10743;                   40485423;                                     0,500215;                       4304;                             40450584;                                     0,499785;                271;                      1187720;                                     0,014017;              879;                    2607595;                                     0,030775
       407;       545;         1;BR      ;30/10/2022 18:44:56;         472075;     156454011;          104;                 323051;                                     0,684321;       33945;             106652066;         26615;                84757937;                25442;                       80961449;            10978;                   40496401;                                     0,500194;                      14464;                             40465048;                                     0,499806;                508;                      1188228;                                     0,014019;              665;                    2608260;                                     0,030773
       407;       545;         1;BR      ;30/10/2022 18:44:57;         472075;     156454011;            7;                 323058;                                     0,684336;        1819;             106653885;          1515;                84759452;                 1443;                       80962892;              825;                   40497226;                                     0,500195;                        618;                             40465666;                                     0,499805;                 28;                      1188256;                                     0,014019;               44;                    2608304;                                     0,030773
       407;       545;         1;BR      ;30/10/2022 18:44:58;         472075;     156454011;           10;                 323068;                                     0,684357;        2985;             106656870;          2580;                84762032;                 2480;                       80965372;              940;                   40498166;                                     0,500191;                       1540;                             40467206;                                     0,499809;                 30;                      1188286;                                     0,014019;               70;                    2608374;                                     0,030773
       407;       545;         1;BR      ;30/10/2022 18:44:59;         472075;     156454011;           43;                 323111;                                     0,684448;       12155;             106669025;          9544;                84771576;                 9106;                       80974478;             6819;                   40504985;                                     0,500219;                       2287;                             40469493;                                     0,499781;                111;                      1188397;                                     0,014019;              327;                    2608701;                                     0,030773
       407;       545;         1;BR      ;30/10/2022 18:45:00;         472075;     156454011;           38;                 323149;                                     0,684529;       12946;             106681971;         10590;                84782166;                 9827;                       80984305;             6628;                   40511613;                                     0,500240;                       3199;                             40472692;                                     0,499760;                145;                      1188542;                                     0,014019;              618;                    2609319;                                     0,030777
       407;       545;         1;BR      ;30/10/2022 18:45:01;         472075;     156454011;           24;                 323173;                                     0,684580;        7944;             106689915;          6597;                84788763;                 6226;                       80990531;             4140;                   40515753;                                     0,500253;                       2086;                             40474778;                                     0,499747;                 64;                      1188606;                                     0,014018;              307;                    2609626;                                     0,030778
       407;       545;         1;BR      ;30/10/2022 18:45:02;         472075;     156454011;           22;                 323195;                                     0,684626;        6295;             106696210;          5172;                84793935;                 4864;                       80995395;             3636;                   40519389;                                     0,500268;                       1228;                             40476006;                                     0,499732;                 64;                      1188670;                                     0,014018;              244;                    2609870;                                     0,030779
       407;       545;         1;BR      ;30/10/2022 18:45:03;         472075;     156454011;           94;                 323289;                                     0,684826;       34525;             106730735;         29286;                84823221;                27527;                       81022922;            16065;                   40535454;                                     0,500296;                      11462;                             40487468;                                     0,499704;                393;                      1189063;                                     0,014018;             1366;                    2611236;                                     0,030784
       407;       545;         1;BR      ;30/10/2022 18:45:04;         472075;     156454011;           10;                 323299;                                     0,684847;        3111;             106733846;          2266;                84825487;                 2164;                       81025086;              802;                   40536256;                                     0,500293;                       1362;                             40488830;                                     0,499707;                 21;                      1189084;                                     0,014018;               81;                    2611317;                                     0,030785
       407;       545;         1;BR      ;30/10/2022 18:45:05;         472075;     156454011;           34;                 323333;                                     0,684919;        9586;             106743432;          7443;                84832930;                 7099;                       81032185;             3766;                   40540022;                                     0,500295;                       3333;                             40492163;                                     0,499705;                 94;                      1189178;                                     0,014018;              250;                    2611567;                                     0,030785
       407;       545;         1;BR      ;30/10/2022 18:45:06;         472075;     156454011;           70;                 323403;                                     0,685067;       21330;             106764762;         17233;                84850163;                16524;                       81048709;             6797;                   40546819;                                     0,500277;                       9727;                             40501890;                                     0,499723;                233;                      1189411;                                     0,014018;              476;                    2612043;                                     0,030784
       407;       545;         1;BR      ;30/10/2022 18:45:07;         472075;     156454011;           34;                 323437;                                     0,685139;       11840;             106776602;          9792;                84859955;                 9481;                       81058190;             2611;                   40549430;                                     0,500251;                       6870;                             40508760;                                     0,499749;                117;                      1189528;                                     0,014018;              194;                    2612237;                                     0,030783
       407;       545;         1;BR      ;30/10/2022 18:45:08;         472075;     156454011;            1;                 323438;                                     0,685141;         373;             106776975;           327;                84860282;                  318;                       81058508;               63;                   40549493;                                     0,500250;                        255;                             40509015;                                     0,499750;                  3;                      1189531;                                     0,014018;                6;                    2612243;                                     0,030783
       407;       545;         1;BR      ;30/10/2022 18:45:09;         472075;     156454011;           11;                 323449;                                     0,685164;        3695;             106780670;          3013;                84863295;                 2915;                       81061423;              956;                   40550449;                                     0,500243;                       1959;                             40510974;                                     0,499757;                 38;                      1189569;                                     0,014017;               60;                    2612303;                                     0,030782
       407;       545;         1;BR      ;30/10/2022 18:45:10;         472075;     156454011;           30;                 323479;                                     0,685228;        8677;             106789347;          7274;                84870569;                 7060;                       81068483;             2070;                   40552519;                                     0,500225;                       4990;                             40515964;                                     0,499775;                 91;                      1189660;                                     0,014017;              123;                    2612426;                                     0,030781
       407;       545;         1;BR      ;30/10/2022 18:45:11;         472075;     156454011;           35;                 323514;                                     0,685302;       11739;             106801086;          9817;                84880386;                 9506;                       81077989;             2968;                   40555487;                                     0,500203;                       6538;                             40522502;                                     0,499797;                111;                      1189771;                                     0,014017;              200;                    2612626;                                     0,030780
       407;       545;         1;BR      ;30/10/2022 18:45:12;         472075;     156454011;           14;                 323528;                                     0,685332;        3751;             106804837;          3128;                84883514;                 2983;                       81080972;             1324;                   40556811;                                     0,500201;                       1659;                             40524161;                                     0,499799;                 56;                      1189827;                                     0,014017;               89;                    2612715;                                     0,030780
       407;       545;         1;BR      ;30/10/2022 18:45:37;         472075;     156454011;          236;                 323764;                                     0,685832;       70776;             106875613;         58259;                84941773;                56306;                       81137278;            38896;                   40595707;                                     0,500334;                      17410;                             40541571;                                     0,499666;                646;                      1190473;                                     0,014015;             1307;                    2614022;                                     0,030774
       407;       545;         1;BR      ;30/10/2022 18:45:38;         472075;     156454011;          260;                 324024;                                     0,686382;       94162;             106969775;         74335;                85016108;                71043;                       81208321;            35489;                   40631196;                                     0,500333;                      35554;                             40577125;                                     0,499667;               1109;                      1191582;                                     0,014016;             2183;                    2616205;                                     0,030773
       407;       545;         1;BR      ;30/10/2022 18:45:39;         472075;     156454011;          251;                 324275;                                     0,686914;       78896;             107048671;         62666;                85078774;                60194;                       81268515;            28146;                   40659342;                                     0,500309;                      32048;                             40609173;                                     0,499691;                818;                      1192400;                                     0,014015;             1654;                    2617859;                                     0,030770
       407;       545;         1;BR      ;30/10/2022 18:45:40;         472075;     156454011;          570;                 324845;                                     0,688122;      217640;             107266311;        167847;                85246621;               160665;                       81429180;            69964;                   40729306;                                     0,500181;                      90701;                             40699874;                                     0,499819;               2166;                      1194566;                                     0,014013;             5016;                    2622875;                                     0,030768
       407;       545;         1;BR      ;30/10/2022 18:45:41;         472075;     156454011;          323;                 325168;                                     0,688806;      110430;             107376741;         88966;                85335587;                85333;                       81514513;            37947;                   40767253;                                     0,500123;                      47386;                             40747260;                                     0,499877;               1211;                      1195777;                                     0,014013;             2422;                    2625297;                                     0,030764
       407;       545;         1;BR      ;30/10/2022 18:45:42;         472075;     156454011;          146;                 325314;                                     0,689115;       44847;             107421588;         35947;                85371534;                34868;                       81549381;            23197;                   40790450;                                     0,500193;                      11671;                             40758931;                                     0,499807;                378;                      1196155;                                     0,014011;              701;                    2625998;                                     0,030760
       407;       545;         1;BR      ;30/10/2022 18:45:43;         472075;     156454011;          174;                 325488;                                     0,689484;       54882;             107476470;         43955;                85415489;                42648;                       81592029;            24977;                   40815427;                                     0,500238;                      17671;                             40776602;                                     0,499762;                531;                      1196686;                                     0,014010;              776;                    2626774;                                     0,030753
       407;       545;         1;BR      ;30/10/2022 18:45:44;         472075;     156454011;          184;                 325672;                                     0,689873;       63346;             107539816;         50494;                85465983;                48845;                       81640874;            21760;                   40837187;                                     0,500205;                      27085;                             40803687;                                     0,499795;                630;                      1197316;                                     0,014009;             1019;                    2627793;                                     0,030747
       407;       545;         1;BR      ;30/10/2022 18:45:45;         472075;     156454011;          117;                 325789;                                     0,690121;       35571;             107575387;         29113;                85495096;                28183;                       81669057;            19282;                   40856469;                                     0,500269;                       8901;                             40812588;                                     0,499731;                258;                      1197574;                                     0,014008;              672;                    2628465;                                     0,030744
       407;       545;         1;BR      ;30/10/2022 18:45:46;         472075;     156454011;           56;                 325845;                                     0,690240;       18770;             107594157;         14559;                85509655;                14033;                       81683090;             5959;                   40862428;                                     0,500256;                       8074;                             40820662;                                     0,499744;                178;                      1197752;                                     0,014007;              348;                    2628813;                                     0,030743
       407;       545;         1;BR      ;30/10/2022 18:45:47;         472075;     156454011;           51;                 325896;                                     0,690348;       17964;             107612121;         14581;                85524236;                13808;                       81696898;             5812;                   40868240;                                     0,500242;                       7996;                             40828658;                                     0,499758;                236;                      1197988;                                     0,014008;              537;                    2629350;                                     0,030744
       407;       545;         1;BR      ;30/10/2022 18:45:48;         472075;     156454011;          541;                 326437;                                     0,691494;      190445;             107802566;        150051;                85674287;               140259;                       81837157;            71789;                   40940029;                                     0,500262;                      68470;                             40897128;                                     0,499738;               3048;                      1201036;                                     0,014019;             6744;                    2636094;                                     0,030769
       407;       545;         1;BR      ;30/10/2022 18:45:49;         472075;     156454011;          233;                 326670;                                     0,691988;       77708;             107880274;         62139;                85736426;                58505;                       81895662;            26385;                   40966414;                                     0,500227;                      32120;                             40929248;                                     0,499773;               1121;                      1202157;                                     0,014022;             2513;                    2638607;                                     0,030776
       407;       545;         1;BR      ;30/10/2022 18:45:50;         472075;     156454011;          306;                 326976;                                     0,692636;      107107;             107987381;         86430;                85822856;                81201;                       81976863;            34035;                   41000449;                                     0,500147;                      47166;                             40976414;                                     0,499853;               1572;                      1203729;                                     0,014026;             3657;                    2642264;                                     0,030787
       407;       545;         1;BR      ;30/10/2022 18:45:51;         472075;     156454011;          125;                 327101;                                     0,692900;       42844;             108030225;         33474;                85856330;                31598;                       82008461;            15791;                   41016240;                                     0,500146;                      15807;                             40992221;                                     0,499854;                580;                      1204309;                                     0,014027;             1296;                    2643560;                                     0,030791
       407;       545;         1;BR      ;30/10/2022 18:45:52;         472075;     156454011;          165;                 327266;                                     0,693250;       53577;             108083802;         41885;                85898215;                39734;                       82048195;            14892;                   41031132;                                     0,500086;                      24842;                             41017063;                                     0,499914;                723;                      1205032;                                     0,014029;             1428;                    2644988;                                     0,030792
       407;       545;         1;BR      ;30/10/2022 18:45:53;         472075;     156454011;          198;                 327464;                                     0,693669;       70628;             108154430;         54657;                85952872;                51574;                       82099769;            21649;                   41052781;                                     0,500035;                      29925;                             41046988;                                     0,499965;               1021;                      1206053;                                     0,014032;             2062;                    2647050;                                     0,030797
       407;       545;         1;BR      ;30/10/2022 18:45:54;         472075;     156454011;            6;                 327470;                                     0,693682;        2031;             108156461;          1631;                85954503;                 1559;                       82101328;              465;                   41053246;                                     0,500031;                       1094;                             41048082;                                     0,499969;                 26;                      1206079;                                     0,014032;               46;                    2647096;                                     0,030796
       407;       545;         1;BR      ;30/10/2022 18:45:58;         472075;     156454011;          198;                 327668;                                     0,694102;       63673;             108220134;         48790;                86003293;                47440;                       82148768;            26277;                   41079523;                                     0,500063;                      21163;                             41069245;                                     0,499937;                430;                      1206509;                                     0,014029;              920;                    2648016;                                     0,030790
       407;       545;         1;BR      ;30/10/2022 18:45:59;         472075;     156454011;          353;                 328021;                                     0,694849;      119463;             108339597;         97639;                86100932;                91992;                       82240760;            63144;                   41142667;                                     0,500271;                      28848;                             41098093;                                     0,499729;               1365;                      1207874;                                     0,014029;             4282;                    2652298;                                     0,030805
       407;       545;         1;BR      ;30/10/2022 18:46:00;         472075;     156454011;          157;                 328178;                                     0,695182;       45812;             108385409;         35691;                86136623;                33784;                       82274544;            25292;                   41167959;                                     0,500373;                       8492;                             41106585;                                     0,499627;                444;                      1208318;                                     0,014028;             1463;                    2653761;                                     0,030809
       407;       545;         1;BR      ;30/10/2022 18:46:01;         472075;     156454011;           11;                 328189;                                     0,695205;        3523;             108388932;          2663;                86139286;                 2549;                       82277093;             1801;                   41169760;                                     0,500379;                        748;                             41107333;                                     0,499621;                 26;                      1208344;                                     0,014028;               88;                    2653849;                                     0,030809
       407;       545;         1;BR      ;30/10/2022 18:46:02;         472075;     156454011;            3;                 328192;                                     0,695212;        1064;             108389996;           856;                86140142;                  807;                       82277900;              518;                   41170278;                                     0,500381;                        289;                             41107622;                                     0,499619;                  9;                      1208353;                                     0,014028;               40;                    2653889;                                     0,030809
       407;       545;         1;BR      ;30/10/2022 18:46:03;         472075;     156454011;          176;                 328368;                                     0,695584;       55948;             108445944;         45065;                86185207;                42293;                       82320193;            26422;                   41196700;                                     0,500445;                      15871;                             41123493;                                     0,499555;                753;                      1209106;                                     0,014029;             2019;                    2655908;                                     0,030816
       407;       545;         1;BR      ;30/10/2022 18:46:04;         472075;     156454011;          198;                 328566;                                     0,696004;       62746;             108508690;         49838;                86235045;                47553;                       82367746;            21366;                   41218066;                                     0,500415;                      26187;                             41149680;                                     0,499585;                930;                      1210036;                                     0,014032;             1355;                    2657263;                                     0,030814
       407;       545;         1;BR      ;30/10/2022 18:46:05;         472075;     156454011;           20;                 328586;                                     0,696046;        5526;             108514216;          4543;                86239588;                 4361;                       82372107;             2156;                   41220222;                                     0,500415;                       2205;                             41151885;                                     0,499585;                 65;                      1210101;                                     0,014032;              117;                    2657380;                                     0,030814
       407;       545;         1;BR      ;30/10/2022 18:46:06;         472075;     156454011;           33;                 328619;                                     0,696116;        8962;             108523178;          7618;                86247206;                 7319;                       82379426;             2922;                   41223144;                                     0,500406;                       4397;                             41156282;                                     0,499594;                124;                      1210225;                                     0,014032;              175;                    2657555;                                     0,030813
       407;       545;         1;BR      ;30/10/2022 18:46:07;         472075;     156454011;           65;                 328684;                                     0,696254;       20714;             108543892;         15877;                86263083;                15129;                       82394555;             8900;                   41232044;                                     0,500422;                       6229;                             41162511;                                     0,499578;                154;                      1210379;                                     0,014031;              594;                    2658149;                                     0,030814
       407;       545;         1;BR      ;30/10/2022 18:46:08;         472075;     156454011;          247;                 328931;                                     0,696777;       88662;             108632554;         70789;                86333872;                66032;                       82460587;            37203;                   41269247;                                     0,500472;                      28829;                             41191340;                                     0,499528;                954;                      1211333;                                     0,014031;             3803;                    2661952;                                     0,030833
       407;       545;         1;BR      ;30/10/2022 18:46:09;         472075;     156454011;          341;                 329272;                                     0,697499;      118309;             108750863;         99211;                86433083;                93115;                       82553702;            58837;                   41328084;                                     0,500621;                      34278;                             41225618;                                     0,499379;               1351;                      1212684;                                     0,014030;             4745;                    2666697;                                     0,030853
       407;       545;         1;BR      ;30/10/2022 18:46:11;         472075;     156454011;            7;                 329279;                                     0,697514;        2601;             108753464;          2041;                86435124;                 1912;                       82555614;             1381;                   41329465;                                     0,500626;                        531;                             41226149;                                     0,499374;                 23;                      1212707;                                     0,014030;              106;                    2666803;                                     0,030853
       407;       545;         1;BR      ;30/10/2022 18:46:12;         472075;     156454011;           53;                 329332;                                     0,697626;       15407;             108768871;         11629;                86446753;                11188;                       82566802;             4456;                   41333921;                                     0,500612;                       6732;                             41232881;                                     0,499388;                113;                      1212820;                                     0,014030;              328;                    2667131;                                     0,030853
       407;       545;         1;BR      ;30/10/2022 18:46:13;         472075;     156454011;          130;                 329462;                                     0,697902;       39741;             108808612;         31625;                86478378;                30008;                       82596810;            17922;                   41351843;                                     0,500647;                      12086;                             41244967;                                     0,499353;                409;                      1213229;                                     0,014029;             1208;                    2668339;                                     0,030856
       407;       545;         1;BR      ;30/10/2022 18:46:14;         472075;     156454011;           86;                 329548;                                     0,698084;       29642;             108838254;         24300;                86502678;                23449;                       82620259;             7768;                   41359611;                                     0,500599;                      15681;                             41260648;                                     0,499401;                313;                      1213542;                                     0,014029;              538;                    2668877;                                     0,030853
       407;       545;         1;BR      ;30/10/2022 18:46:15;         472075;     156454011;           24;                 329572;                                     0,698135;        9040;             108847294;          7284;                86509962;                 7079;                       82627338;             2030;                   41361641;                                     0,500581;                       5049;                             41265697;                                     0,499419;                 86;                      1213628;                                     0,014029;              119;                    2668996;                                     0,030852
       407;       545;         1;BR      ;30/10/2022 18:46:16;         472075;     156454011;           24;                 329596;                                     0,698186;        7240;             108854534;          5890;                86515852;                 5693;                       82633031;             1848;                   41363489;                                     0,500568;                       3845;                             41269542;                                     0,499432;                 75;                      1213703;                                     0,014029;              122;                    2669118;                                     0,030851
       407;       545;         1;BR      ;30/10/2022 18:46:17;         472075;     156454011;          178;                 329774;                                     0,698563;       60399;             108914933;         49911;                86565763;                48338;                       82681369;            14104;                   41377593;                                     0,500446;                      34234;                             41303776;                                     0,499554;                582;                      1214285;                                     0,014027;              991;                    2670109;                                     0,030845
       407;       545;         1;BR      ;30/10/2022 18:46:18;         472075;     156454011;           28;                 329802;                                     0,698622;        9285;             108924218;          7917;                86573680;                 7694;                       82689063;             2285;                   41379878;                                     0,500427;                       5409;                             41309185;                                     0,499573;                 87;                      1214372;                                     0,014027;              136;                    2670245;                                     0,030844
       407;       545;         1;BR      ;30/10/2022 18:46:19;         472075;     156454011;           17;                 329819;                                     0,698658;        5677;             108929895;          4685;                86578365;                 4555;                       82693618;             1703;                   41381581;                                     0,500420;                       2852;                             41312037;                                     0,499580;                 57;                      1214429;                                     0,014027;               73;                    2670318;                                     0,030843
       407;       545;         1;BR      ;30/10/2022 18:46:20;         472075;     156454011;            5;                 329824;                                     0,698669;        1416;             108931311;          1168;                86579533;                 1137;                       82694755;              341;                   41381922;                                     0,500418;                        796;                             41312833;                                     0,499582;                 12;                      1214441;                                     0,014027;               19;                    2670337;                                     0,030843
       407;       545;         1;BR      ;30/10/2022 18:46:43;         472075;     156454011;           92;                 329916;                                     0,698864;       29979;             108961290;         22356;                86601889;                21219;                       82715974;            13132;                   41395054;                                     0,500448;                       8087;                             41320920;                                     0,499552;                222;                      1214663;                                     0,014026;              915;                    2671252;                                     0,030845
       407;       545;         1;BR      ;30/10/2022 18:46:44;         472075;     156454011;          153;                 330069;                                     0,699188;       42412;             109003702;         34975;                86636864;                33777;                       82749751;            23156;                   41418210;                                     0,500524;                      10621;                             41331541;                                     0,499476;                447;                      1215110;                                     0,014025;              751;                    2672003;                                     0,030841
       407;       545;         1;BR      ;30/10/2022 18:46:45;         472075;     156454011;          305;                 330374;                                     0,699834;      106743;             109110445;         85311;                86722175;                81497;                       82831248;            43291;                   41461501;                                     0,500554;                      38206;                             41369747;                                     0,499446;               1228;                      1216338;                                     0,014026;             2586;                    2674589;                                     0,030841
       407;       545;         1;BR      ;30/10/2022 18:46:46;         472075;     156454011;          619;                 330993;                                     0,701145;      237276;             109347721;        183819;                86905994;               176128;                       83007376;            80111;                   41541612;                                     0,500457;                      96017;                             41465764;                                     0,499543;               2348;                      1218686;                                     0,014023;             5343;                    2679932;                                     0,030837
       407;       545;         1;BR      ;30/10/2022 18:46:47;         472075;     156454011;          160;                 331153;                                     0,701484;       55770;             109403491;         43385;                86949379;                41783;                       83049159;            17192;                   41558804;                                     0,500412;                      24591;                             41490355;                                     0,499588;                550;                      1219236;                                     0,014022;             1052;                    2680984;                                     0,030834
       407;       545;         1;BR      ;30/10/2022 18:46:48;         472075;     156454011;          251;                 331404;                                     0,702016;       81867;             109485358;         65993;                87015372;                63133;                       83112292;            29845;                   41588649;                                     0,500391;                      33288;                             41523643;                                     0,499609;                933;                      1220169;                                     0,014022;             1927;                    2682911;                                     0,030833
       407;       545;         1;BR      ;30/10/2022 18:46:49;         472075;     156454011;          108;                 331512;                                     0,702244;       35253;             109520611;         28448;                87043820;                27256;                       83139548;            12743;                   41601392;                                     0,500380;                      14513;                             41538156;                                     0,499620;                405;                      1220574;                                     0,014023;              787;                    2683698;                                     0,030832
       407;       545;         1;BR      ;30/10/2022 18:46:50;         472075;     156454011;          217;                 331729;                                     0,702704;       70391;             109591002;         58465;                87102285;                56370;                       83195918;            35973;                   41637365;                                     0,500474;                      20397;                             41558553;                                     0,499526;                663;                      1221237;                                     0,014021;             1432;                    2685130;                                     0,030827
       407;       545;         1;BR      ;30/10/2022 18:46:51;         472075;     156454011;          134;                 331863;                                     0,702988;       40106;             109631108;         30678;                87132963;                29796;                       83225714;            21934;                   41659299;                                     0,500558;                       7862;                             41566415;                                     0,499442;                275;                      1221512;                                     0,014019;              607;                    2685737;                                     0,030823
       407;       545;         1;BR      ;30/10/2022 18:46:52;         472075;     156454011;          164;                 332027;                                     0,703335;       52113;             109683221;         41408;                87174371;                40168;                       83265882;            23051;                   41682350;                                     0,500593;                      17117;                             41583532;                                     0,499407;                509;                      1222021;                                     0,014018;              731;                    2686468;                                     0,030817
       407;       545;         1;BR      ;30/10/2022 18:46:53;         472075;     156454011;          148;                 332175;                                     0,703649;       48471;             109731692;         39130;                87213501;                37829;                       83303711;            17778;                   41700128;                                     0,500579;                      20051;                             41603583;                                     0,499421;                468;                      1222489;                                     0,014017;              833;                    2687301;                                     0,030813
       407;       545;         1;BR      ;30/10/2022 18:46:54;         472075;     156454011;           66;                 332241;                                     0,703789;       19964;             109751656;         15659;                87229160;                15155;                       83318866;            10370;                   41710498;                                     0,500613;                       4785;                             41608368;                                     0,499387;                144;                      1222633;                                     0,014016;              360;                    2687661;                                     0,030811
       407;       545;         1;BR      ;30/10/2022 18:46:55;         472075;     156454011;           89;                 332330;                                     0,703977;       26296;             109777952;         21007;                87250167;                20433;                       83339299;            12127;                   41722625;                                     0,500636;                       8306;                             41616674;                                     0,499364;                188;                      1222821;                                     0,014015;              386;                    2688047;                                     0,030809
       407;       545;         1;BR      ;30/10/2022 18:46:56;         472075;     156454011;           97;                 332427;                                     0,704183;       29842;             109807794;         23505;                87273672;                22814;                       83362113;             9251;                   41731876;                                     0,500610;                      13563;                             41630237;                                     0,499390;                236;                      1223057;                                     0,014014;              455;                    2688502;                                     0,030805
       407;       545;         1;BR      ;30/10/2022 18:46:57;         472075;     156454011;          480;                 332907;                                     0,705199;      169391;             109977185;        133530;                87407202;               124613;                       83486726;            62833;                   41794709;                                     0,500615;                      61780;                             41692017;                                     0,499385;               2705;                      1225762;                                     0,014024;             6212;                    2694714;                                     0,030829
       407;       545;         1;BR      ;30/10/2022 18:46:58;         472075;     156454011;          127;                 333034;                                     0,705468;       41764;             110018949;         33031;                87440233;                31251;                       83517977;            12403;                   41807112;                                     0,500576;                      18848;                             41710865;                                     0,499424;                549;                      1226311;                                     0,014025;             1231;                    2695945;                                     0,030832
       407;       545;         1;BR      ;30/10/2022 18:46:59;         472075;     156454011;          177;                 333211;                                     0,705843;       60738;             110079687;         48888;                87489121;                46005;                       83563982;            21012;                   41828124;                                     0,500552;                      24993;                             41735858;                                     0,499448;                938;                      1227249;                                     0,014027;             1945;                    2697890;                                     0,030837
       407;       545;         1;BR      ;30/10/2022 18:47:00;         472075;     156454011;          152;                 333363;                                     0,706165;       51286;             110130973;         41720;                87530841;                39267;                       83603249;            16217;                   41844341;                                     0,500511;                      23050;                             41758908;                                     0,499489;                708;                      1227957;                                     0,014029;             1745;                    2699635;                                     0,030842
       407;       545;         1;BR      ;30/10/2022 18:47:01;         472075;     156454011;          177;                 333540;                                     0,706540;       58262;             110189235;         45970;                87576811;                43656;                       83646905;            22413;                   41866754;                                     0,500518;                      21243;                             41780151;                                     0,499482;                715;                      1228672;                                     0,014030;             1599;                    2701234;                                     0,030844
       407;       545;         1;BR      ;30/10/2022 18:47:02;         472075;     156454011;          222;                 333762;                                     0,707011;       76753;             110265988;         60015;                87636826;                56794;                       83703699;            22681;                   41889435;                                     0,500449;                      34113;                             41814264;                                     0,499551;               1122;                      1229794;                                     0,014033;             2099;                    2703333;                                     0,030847
       407;       545;         1;BR      ;30/10/2022 18:47:03;         472075;     156454011;          112;                 333874;                                     0,707248;       39374;             110305362;         31001;                87667827;                29238;                       83732937;            12745;                   41902180;                                     0,500426;                      16493;                             41830757;                                     0,499574;                564;                      1230358;                                     0,014034;             1199;                    2704532;                                     0,030850
       407;       545;         1;BR      ;30/10/2022 18:47:04;         472075;     156454011;            4;                 333878;                                     0,707256;         991;             110306353;           871;                87668698;                  844;                       83733781;              465;                   41902645;                                     0,500427;                        379;                             41831136;                                     0,499573;                  9;                      1230367;                                     0,014034;               18;                    2704550;                                     0,030850
       407;       545;         1;BR      ;30/10/2022 18:47:07;         472075;     156454011;           46;                 333924;                                     0,707354;       14086;             110320439;         10895;                87679593;                10624;                       83744405;             5984;                   41908629;                                     0,500435;                       4640;                             41835776;                                     0,499565;                109;                      1230476;                                     0,014034;              162;                    2704712;                                     0,030848
       407;       545;         1;BR      ;30/10/2022 18:47:08;         472075;     156454011;          164;                 334088;                                     0,707701;       53827;             110374266;         42333;                87721926;                40723;                       83785128;            25800;                   41934429;                                     0,500500;                      14923;                             41850699;                                     0,499500;                453;                      1230929;                                     0,014032;             1157;                    2705869;                                     0,030846
       407;       545;         1;BR      ;30/10/2022 18:47:09;         472075;     156454011;          185;                 334273;                                     0,708093;       61788;             110436054;         49532;                87771458;                46450;                       83831578;            33094;                   41967523;                                     0,500617;                      13356;                             41864055;                                     0,499383;                693;                      1231622;                                     0,014032;             2389;                    2708258;                                     0,030856
       407;       545;         1;BR      ;30/10/2022 18:47:10;         472075;     156454011;          117;                 334390;                                     0,708341;       34249;             110470303;         26234;                87797692;                24932;                       83856510;            18915;                   41986438;                                     0,500694;                       6017;                             41870072;                                     0,499306;                281;                      1231903;                                     0,014031;             1021;                    2709279;                                     0,030858
       407;       545;         1;BR      ;30/10/2022 18:47:11;         472075;     156454011;            5;                 334395;                                     0,708351;        1288;             110471591;          1016;                87798708;                  959;                       83857469;              628;                   41987066;                                     0,500696;                        331;                             41870403;                                     0,499304;                 10;                      1231913;                                     0,014031;               47;                    2709326;                                     0,030858
       407;       545;         1;BR      ;30/10/2022 18:47:12;         472075;     156454011;           67;                 334462;                                     0,708493;       20312;             110491903;         16764;                87815472;                15654;                       83873123;            10488;                   41997554;                                     0,500727;                       5166;                             41875569;                                     0,499273;                250;                      1232163;                                     0,014031;              860;                    2710186;                                     0,030862
       407;       545;         1;BR      ;30/10/2022 18:47:13;         472075;     156454011;          278;                 334740;                                     0,709082;       88716;             110580619;         71523;                87886995;                68262;                       83941385;            31861;                   42029415;                                     0,500700;                      36401;                             41911970;                                     0,499300;               1276;                      1233439;                                     0,014034;             1985;                    2712171;                                     0,030860
       407;       545;         1;BR      ;30/10/2022 18:47:14;         472075;     156454011;           41;                 334781;                                     0,709169;       11844;             110592463;          9794;                87896789;                 9288;                       83950673;             5335;                   42034750;                                     0,500708;                       3953;                             41915923;                                     0,499292;                135;                      1233574;                                     0,014034;              371;                    2712542;                                     0,030861
       407;       545;         1;BR      ;30/10/2022 18:47:16;         472075;     156454011;           83;                 334864;                                     0,709345;       30358;             110622821;         24000;                87920789;                22341;                       83973014;            11675;                   42046425;                                     0,500714;                      10666;                             41926589;                                     0,499286;                360;                      1233934;                                     0,014035;             1299;                    2713841;                                     0,030867
       407;       545;         1;BR      ;30/10/2022 18:47:17;         472075;     156454011;           60;                 334924;                                     0,709472;       21551;             110644372;         17712;                87938501;                16568;                       83989582;            10310;                   42056735;                                     0,500738;                       6258;                             41932847;                                     0,499262;                244;                      1234178;                                     0,014035;              900;                    2714741;                                     0,030871
       407;       545;         1;BR      ;30/10/2022 18:47:18;         472075;     156454011;           60;                 334984;                                     0,709599;       20517;             110664889;         17499;                87956000;                16425;                       84006007;            10204;                   42066939;                                     0,500761;                       6221;                             41939068;                                     0,499239;                233;                      1234411;                                     0,014034;              841;                    2715582;                                     0,030874
       407;       545;         1;BR      ;30/10/2022 18:47:19;         472075;     156454011;           40;                 335024;                                     0,709684;       14426;             110679315;         12045;                87968045;                11262;                       84017269;             7487;                   42074426;                                     0,500783;                       3775;                             41942843;                                     0,499217;                163;                      1234574;                                     0,014034;              620;                    2716202;                                     0,030877
       407;       545;         1;BR      ;30/10/2022 18:47:20;         472075;     156454011;          179;                 335203;                                     0,710063;       60213;             110739528;         49498;                88017543;                46470;                       84063739;            30928;                   42105354;                                     0,500874;                      15542;                             41958385;                                     0,499126;                621;                      1235195;                                     0,014034;             2407;                    2718609;                                     0,030887
       407;       545;         1;BR      ;30/10/2022 18:47:21;         472075;     156454011;           35;                 335238;                                     0,710137;       10320;             110749848;          7796;                88025339;                 7449;                       84071188;             3658;                   42109012;                                     0,500873;                       3791;                             41962176;                                     0,499127;                 75;                      1235270;                                     0,014033;              272;                    2718881;                                     0,030887
       407;       545;         1;BR      ;30/10/2022 18:47:22;         472075;     156454011;           90;                 335328;                                     0,710328;       27612;             110777460;         21841;                88047180;                20744;                       84091932;            12814;                   42121826;                                     0,500902;                       7930;                             41970106;                                     0,499098;                279;                      1235549;                                     0,014033;              818;                    2719699;                                     0,030889
       407;       545;         1;BR      ;30/10/2022 18:47:23;         472075;     156454011;           79;                 335407;                                     0,710495;       28186;             110805646;         23263;                88070443;                22324;                       84114256;             7538;                   42129364;                                     0,500859;                      14786;                             41984892;                                     0,499141;                347;                      1235896;                                     0,014033;              592;                    2720291;                                     0,030888
       407;       545;         1;BR      ;30/10/2022 18:47:24;         472075;     156454011;            4;                 335411;                                     0,710504;        1580;             110807226;          1304;                88071747;                 1261;                       84115517;              340;                   42129704;                                     0,500855;                        921;                             41985813;                                     0,499145;                 16;                      1235912;                                     0,014033;               27;                    2720318;                                     0,030888
       407;       545;         1;BR      ;30/10/2022 18:47:25;         472075;     156454011;            8;                 335419;                                     0,710521;        2364;             110809590;          1927;                88073674;                 1876;                       84117393;              580;                   42130284;                                     0,500851;                       1296;                             41987109;                                     0,499149;                 22;                      1235934;                                     0,014033;               29;                    2720347;                                     0,030887
       407;       545;         1;BR      ;30/10/2022 18:47:26;         472075;     156454011;           13;                 335432;                                     0,710548;        4323;             110813913;          3615;                88077289;                 3494;                       84120887;             1167;                   42131451;                                     0,500844;                       2327;                             41989436;                                     0,499156;                 59;                      1235993;                                     0,014033;               62;                    2720409;                                     0,030887
       407;       545;         1;BR      ;30/10/2022 18:47:27;         472075;     156454011;          142;                 335574;                                     0,710849;       49342;             110863255;         41192;                88118481;                39903;                       84160790;            11701;                   42143152;                                     0,500746;                      28202;                             42017638;                                     0,499254;                530;                      1236523;                                     0,014033;              759;                    2721168;                                     0,030881
       407;       545;         1;BR      ;30/10/2022 18:47:28;         472075;     156454011;           54;                 335628;                                     0,710963;       17029;             110880284;         14196;                88132677;                13714;                       84174504;             6037;                   42149189;                                     0,500736;                       7677;                             42025315;                                     0,499264;                185;                      1236708;                                     0,014032;              297;                    2721465;                                     0,030879
       407;       545;         1;BR      ;30/10/2022 18:47:29;         472075;     156454011;           10;                 335638;                                     0,710984;        3139;             110883423;          2619;                88135296;                 2554;                       84177058;              786;                   42149975;                                     0,500730;                       1768;                             42027083;                                     0,499270;                 28;                      1236736;                                     0,014032;               37;                    2721502;                                     0,030879
       407;       545;         1;BR      ;30/10/2022 18:47:30;         472075;     156454011;            1;                 335639;                                     0,710987;         257;             110883680;           181;                88135477;                  172;                       84177230;               99;                   42150074;                                     0,500730;                         73;                             42027156;                                     0,499270;                  0;                      1236736;                                     0,014032;                9;                    2721511;                                     0,030879
       407;       545;         1;BR      ;30/10/2022 18:47:31;         472075;     156454011;            4;                 335643;                                     0,710995;         985;             110884665;           870;                88136347;                  850;                       84178080;              291;                   42150365;                                     0,500729;                        559;                             42027715;                                     0,499271;                 12;                      1236748;                                     0,014032;                8;                    2721519;                                     0,030879
       407;       545;         1;BR      ;30/10/2022 18:47:50;         472075;     156454011;           86;                 335729;                                     0,711177;       24603;             110909268;         20655;                88157002;                19799;                       84197879;            13519;                   42163884;                                     0,500771;                       6280;                             42033995;                                     0,499229;                256;                      1237004;                                     0,014032;              600;                    2722119;                                     0,030878
       407;       545;         1;BR      ;30/10/2022 18:47:51;         472075;     156454011;          159;                 335888;                                     0,711514;       49363;             110958631;         40195;                88197197;                38763;                       84236642;            24387;                   42188271;                                     0,500830;                      14376;                             42048371;                                     0,499170;                504;                      1237508;                                     0,014031;              928;                    2723047;                                     0,030875
       407;       545;         1;BR      ;30/10/2022 18:47:52;         472075;     156454011;          126;                 336014;                                     0,711781;       46741;             111005372;         36789;                88233986;                35136;                       84271778;            17442;                   42205713;                                     0,500829;                      17694;                             42066065;                                     0,499171;                599;                      1238107;                                     0,014032;             1054;                    2724101;                                     0,030874
       407;       545;         1;BR      ;30/10/2022 18:47:53;         472075;     156454011;          179;                 336193;                                     0,712160;       59963;             111065335;         45995;                88279981;                44266;                       84316044;            22036;                   42227749;                                     0,500827;                      22230;                             42088295;                                     0,499173;                536;                      1238643;                                     0,014031;             1193;                    2725294;                                     0,030871
       407;       545;         1;BR      ;30/10/2022 18:47:54;         472075;     156454011;          324;                 336517;                                     0,712846;      131522;             111196857;        100876;                88380857;                96484;                       84412528;            44460;                   42272209;                                     0,500781;                      52024;                             42140319;                                     0,499219;               1428;                      1240071;                                     0,014031;             2964;                    2728258;                                     0,030869
       407;       545;         1;BR      ;30/10/2022 18:47:55;         472075;     156454011;          309;                 336826;                                     0,713501;      109311;             111306168;         86045;                88466902;                82421;                       84494949;            35550;                   42307759;                                     0,500713;                      46871;                             42187190;                                     0,499287;               1128;                      1241199;                                     0,014030;             2496;                    2730754;                                     0,030868
       407;       545;         1;BR      ;30/10/2022 18:47:56;         472075;     156454011;          130;                 336956;                                     0,713776;       42442;             111348610;         34011;                88500913;                32650;                       84527599;            15611;                   42323370;                                     0,500705;                      17039;                             42204229;                                     0,499295;                468;                      1241667;                                     0,014030;              893;                    2731647;                                     0,030866
       407;       545;         1;BR      ;30/10/2022 18:47:57;         472075;     156454011;          128;                 337084;                                     0,714048;       39912;             111388522;         31719;                88532632;                30442;                       84558041;            16504;                   42339874;                                     0,500720;                      13938;                             42218167;                                     0,499280;                463;                      1242130;                                     0,014030;              814;                    2732461;                                     0,030864
       407;       545;         1;BR      ;30/10/2022 18:47:58;         472075;     156454011;          191;                 337275;                                     0,714452;       60413;             111448935;         50161;                88582793;                48287;                       84606328;            31190;                   42371064;                                     0,500803;                      17097;                             42235264;                                     0,499197;                581;                      1242711;                                     0,014029;             1293;                    2733754;                                     0,030861
       407;       545;         1;BR      ;30/10/2022 18:47:59;         472075;     156454011;          126;                 337401;                                     0,714719;       38999;             111487934;         31030;                88613823;                30053;                       84636381;            18650;                   42389714;                                     0,500845;                      11403;                             42246667;                                     0,499155;                400;                      1243111;                                     0,014028;              577;                    2734331;                                     0,030857
       407;       545;         1;BR      ;30/10/2022 18:48:00;         472075;     156454011;           21;                 337422;                                     0,714764;        7202;             111495136;          5835;                88619658;                 5629;                       84642010;             2803;                   42392517;                                     0,500845;                       2826;                             42249493;                                     0,499155;                 95;                      1243206;                                     0,014029;              111;                    2734442;                                     0,030856
       407;       545;         1;BR      ;30/10/2022 18:48:01;         472075;     156454011;           70;                 337492;                                     0,714912;       21432;             111516568;         17093;                88636751;                16577;                       84658587;             7689;                   42400206;                                     0,500838;                       8888;                             42258381;                                     0,499162;                181;                      1243387;                                     0,014028;              335;                    2734777;                                     0,030854
       407;       545;         1;BR      ;30/10/2022 18:48:02;         472075;     156454011;          129;                 337621;                                     0,715185;       41425;             111557993;         32753;                88669504;                31693;                       84690280;            17837;                   42418043;                                     0,500861;                      13856;                             42272237;                                     0,499139;                351;                      1243738;                                     0,014027;              709;                    2735486;                                     0,030850
       407;       545;         1;BR      ;30/10/2022 18:48:03;         472075;     156454011;          122;                 337743;                                     0,715444;       36700;             111594693;         29125;                88698629;                28301;                       84718581;            16103;                   42434146;                                     0,500884;                      12198;                             42284435;                                     0,499116;                255;                      1243993;                                     0,014025;              569;                    2736055;                                     0,030847
       407;       545;         1;BR      ;30/10/2022 18:48:04;         472075;     156454011;           71;                 337814;                                     0,715594;       23526;             111618219;         18625;                88717254;                17526;                       84736107;             7910;                   42442056;                                     0,500873;                       9616;                             42294051;                                     0,499127;                348;                      1244341;                                     0,014026;              751;                    2736806;                                     0,030849
       407;       545;         1;BR      ;30/10/2022 18:48:05;         472075;     156454011;          487;                 338301;                                     0,716626;      171965;             111790184;        135899;                88853153;               127551;                       84863658;            66550;                   42508606;                                     0,500905;                      61001;                             42355052;                                     0,499095;               2690;                      1247031;                                     0,014035;             5658;                    2742464;                                     0,030865
       407;       545;         1;BR      ;30/10/2022 18:48:06;         472075;     156454011;          153;                 338454;                                     0,716950;       52349;             111842533;         41956;                88895109;                39588;                       84903246;            17505;                   42526111;                                     0,500877;                      22083;                             42377135;                                     0,499123;                774;                      1247805;                                     0,014037;             1594;                    2744058;                                     0,030868
       407;       545;         1;BR      ;30/10/2022 18:48:07;         472075;     156454011;          213;                 338667;                                     0,717401;       75002;             111917535;         59413;                88954522;                55749;                       84958995;            22856;                   42548967;                                     0,500818;                      32893;                             42410028;                                     0,499182;               1160;                      1248965;                                     0,014040;             2504;                    2746562;                                     0,030876
       407;       545;         1;BR      ;30/10/2022 18:48:08;         472075;     156454011;          205;                 338872;                                     0,717835;       71516;             111989051;         56093;                89010615;                52715;                       85011710;            24087;                   42573054;                                     0,500790;                      28628;                             42438656;                                     0,499210;               1044;                      1250009;                                     0,014043;             2334;                    2748896;                                     0,030883
       407;       545;         1;BR      ;30/10/2022 18:48:09;         472075;     156454011;          317;                 339189;                                     0,718507;      110118;             112099169;         85764;                89096379;                81134;                       85092844;            33136;                   42606190;                                     0,500702;                      47998;                             42486654;                                     0,499298;               1499;                      1251508;                                     0,014047;             3131;                    2752027;                                     0,030888
       407;       545;         1;BR      ;30/10/2022 18:48:10;         472075;     156454011;           80;                 339269;                                     0,718676;       26687;             112125856;         20894;                89117273;                19650;                       85112494;             8261;                   42614451;                                     0,500684;                      11389;                             42498043;                                     0,499316;                432;                      1251940;                                     0,014048;              812;                    2752839;                                     0,030890
       407;       545;         1;BR      ;30/10/2022 18:48:14;         472075;     156454011;           27;                 339296;                                     0,718733;        8023;             112133879;          6057;                89123330;                 5930;                       85118424;             3105;                   42617556;                                     0,500685;                       2825;                             42500868;                                     0,499315;                 45;                      1251985;                                     0,014048;               82;                    2752921;                                     0,030889
       407;       545;         1;BR      ;30/10/2022 18:48:15;         472075;     156454011;          164;                 339460;                                     0,719081;       50320;             112184199;         39185;                89162515;                38063;                       85156487;            23466;                   42641022;                                     0,500737;                      14597;                             42515465;                                     0,499263;                349;                      1252334;                                     0,014046;              773;                    2753694;                                     0,030884
       407;       545;         1;BR      ;30/10/2022 18:48:16;         472075;     156454011;          248;                 339708;                                     0,719606;       84620;             112268819;         69378;                89231893;                65078;                       85221565;            46097;                   42687119;                                     0,500896;                      18981;                             42534446;                                     0,499104;                957;                      1253291;                                     0,014045;             3343;                    2757037;                                     0,030897
       407;       545;         1;BR      ;30/10/2022 18:48:17;         472075;     156454011;           33;                 339741;                                     0,719676;        9159;             112277978;          7000;                89238893;                 6576;                       85228141;             5078;                   42692197;                                     0,500917;                       1498;                             42535944;                                     0,499083;                108;                      1253399;                                     0,014045;              316;                    2757353;                                     0,030899
       407;       545;         1;BR      ;30/10/2022 18:48:19;         472075;     156454011;           63;                 339804;                                     0,719809;       19636;             112297614;         15968;                89254861;                14993;                       85243134;            11269;                   42703466;                                     0,500961;                       3724;                             42539668;                                     0,499039;                180;                      1253579;                                     0,014045;              795;                    2758148;                                     0,030902
       407;       545;         1;BR      ;30/10/2022 18:48:20;         472075;     156454011;          204;                 340008;                                     0,720241;       65071;             112362685;         52198;                89307059;                49831;                       85292965;            23977;                   42727443;                                     0,500949;                      25854;                             42565522;                                     0,499051;                936;                      1254515;                                     0,014047;             1431;                    2759579;                                     0,030900
       407;       545;         1;BR      ;30/10/2022 18:48:22;         472075;     156454011;           34;                 340042;                                     0,720314;       10959;             112373644;          8656;                89315715;                 8305;                       85301270;             3600;                   42731043;                                     0,500943;                       4705;                             42570227;                                     0,499057;                163;                      1254678;                                     0,014048;              188;                    2759767;                                     0,030899
       407;       545;         1;BR      ;30/10/2022 18:48:23;         472075;     156454011;           42;                 340084;                                     0,720402;       11594;             112385238;          9761;                89325476;                 9329;                       85310599;             4311;                   42735354;                                     0,500938;                       5018;                             42575245;                                     0,499062;                192;                      1254870;                                     0,014048;              240;                    2760007;                                     0,030898
       407;       545;         1;BR      ;30/10/2022 18:48:24;         472075;     156454011;          133;                 340217;                                     0,720684;       46935;             112432173;         35630;                89361106;                33612;                       85344211;            19735;                   42755089;                                     0,500972;                      13877;                             42589122;                                     0,499028;                377;                      1255247;                                     0,014047;             1641;                    2761648;                                     0,030904
       407;       545;         1;BR      ;30/10/2022 18:48:25;         472075;     156454011;           65;                 340282;                                     0,720822;       23871;             112456044;         18741;                89379847;                17491;                       85361702;            11535;                   42766624;                                     0,501005;                       5956;                             42595078;                                     0,498995;                232;                      1255479;                                     0,014047;             1018;                    2762666;                                     0,030909
       407;       545;         1;BR      ;30/10/2022 18:48:26;         472075;     156454011;          138;                 340420;                                     0,721114;       49134;             112505178;         39794;                89419641;                37197;                       85398899;            24715;                   42791339;                                     0,501076;                      12482;                             42607560;                                     0,498924;                537;                      1256016;                                     0,014046;             2060;                    2764726;                                     0,030919
       407;       545;         1;BR      ;30/10/2022 18:48:27;         472075;     156454011;          329;                 340749;                                     0,721811;      110771;             112615949;         88020;                89507661;                82335;                       85481234;            51996;                   42843335;                                     0,501202;                      30339;                             42637899;                                     0,498798;               1185;                      1257201;                                     0,014046;             4500;                    2769226;                                     0,030938
       407;       545;         1;BR      ;30/10/2022 18:48:29;         472075;     156454011;            7;                 340756;                                     0,721826;        2259;             112618208;          1778;                89509439;                 1719;                       85482953;              507;                   42843842;                                     0,501197;                       1212;                             42639111;                                     0,498803;                 23;                      1257224;                                     0,014046;               36;                    2769262;                                     0,030938
       407;       545;         1;BR      ;30/10/2022 18:48:30;         472075;     156454011;            9;                 340765;                                     0,721845;        2380;             112620588;          1807;                89511246;                 1739;                       85484692;              416;                   42844258;                                     0,501192;                       1323;                             42640434;                                     0,498808;                 25;                      1257249;                                     0,014046;               43;                    2769305;                                     0,030938
       407;       545;         1;BR      ;30/10/2022 18:48:31;         472075;     156454011;           26;                 340791;                                     0,721900;        7935;             112628523;          5760;                89517006;                 5608;                       85490300;             1269;                   42845527;                                     0,501174;                       4339;                             42644773;                                     0,498826;                 45;                      1257294;                                     0,014045;              107;                    2769412;                                     0,030937
       407;       545;         1;BR      ;30/10/2022 18:48:32;         472075;     156454011;           64;                 340855;                                     0,722036;       17643;             112646166;         14691;                89531697;                13934;                       85504234;            10056;                   42855583;                                     0,501210;                       3878;                             42648651;                                     0,498790;                173;                      1257467;                                     0,014045;              584;                    2769996;                                     0,030939
       407;       545;         1;BR      ;30/10/2022 18:48:33;         472075;     156454011;           48;                 340903;                                     0,722137;       14783;             112660949;         11813;                89543510;                11108;                       85515342;             7019;                   42862602;                                     0,501227;                       4089;                             42652740;                                     0,498773;                150;                      1257617;                                     0,014045;              555;                    2770551;                                     0,030941
       407;       545;         1;BR      ;30/10/2022 18:48:34;         472075;     156454011;          102;                 341005;                                     0,722353;       34459;             112695408;         28348;                89571858;                27360;                       85542702;             9084;                   42871686;                                     0,501173;                      18276;                             42671016;                                     0,498827;                346;                      1257963;                                     0,014044;              642;                    2771193;                                     0,030938
       407;       545;         1;BR      ;30/10/2022 18:48:35;         472075;     156454011;          190;                 341195;                                     0,722756;       66186;             112761594;         55907;                89627765;                54201;                       85596903;            15567;                   42887253;                                     0,501037;                      38634;                             42709650;                                     0,498963;                673;                      1258636;                                     0,014043;             1033;                    2772226;                                     0,030930
       407;       545;         1;BR      ;30/10/2022 18:48:36;         472075;     156454011;            3;                 341198;                                     0,722762;         921;             112762515;           747;                89628512;                  725;                       85597628;              333;                   42887586;                                     0,501037;                        392;                             42710042;                                     0,498963;                  7;                      1258643;                                     0,014043;               15;                    2772241;                                     0,030930
       407;       545;         1;BR      ;30/10/2022 18:48:37;         472075;     156454011;           12;                 341210;                                     0,722788;        4440;             112766955;          3461;                89631973;                 3359;                       85600987;              980;                   42888566;                                     0,501029;                       2379;                             42712421;                                     0,498971;                 42;                      1258685;                                     0,014043;               60;                    2772301;                                     0,030930
       407;       545;         1;BR      ;30/10/2022 18:48:38;         472075;     156454011;            9;                 341219;                                     0,722807;        2538;             112769493;          2053;                89634026;                 1982;                       85602969;              724;                   42889290;                                     0,501026;                       1258;                             42713679;                                     0,498974;                 29;                      1258714;                                     0,014043;               42;                    2772343;                                     0,030930
       407;       545;         1;BR      ;30/10/2022 18:48:39;         472075;     156454011;           27;                 341246;                                     0,722864;        8586;             112778079;          7198;                89641224;                 7023;                       85609992;             2145;                   42891435;                                     0,501010;                       4878;                             42718557;                                     0,498990;                 86;                      1258800;                                     0,014043;               89;                    2772432;                                     0,030928
       407;       545;         1;BR      ;30/10/2022 18:48:58;         472075;     156454011;          197;                 341443;                                     0,723281;       56014;             112834093;         45613;                89686837;                43875;                       85653867;            31547;                   42922982;                                     0,501121;                      12328;                             42730885;                                     0,498879;                542;                      1259342;                                     0,014042;             1196;                    2773628;                                     0,030926
       407;       545;         1;BR      ;30/10/2022 18:48:59;         472075;     156454011;          268;                 341711;                                     0,723849;       89207;             112923300;         70405;                89757242;                67434;                       85721301;            33252;                   42956234;                                     0,501115;                      34182;                             42765067;                                     0,498885;               1025;                      1260367;                                     0,014042;             1946;                    2775574;                                     0,030923
       407;       545;         1;BR      ;30/10/2022 18:49:00;         472075;     156454011;          490;                 342201;                                     0,724887;      187332;             113110632;        146671;                89903913;               140438;                       85861739;            66231;                   43022465;                                     0,501067;                      74207;                             42839274;                                     0,498933;               1923;                      1262290;                                     0,014040;             4310;                    2779884;                                     0,030921
       407;       545;         1;BR      ;30/10/2022 18:49:01;         472075;     156454011;          335;                 342536;                                     0,725597;      117679;             113228311;         91538;                89995451;                87702;                       85949441;            37564;                   43060029;                                     0,500993;                      50138;                             42889412;                                     0,499007;               1217;                      1263507;                                     0,014040;             2619;                    2782503;                                     0,030918
       407;       545;         1;BR      ;30/10/2022 18:49:02;         472075;     156454011;          213;                 342749;                                     0,726048;       70717;             113299028;         56448;                90051899;                54253;                       86003694;            23809;                   43083838;                                     0,500953;                      30444;                             42919856;                                     0,499047;                747;                      1264254;                                     0,014039;             1448;                    2783951;                                     0,030915
       407;       545;         1;BR      ;30/10/2022 18:49:03;         472075;     156454011;          104;                 342853;                                     0,726268;       30428;             113329456;         25378;                90077277;                24449;                       86028143;            16713;                   43100551;                                     0,501005;                       7736;                             42927592;                                     0,498995;                290;                      1264544;                                     0,014038;              639;                    2784590;                                     0,030913
       407;       545;         1;BR      ;30/10/2022 18:49:04;         472075;     156454011;           59;                 342912;                                     0,726393;       17100;             113346556;         12720;                90089997;                12297;                       86040440;             9073;                   43109624;                                     0,501039;                       3224;                             42930816;                                     0,498961;                136;                      1264680;                                     0,014038;              287;                    2784877;                                     0,030912
       407;       545;         1;BR      ;30/10/2022 18:49:05;         472075;     156454011;           67;                 342979;                                     0,726535;       20093;             113366649;         15511;                90105508;                15119;                       86055559;            11658;                   43121282;                                     0,501087;                       3461;                             42934277;                                     0,498913;                141;                      1264821;                                     0,014037;              251;                    2785128;                                     0,030910
       407;       545;         1;BR      ;30/10/2022 18:49:06;         472075;     156454011;          117;                 343096;                                     0,726783;       35790;             113402439;         28163;                90133671;                27287;                       86082846;            14482;                   43135764;                                     0,501096;                      12805;                             42947082;                                     0,498904;                308;                      1265129;                                     0,014036;              568;                    2785696;                                     0,030906
       407;       545;         1;BR      ;30/10/2022 18:49:07;         472075;     156454011;          128;                 343224;                                     0,727054;       42509;             113444948;         34133;                90167804;                33021;                       86115867;            16106;                   43151870;                                     0,501091;                      16915;                             42963997;                                     0,498909;                423;                      1265552;                                     0,014036;              689;                    2786385;                                     0,030902
       407;       545;         1;BR      ;30/10/2022 18:49:08;         472075;     156454011;           21;                 343245;                                     0,727098;        6866;             113451814;          5715;                90173519;                 5506;                       86121373;             3633;                   43155503;                                     0,501101;                       1873;                             42965870;                                     0,498899;                 59;                      1265611;                                     0,014035;              150;                    2786535;                                     0,030902
       407;       545;         1;BR      ;30/10/2022 18:49:09;         472075;     156454011;          132;                 343377;                                     0,727378;       38137;             113489951;         30282;                90203801;                29417;                       86150790;            18001;                   43173504;                                     0,501139;                      11416;                             42977286;                                     0,498861;                250;                      1265861;                                     0,014033;              615;                    2787150;                                     0,030898
       407;       545;         1;BR      ;30/10/2022 18:49:10;         472075;     156454011;          133;                 343510;                                     0,727660;       45230;             113535181;         35325;                90239126;                33644;                       86184434;            15225;                   43188729;                                     0,501120;                      18419;                             42995705;                                     0,498880;                564;                      1266425;                                     0,014034;             1117;                    2788267;                                     0,030899
       407;       545;         1;BR      ;30/10/2022 18:49:11;         472075;     156454011;          624;                 344134;                                     0,728982;      220522;             113755703;        173962;                90413088;               162892;                       86347326;            85279;                   43274008;                                     0,501162;                      77613;                             43073318;                                     0,498838;               3524;                      1269949;                                     0,014046;             7546;                    2795813;                                     0,030923
       407;       545;         1;BR      ;30/10/2022 18:49:12;         472075;     156454011;          165;                 344299;                                     0,729331;       59083;             113814786;         46661;                90459749;                43903;                       86391229;            19445;                   43293453;                                     0,501133;                      24458;                             43097776;                                     0,498867;                955;                      1270904;                                     0,014049;             1803;                    2797616;                                     0,030927
       407;       545;         1;BR      ;30/10/2022 18:49:13;         472075;     156454011;          224;                 344523;                                     0,729806;       79367;             113894153;         63791;                90523540;                59819;                       86451048;            24825;                   43318278;                                     0,501073;                      34994;                             43132770;                                     0,498927;               1226;                      1272130;                                     0,014053;             2746;                    2800362;                                     0,030935
       407;       545;         1;BR      ;30/10/2022 18:49:14;         472075;     156454011;          201;                 344724;                                     0,730231;       66061;             113960214;         52046;                90575586;                49077;                       86500125;            20970;                   43339248;                                     0,501031;                      28107;                             43160877;                                     0,498969;               1028;                      1273158;                                     0,014056;             1941;                    2802303;                                     0,030939
       407;       545;         1;BR      ;30/10/2022 18:49:15;         472075;     156454011;          117;                 344841;                                     0,730479;       40149;             114000363;         31580;                90607166;                29861;                       86529986;            10995;                   43350243;                                     0,500985;                      18866;                             43179743;                                     0,499015;                582;                      1273740;                                     0,014058;             1137;                    2803440;                                     0,030941
       407;       545;         1;BR      ;30/10/2022 18:49:16;         472075;     156454011;          251;                 345092;                                     0,731011;       84995;             114085358;         65888;                90673054;                62114;                       86592100;            28487;                   43378730;                                     0,500955;                      33627;                             43213370;                                     0,499045;               1241;                      1274981;                                     0,014061;             2533;                    2805973;                                     0,030946
       407;       545;         1;BR      ;30/10/2022 18:49:17;         472075;     156454011;           12;                 345104;                                     0,731036;        4148;             114089506;          3334;                90676388;                 3187;                       86595287;             1372;                   43380102;                                     0,500952;                       1815;                             43215185;                                     0,499048;                 51;                      1275032;                                     0,014061;               96;                    2806069;                                     0,030946
       407;       545;         1;BR      ;30/10/2022 18:49:21;         472075;     156454011;           75;                 345179;                                     0,731195;       21737;             114111243;         16562;                90692950;                16193;                       86611480;             8433;                   43388535;                                     0,500956;                       7760;                             43222945;                                     0,499044;                120;                      1275152;                                     0,014060;              249;                    2806318;                                     0,030943
       407;       545;         1;BR      ;30/10/2022 18:49:22;         472075;     156454011;          206;                 345385;                                     0,731632;       68804;             114180047;         55733;                90748683;                52877;                       86664357;            36001;                   43424536;                                     0,501066;                      16876;                             43239821;                                     0,498934;                656;                      1275808;                                     0,014059;             2200;                    2808518;                                     0,030948
       407;       545;         1;BR      ;30/10/2022 18:49:23;         472075;     156454011;          207;                 345592;                                     0,732070;       61394;             114241441;         48345;                90797028;                45844;                       86710201;            35481;                   43460017;                                     0,501210;                      10363;                             43250184;                                     0,498790;                567;                      1276375;                                     0,014057;             1934;                    2810452;                                     0,030953
       407;       545;         1;BR      ;30/10/2022 18:49:24;         472075;     156454011;           28;                 345620;                                     0,732129;        8393;             114249834;          6569;                90803597;                 6278;                       86716479;             5057;                   43465074;                                     0,501232;                       1221;                             43251405;                                     0,498768;                 74;                      1276449;                                     0,014057;              217;                    2810669;                                     0,030953
       407;       545;         1;BR      ;30/10/2022 18:49:25;         472075;     156454011;           50;                 345670;                                     0,732235;       15157;             114264991;         12790;                90816387;                11810;                       86728289;             8029;                   43473103;                                     0,501256;                       3781;                             43255186;                                     0,498744;                198;                      1276647;                                     0,014057;              782;                    2811451;                                     0,030958
       407;       545;         1;BR      ;30/10/2022 18:49:26;         472075;     156454011;          124;                 345794;                                     0,732498;       38004;             114302995;         30679;                90847066;                29227;                       86757516;            15705;                   43488808;                                     0,501268;                      13522;                             43268708;                                     0,498732;                555;                      1277202;                                     0,014059;              897;                    2812348;                                     0,030957
       407;       545;         1;BR      ;30/10/2022 18:49:27;         472075;     156454011;           84;                 345878;                                     0,732676;       25746;             114328741;         21405;                90868471;                20543;                       86778059;             7222;                   43496030;                                     0,501233;                      13321;                             43282029;                                     0,498767;                361;                      1277563;                                     0,014059;              501;                    2812849;                                     0,030955
       407;       545;         1;BR      ;30/10/2022 18:49:28;         472075;     156454011;           39;                 345917;                                     0,732759;        9873;             114338614;          8296;                90876767;                 7994;                       86786053;             3444;                   43499474;                                     0,501227;                       4550;                             43286579;                                     0,498773;                127;                      1277690;                                     0,014060;              175;                    2813024;                                     0,030954
       407;       545;         1;BR      ;30/10/2022 18:49:29;         472075;     156454011;           42;                 345959;                                     0,732848;       13391;             114352005;          9811;                90886578;                 9391;                       86795444;             6171;                   43505645;                                     0,501243;                       3220;                             43289799;                                     0,498757;                 72;                      1277762;                                     0,014059;              348;                    2813372;                                     0,030955
       407;       545;         1;BR      ;30/10/2022 18:49:30;         472075;     156454011;          191;                 346150;                                     0,733252;       63280;             114415285;         48974;                90935552;                46017;                       86841461;            26592;                   43532237;                                     0,501284;                      19425;                             43309224;                                     0,498716;                709;                      1278471;                                     0,014059;             2248;                    2815620;                                     0,030963
       407;       545;         1;BR      ;30/10/2022 18:49:31;         472075;     156454011;          145;                 346295;                                     0,733559;       51880;             114467165;         43496;                90979048;                40709;                       86882170;            25216;                   43557453;                                     0,501339;                      15493;                             43324717;                                     0,498661;                544;                      1279015;                                     0,014058;             2243;                    2817863;                                     0,030973
       407;       545;         1;BR      ;30/10/2022 18:49:32;         472075;     156454011;           51;                 346346;                                     0,733667;       16290;             114483455;         12867;                90991915;                12049;                       86894219;             9390;                   43566843;                                     0,501378;                       2659;                             43327376;                                     0,498622;                126;                      1279141;                                     0,014058;              692;                    2818555;                                     0,030976
       407;       545;         1;BR      ;30/10/2022 18:49:33;         472075;     156454011;           78;                 346424;                                     0,733833;       26923;             114510378;         22711;                91014626;                21363;                       86915582;            13187;                   43580030;                                     0,501406;                       8176;                             43335552;                                     0,498594;                275;                      1279416;                                     0,014057;             1073;                    2819628;                                     0,030980
       407;       545;         1;BR      ;30/10/2022 18:49:34;         472075;     156454011;           13;                 346437;                                     0,733860;        3942;             114514320;          2803;                91017429;                 2591;                       86918173;             2210;                   43582240;                                     0,501417;                        381;                             43335933;                                     0,498583;                 49;                      1279465;                                     0,014057;              163;                    2819791;                                     0,030981
       407;       545;         1;BR      ;30/10/2022 18:49:35;         472075;     156454011;           50;                 346487;                                     0,733966;       14947;             114529267;         11712;                91029141;                11163;                       86929336;             6431;                   43588671;                                     0,501426;                       4732;                             43340665;                                     0,498574;                120;                      1279585;                                     0,014057;              429;                    2820220;                                     0,030982
       407;       545;         1;BR      ;30/10/2022 18:49:36;         472075;     156454011;           55;                 346542;                                     0,734083;       14976;             114544243;         12044;                91041185;                11364;                       86940700;             8016;                   43596687;                                     0,501453;                       3348;                             43344013;                                     0,498547;                172;                      1279757;                                     0,014057;              508;                    2820728;                                     0,030983
       407;       545;         1;BR      ;30/10/2022 18:49:37;         472075;     156454011;           48;                 346590;                                     0,734184;       16880;             114561123;         13952;                91055137;                13437;                       86954137;             5325;                   43602012;                                     0,501437;                       8112;                             43352125;                                     0,498563;                187;                      1279944;                                     0,014057;              328;                    2821056;                                     0,030982
       407;       545;         1;BR      ;30/10/2022 18:49:38;         472075;     156454011;          104;                 346694;                                     0,734404;       35979;             114597102;         30281;                91085418;                29342;                       86983479;             7834;                   43609846;                                     0,501358;                      21508;                             43373633;                                     0,498642;                332;                      1280276;                                     0,014056;              607;                    2821663;                                     0,030978
       407;       545;         1;BR      ;30/10/2022 18:49:39;         472075;     156454011;           47;                 346741;                                     0,734504;       15994;             114613096;         13055;                91098473;                12635;                       86996114;             4256;                   43614102;                                     0,501334;                       8379;                             43382012;                                     0,498666;                169;                      1280445;                                     0,014056;              251;                    2821914;                                     0,030977
       407;       545;         1;BR      ;30/10/2022 18:49:40;         472075;     156454011;            4;                 346745;                                     0,734513;        1314;             114614410;          1101;                91099574;                 1024;                       86997138;              350;                   43614452;                                     0,501332;                        674;                             43382686;                                     0,498668;                 32;                      1280477;                                     0,014056;               45;                    2821959;                                     0,030977
       407;       545;         1;BR      ;30/10/2022 18:49:41;         472075;     156454011;           24;                 346769;                                     0,734563;        8507;             114622917;          6986;                91106560;                 6811;                       87003949;             2092;                   43616544;                                     0,501317;                       4719;                             43387405;                                     0,498683;                 72;                      1280549;                                     0,014056;              103;                    2822062;                                     0,030975
       407;       545;         1;BR      ;30/10/2022 18:49:42;         472075;     156454011;           10;                 346779;                                     0,734585;        1881;             114624798;          1556;                91108116;                 1500;                       87005449;              727;                   43617271;                                     0,501317;                        773;                             43388178;                                     0,498683;                 23;                      1280572;                                     0,014056;               33;                    2822095;                                     0,030975
       407;       545;         1;BR      ;30/10/2022 18:50:04;         472075;     156454011;           64;                 346843;                                     0,734720;       18558;             114643356;         14914;                91123030;                14288;                       87019737;             8893;                   43626164;                                     0,501336;                       5395;                             43393573;                                     0,498664;                179;                      1280751;                                     0,014055;              447;                    2822542;                                     0,030975
       407;       545;         1;BR      ;30/10/2022 18:50:05;         472075;     156454011;          169;                 347012;                                     0,735078;       49234;             114692590;         40851;                91163881;                39322;                       87059059;            25843;                   43652007;                                     0,501407;                      13479;                             43407052;                                     0,498593;                463;                      1281214;                                     0,014054;             1066;                    2823608;                                     0,030973
       407;       545;         1;BR      ;30/10/2022 18:50:06;         472075;     156454011;          118;                 347130;                                     0,735328;       40869;             114733459;         32274;                91196155;                30765;                       87089824;            15558;                   43667565;                                     0,501408;                      15207;                             43422259;                                     0,498592;                493;                      1281707;                                     0,014054;             1016;                    2824624;                                     0,030973
       407;       545;         1;BR      ;30/10/2022 18:50:07;         472075;     156454011;          146;                 347276;                                     0,735637;       49287;             114782746;         38120;                91234275;                36603;                       87126427;            16876;                   43684441;                                     0,501391;                      19727;                             43441986;                                     0,498609;                470;                      1282177;                                     0,014054;             1047;                    2825671;                                     0,030972
       407;       545;         1;BR      ;30/10/2022 18:50:08;         472075;     156454011;          397;                 347673;                                     0,736478;      161942;             114944688;        125696;                91359971;               120111;                       87246538;            55710;                   43740151;                                     0,501340;                      64401;                             43506387;                                     0,498660;               1656;                      1283833;                                     0,014052;             3929;                    2829600;                                     0,030972
       407;       545;         1;BR      ;30/10/2022 18:50:09;         472075;     156454011;          168;                 347841;                                     0,736834;       53070;             114997758;         42277;                91402248;                40523;                       87287061;            18524;                   43758675;                                     0,501319;                      21999;                             43528386;                                     0,498681;                562;                      1284395;                                     0,014052;             1192;                    2830792;                                     0,030971
       407;       545;         1;BR      ;30/10/2022 18:50:10;         472075;     156454011;          216;                 348057;                                     0,737292;       71453;             115069211;         56793;                91459041;                54349;                       87341410;            28014;                   43786689;                                     0,501328;                      26335;                             43554721;                                     0,498672;                811;                      1285206;                                     0,014052;             1633;                    2832425;                                     0,030969
       407;       545;         1;BR      ;30/10/2022 18:50:11;         472075;     156454011;           87;                 348144;                                     0,737476;       27017;             115096228;         20920;                91479961;                20307;                       87361717;            12343;                   43799032;                                     0,501353;                       7964;                             43562685;                                     0,498647;                241;                      1285447;                                     0,014052;              372;                    2832797;                                     0,030966
       407;       545;         1;BR      ;30/10/2022 18:50:12;         472075;     156454011;          102;                 348246;                                     0,737692;       30478;             115126706;         23165;                91503126;                22484;                       87384201;            12745;                   43811777;                                     0,501370;                       9739;                             43572424;                                     0,498630;                259;                      1285706;                                     0,014051;              422;                    2833219;                                     0,030963
       407;       545;         1;BR      ;30/10/2022 18:50:13;         472075;     156454011;           64;                 348310;                                     0,737828;       20366;             115147072;         16383;                91519509;                15861;                       87400062;             7571;                   43819348;                                     0,501365;                       8290;                             43580714;                                     0,498635;                165;                      1285871;                                     0,014050;              357;                    2833576;                                     0,030961
       407;       545;         1;BR      ;30/10/2022 18:50:14;         472075;     156454011;           57;                 348367;                                     0,737948;       16832;             115163904;         13397;                91532906;                12993;                       87413055;            10227;                   43829575;                                     0,501408;                       2766;                             43583480;                                     0,498592;                122;                      1285993;                                     0,014050;              282;                    2833858;                                     0,030960
       407;       545;         1;BR      ;30/10/2022 18:50:15;         472075;     156454011;          361;                 348728;                                     0,738713;      124745;             115288649;         98121;                91631027;                92285;                       87505340;            49106;                   43878681;                                     0,501440;                      43179;                             43626659;                                     0,498560;               1774;                      1287767;                                     0,014054;             4062;                    2837920;                                     0,030971
       407;       545;         1;BR      ;30/10/2022 18:50:16;         472075;     156454011;          202;                 348930;                                     0,739141;       71108;             115359757;         56424;                91687451;                53064;                       87558404;            24531;                   43903212;                                     0,501416;                      28533;                             43655192;                                     0,498584;               1047;                      1288814;                                     0,014057;             2313;                    2840233;                                     0,030977
       407;       545;         1;BR      ;30/10/2022 18:50:17;         472075;     156454011;          102;                 349032;                                     0,739357;       35695;             115395452;         28807;                91716258;                27217;                       87585621;            11225;                   43914437;                                     0,501389;                      15992;                             43671184;                                     0,498611;                561;                      1289375;                                     0,014058;             1029;                    2841262;                                     0,030979
       407;       545;         1;BR      ;30/10/2022 18:50:18;         472075;     156454011;          148;                 349180;                                     0,739671;       49515;             115444967;         39747;                91756005;                37296;                       87622917;            15821;                   43930258;                                     0,501356;                      21475;                             43692659;                                     0,498644;                789;                      1290164;                                     0,014061;             1662;                    2842924;                                     0,030984
       407;       545;         1;BR      ;30/10/2022 18:50:19;         472075;     156454011;           47;                 349227;                                     0,739770;       15417;             115460384;         12205;                91768210;                11561;                       87634478;             5177;                   43935435;                                     0,501349;                       6384;                             43699043;                                     0,498651;                246;                      1290410;                                     0,014062;              398;                    2843322;                                     0,030984
       407;       545;         1;BR      ;30/10/2022 18:50:20;         472075;     156454011;           23;                 349250;                                     0,739819;        7214;             115467598;          5429;                91773639;                 5179;                       87639657;             2518;                   43937953;                                     0,501348;                       2661;                             43701704;                                     0,498652;                 87;                      1290497;                                     0,014062;              163;                    2843485;                                     0,030984
       407;       545;         1;BR      ;30/10/2022 18:50:21;         472075;     156454011;           16;                 349266;                                     0,739853;        5427;             115473025;          4098;                91777737;                 3879;                       87643536;             1430;                   43939383;                                     0,501342;                       2449;                             43704153;                                     0,498658;                 83;                      1290580;                                     0,014062;              136;                    2843621;                                     0,030984
       407;       545;         1;BR      ;30/10/2022 18:50:22;         472075;     156454011;          167;                 349433;                                     0,740207;       57774;             115530799;         45134;                91822871;                42804;                       87686340;            17335;                   43956718;                                     0,501295;                      25469;                             43729622;                                     0,498705;                752;                      1291332;                                     0,014063;             1578;                    2845199;                                     0,030986
       407;       545;         1;BR      ;30/10/2022 18:50:23;         472075;     156454011;            1;                 349434;                                     0,740209;         316;             115531115;           246;                91823117;                  231;                       87686571;               82;                   43956800;                                     0,501295;                        149;                             43729771;                                     0,498705;                  4;                      1291336;                                     0,014063;               11;                    2845210;                                     0,030986
       407;       545;         1;BR      ;30/10/2022 18:50:26;         472075;     156454011;           89;                 349523;                                     0,740397;       25204;             115556319;         19826;                91842943;                19349;                       87705920;            12087;                   43968887;                                     0,501322;                       7262;                             43737033;                                     0,498678;                188;                      1291524;                                     0,014062;              289;                    2845499;                                     0,030982
       407;       545;         1;BR      ;30/10/2022 18:50:27;         472075;     156454011;          232;                 349755;                                     0,740889;       80793;             115637112;         64856;                91907799;                60696;                       87766616;            44257;                   44013144;                                     0,501479;                      16439;                             43753472;                                     0,498521;                843;                      1292367;                                     0,014062;             3317;                    2848816;                                     0,030996
       407;       545;         1;BR      ;30/10/2022 18:50:28;         472075;     156454011;            2;                 349757;                                     0,740893;         760;             115637872;           607;                91908406;                  584;                       87767200;              504;                   44013648;                                     0,501482;                         80;                             43753552;                                     0,498518;                  1;                      1292368;                                     0,014061;               22;                    2848838;                                     0,030996
       407;       545;         1;BR      ;30/10/2022 18:50:29;         472075;     156454011;           14;                 349771;                                     0,740923;        4479;             115642351;          3585;                91911991;                 3344;                       87770544;             2432;                   44016080;                                     0,501490;                        912;                             43754464;                                     0,498510;                 53;                      1292421;                                     0,014062;              188;                    2849026;                                     0,030997
       407;       545;         1;BR      ;30/10/2022 18:50:30;         472075;     156454011;          196;                 349967;                                     0,741338;       64059;             115706410;         50993;                91962984;                48873;                       87819417;            21966;                   44038046;                                     0,501461;                      26907;                             43781371;                                     0,498539;                874;                      1293295;                                     0,014063;             1246;                    2850272;                                     0,030994
       407;       545;         1;BR      ;30/10/2022 18:50:31;         472075;     156454011;            3;                 349970;                                     0,741344;        1055;             115707465;           900;                91963884;                  857;                       87820274;              347;                   44038393;                                     0,501460;                        510;                             43781881;                                     0,498540;                  7;                      1293302;                                     0,014063;               36;                    2850308;                                     0,030994
       407;       545;         1;BR      ;30/10/2022 18:50:33;         472075;     156454011;            3;                 349973;                                     0,741350;         667;             115708132;           504;                91964388;                  487;                       87820761;              197;                   44038590;                                     0,501460;                        290;                             43782171;                                     0,498540;                  2;                      1293304;                                     0,014063;               15;                    2850323;                                     0,030994
       407;       545;         1;BR      ;30/10/2022 18:50:34;         472075;     156454011;            7;                 349980;                                     0,741365;        2549;             115710681;          1847;                91966235;                 1743;                       87822504;             1196;                   44039786;                                     0,501464;                        547;                             43782718;                                     0,498536;                 15;                      1293319;                                     0,014063;               89;                    2850412;                                     0,030994
       407;       545;         1;BR      ;30/10/2022 18:50:35;         472075;     156454011;          121;                 350101;                                     0,741622;       41174;             115751855;         33559;                91999794;                31486;                       87853990;            19194;                   44058980;                                     0,501502;                      12292;                             43795010;                                     0,498498;                422;                      1293741;                                     0,014062;             1651;                    2852063;                                     0,031001
       407;       545;         1;BR      ;30/10/2022 18:50:36;         472075;     156454011;           57;                 350158;                                     0,741742;       19580;             115771435;         16831;                92016625;                15795;                       87869785;            10913;                   44069893;                                     0,501536;                       4882;                             43799892;                                     0,498464;                191;                      1293932;                                     0,014062;              845;                    2852908;                                     0,031004
       407;       545;         1;BR      ;30/10/2022 18:50:37;         472075;     156454011;            8;                 350166;                                     0,741759;        2253;             115773688;          1629;                92018254;                 1513;                       87871298;             1254;                   44071147;                                     0,501542;                        259;                             43800151;                                     0,498458;                 17;                      1293949;                                     0,014062;               99;                    2853007;                                     0,031005
       407;       545;         1;BR      ;30/10/2022 18:50:38;         472075;     156454011;           83;                 350249;                                     0,741935;       28038;             115801726;         23974;                92042228;                22536;                       87893834;            14088;                   44085235;                                     0,501574;                       8448;                             43808599;                                     0,498426;                308;                      1294257;                                     0,014062;             1130;                    2854137;                                     0,031009
       407;       545;         1;BR      ;30/10/2022 18:50:39;         472075;     156454011;           74;                 350323;                                     0,742092;       24139;             115825865;         19487;                92061715;                18256;                       87912090;            12830;                   44098065;                                     0,501615;                       5426;                             43814025;                                     0,498385;                243;                      1294500;                                     0,014061;              988;                    2855125;                                     0,031013
       407;       545;         1;BR      ;30/10/2022 18:50:40;         472075;     156454011;           15;                 350338;                                     0,742124;        4378;             115830243;          3219;                92064934;                 3075;                       87915165;             1258;                   44099323;                                     0,501612;                       1817;                             43815842;                                     0,498388;                 37;                      1294537;                                     0,014061;              107;                    2855232;                                     0,031013
       407;       545;         1;BR      ;30/10/2022 18:50:41;         472075;     156454011;           30;                 350368;                                     0,742187;        8213;             115838456;          6240;                92071174;                 6044;                       87921209;             1455;                   44100778;                                     0,501594;                       4589;                             43820431;                                     0,498406;                 56;                      1294593;                                     0,014061;              140;                    2855372;                                     0,031013
       407;       545;         1;BR      ;30/10/2022 18:50:42;         472075;     156454011;           36;                 350404;                                     0,742263;       10390;             115848846;          8204;                92079378;                 7807;                       87929016;             5832;                   44106610;                                     0,501616;                       1975;                             43822406;                                     0,498384;                 96;                      1294689;                                     0,014061;              301;                    2855673;                                     0,031013
       407;       545;         1;BR      ;30/10/2022 18:50:43;         472075;     156454011;           82;                 350486;                                     0,742437;       28937;             115877783;         24008;                92103386;                23254;                       87952270;             7545;                   44114155;                                     0,501569;                      15709;                             43838115;                                     0,498431;                274;                      1294963;                                     0,014060;              480;                    2856153;                                     0,031010
       407;       545;         1;BR      ;30/10/2022 18:50:44;         472075;     156454011;           75;                 350561;                                     0,742596;       23500;             115901283;         19260;                92122646;                18550;                       87970820;             7020;                   44121175;                                     0,501543;                      11530;                             43849645;                                     0,498457;                261;                      1295224;                                     0,014060;              449;                    2856602;                                     0,031009
       407;       545;         1;BR      ;30/10/2022 18:50:45;         472075;     156454011;           90;                 350651;                                     0,742787;       28032;             115929315;         22748;                92145394;                21976;                       87992796;             8513;                   44129688;                                     0,501515;                      13463;                             43863108;                                     0,498485;                282;                      1295506;                                     0,014059;              490;                    2857092;                                     0,031006
       407;       545;         1;BR      ;30/10/2022 18:50:48;         472075;     156454011;            2;                 350653;                                     0,742791;         457;             115929772;           336;                92145730;                  312;                       87993108;              157;                   44129845;                                     0,501515;                        155;                             43863263;                                     0,498485;                  4;                      1295510;                                     0,014059;               20;                    2857112;                                     0,031006
       407;       545;         1;BR      ;30/10/2022 18:51:11;         472075;     156454011;          157;                 350810;                                     0,743123;       45344;             115975116;         36549;                92182279;                34999;                       88028107;            24860;                   44154705;                                     0,501598;                      10139;                             43873402;                                     0,498402;                431;                      1295941;                                     0,014058;             1119;                    2858231;                                     0,031006
       407;       545;         1;BR      ;30/10/2022 18:51:12;         472075;     156454011;          198;                 351008;                                     0,743543;       67276;             116042392;         53838;                92236117;                51405;                       88079512;            26590;                   44181295;                                     0,501607;                      24815;                             43898217;                                     0,498393;                846;                      1296787;                                     0,014059;             1587;                    2859818;                                     0,031005
       407;       545;         1;BR      ;30/10/2022 18:51:13;         472075;     156454011;          485;                 351493;                                     0,744570;      192876;             116235268;        150888;                92387005;               144463;                       88223975;            65761;                   44247056;                                     0,501531;                      78702;                             43976919;                                     0,498469;               1965;                      1298752;                                     0,014058;             4460;                    2864278;                                     0,031003
       407;       545;         1;BR      ;30/10/2022 18:51:14;         472075;     156454011;          189;                 351682;                                     0,744971;       62498;             116297766;         49912;                92436917;                47923;                       88271898;            21368;                   44268424;                                     0,501501;                      26555;                             44003474;                                     0,498499;                644;                      1299396;                                     0,014057;             1345;                    2865623;                                     0,031001
       407;       545;         1;BR      ;30/10/2022 18:51:15;         472075;     156454011;          190;                 351872;                                     0,745373;       59479;             116357245;         47616;                92484533;                45729;                       88317627;            24794;                   44293218;                                     0,501522;                      20935;                             44024409;                                     0,498478;                644;                      1300040;                                     0,014057;             1243;                    2866866;                                     0,030998
       407;       545;         1;BR      ;30/10/2022 18:51:16;         472075;     156454011;          112;                 351984;                                     0,745610;       33692;             116390937;         28073;                92512606;                27029;                       88344656;            15765;                   44308983;                                     0,501547;                      11264;                             44035673;                                     0,498453;                374;                      1300414;                                     0,014057;              670;                    2867536;                                     0,030996
       407;       545;         1;BR      ;30/10/2022 18:51:17;         472075;     156454011;          135;                 352119;                                     0,745896;       44067;             116435004;         33458;                92546064;                32431;                       88377087;            19984;                   44328967;                                     0,501589;                      12447;                             44048120;                                     0,498411;                371;                      1300785;                                     0,014056;              656;                    2868192;                                     0,030992
       407;       545;         1;BR      ;30/10/2022 18:51:18;         472075;     156454011;          148;                 352267;                                     0,746210;       44341;             116479345;         33984;                92580048;                32908;                       88409995;            17208;                   44346175;                                     0,501597;                      15700;                             44063820;                                     0,498403;                362;                      1301147;                                     0,014054;              714;                    2868906;                                     0,030988
       407;       545;         1;BR      ;30/10/2022 18:51:19;         472075;     156454011;           62;                 352329;                                     0,746341;       19147;             116498492;         15269;                92595317;                14741;                       88424736;             9033;                   44355208;                                     0,501615;                       5708;                             44069528;                                     0,498385;                144;                      1301291;                                     0,014054;              384;                    2869290;                                     0,030987
       407;       545;         1;BR      ;30/10/2022 18:51:20;         472075;     156454011;           94;                 352423;                                     0,746540;       29600;             116528092;         23160;                92618477;                22481;                       88447217;            11931;                   44367139;                                     0,501623;                      10550;                             44080078;                                     0,498377;                206;                      1301497;                                     0,014052;              473;                    2869763;                                     0,030985
       407;       545;         1;BR      ;30/10/2022 18:51:21;         472075;     156454011;           78;                 352501;                                     0,746706;       28322;             116556414;         22410;                92640887;                21228;                       88468445;             9091;                   44376230;                                     0,501605;                      12137;                             44092215;                                     0,498395;                367;                      1301864;                                     0,014053;              815;                    2870578;                                     0,030986
       407;       545;         1;BR      ;30/10/2022 18:51:22;         472075;     156454011;          468;                 352969;                                     0,747697;      162623;             116719037;        127368;                92768255;               119056;                       88587501;            63323;                   44439553;                                     0,501646;                      55733;                             44147948;                                     0,498354;               2589;                      1304453;                                     0,014061;             5723;                    2876301;                                     0,031005
       407;       545;         1;BR      ;30/10/2022 18:51:23;         472075;     156454011;          173;                 353142;                                     0,748063;       58868;             116777905;         46171;                92814426;                43600;                       88631101;            18691;                   44458244;                                     0,501610;                      24909;                             44172857;                                     0,498390;                865;                      1305318;                                     0,014064;             1706;                    2878007;                                     0,031008
       407;       545;         1;BR      ;30/10/2022 18:51:24;         472075;     156454011;          189;                 353331;                                     0,748464;       66115;             116844020;         51800;                92866226;                48922;                       88680023;            20113;                   44478357;                                     0,501560;                      28809;                             44201666;                                     0,498440;                948;                      1306266;                                     0,014066;             1930;                    2879937;                                     0,031012
       407;       545;         1;BR      ;30/10/2022 18:51:25;         472075;     156454011;           80;                 353411;                                     0,748633;       27651;             116871671;         21699;                92887925;                20483;                       88700506;             9029;                   44487386;                                     0,501546;                      11454;                             44213120;                                     0,498454;                425;                      1306691;                                     0,014067;              791;                    2880728;                                     0,031013
       407;       545;         1;BR      ;30/10/2022 18:51:26;         472075;     156454011;           56;                 353467;                                     0,748752;       18239;             116889910;         14439;                92902364;                13714;                       88714220;             6110;                   44493496;                                     0,501537;                       7604;                             44220724;                                     0,498463;                244;                      1306935;                                     0,014068;              481;                    2881209;                                     0,031013
       407;       545;         1;BR      ;30/10/2022 18:51:27;         472075;     156454011;            3;                 353470;                                     0,748758;        1004;             116890914;           835;                92903199;                  800;                       88715020;              407;                   44493903;                                     0,501537;                        393;                             44221117;                                     0,498463;                 11;                      1306946;                                     0,014068;               24;                    2881233;                                     0,031013
       407;       545;         1;BR      ;30/10/2022 18:51:31;         472075;     156454011;           75;                 353545;                                     0,748917;       22798;             116913712;         17392;                92920591;                17025;                       88732045;            10085;                   44503988;                                     0,501555;                       6940;                             44228057;                                     0,498445;                127;                      1307073;                                     0,014067;              240;                    2881473;                                     0,031010
       407;       545;         1;BR      ;30/10/2022 18:51:32;         472075;     156454011;          240;                 353785;                                     0,749425;       81212;             116994924;         65617;                92986208;                61335;                       88793380;            42432;                   44546420;                                     0,501686;                      18903;                             44246960;                                     0,498314;                979;                      1308052;                                     0,014067;             3303;                    2884776;                                     0,031024
       407;       545;         1;BR      ;30/10/2022 18:51:33;         472075;     156454011;           17;                 353802;                                     0,749461;        5350;             117000274;          4259;                92990467;                 4052;                       88797432;             3111;                   44549531;                                     0,501698;                        941;                             44247901;                                     0,498302;                 47;                      1308099;                                     0,014067;              160;                    2884936;                                     0,031024
       407;       545;         1;BR      ;30/10/2022 18:51:34;         472075;     156454011;            1;                 353803;                                     0,749464;         198;             117000472;           167;                92990634;                  161;                       88797593;              141;                   44549672;                                     0,501699;                         20;                             44247921;                                     0,498301;                  1;                      1308100;                                     0,014067;                5;                    2884941;                                     0,031024
       407;       545;         1;BR      ;30/10/2022 18:51:35;         472075;     156454011;          102;                 353905;                                     0,749680;       32228;             117032700;         25700;                93016334;                24496;                       88822089;            12227;                   44561899;                                     0,501698;                      12269;                             44260190;                                     0,498302;                386;                      1308486;                                     0,014067;              818;                    2885759;                                     0,031024
       407;       545;         1;BR      ;30/10/2022 18:51:36;         472075;     156454011;          186;                 354091;                                     0,750074;       60456;             117093156;         48106;                93064440;                45805;                       88867894;            22445;                   44584344;                                     0,501692;                      23360;                             44283550;                                     0,498308;                814;                      1309300;                                     0,014069;             1487;                    2887246;                                     0,031024
       407;       545;         1;BR      ;30/10/2022 18:51:37;         472075;     156454011;           25;                 354116;                                     0,750127;        6104;             117099260;          4909;                93069349;                 4678;                       88872572;             2146;                   44586490;                                     0,501690;                       2532;                             44286082;                                     0,498310;                 71;                      1309371;                                     0,014069;              160;                    2887406;                                     0,031024
       407;       545;         1;BR      ;30/10/2022 18:51:38;         472075;     156454011;           79;                 354195;                                     0,750294;       28120;             117127380;         22308;                93091657;                20800;                       88893372;            10854;                   44597344;                                     0,501695;                       9946;                             44296028;                                     0,498305;                297;                      1309668;                                     0,014069;             1211;                    2888617;                                     0,031030
       407;       545;         1;BR      ;30/10/2022 18:51:39;         472075;     156454011;           28;                 354223;                                     0,750353;        9897;             117137277;          8235;                93099892;                 7718;                       88901090;             4821;                   44602165;                                     0,501705;                       2897;                             44298925;                                     0,498295;                108;                      1309776;                                     0,014069;              409;                    2889026;                                     0,031031
       407;       545;         1;BR      ;30/10/2022 18:51:40;         472075;     156454011;          167;                 354390;                                     0,750707;       56702;             117193979;         46338;                93146230;                43497;                       88944587;            30314;                   44632479;                                     0,501801;                      13183;                             44312108;                                     0,498199;                603;                      1310379;                                     0,014068;             2238;                    2891264;                                     0,031040
       407;       545;         1;BR      ;30/10/2022 18:51:41;         472075;     156454011;          203;                 354593;                                     0,751137;       70097;             117264076;         59070;                93205300;                55596;                       89000183;            32830;                   44665309;                                     0,501856;                      22766;                             44334874;                                     0,498144;                752;                      1311131;                                     0,014067;             2722;                    2893986;                                     0,031050
       407;       545;         1;BR      ;30/10/2022 18:51:42;         472075;     156454011;           18;                 354611;                                     0,751175;        5638;             117269714;          4457;                93209757;                 4181;                       89004364;             3368;                   44668677;                                     0,501871;                        813;                             44335687;                                     0,498129;                 53;                      1311184;                                     0,014067;              223;                    2894209;                                     0,031050
       407;       545;         1;BR      ;30/10/2022 18:51:43;         472075;     156454011;           10;                 354621;                                     0,751196;        3687;             117273401;          2816;                93212573;                 2646;                       89007010;             1891;                   44670568;                                     0,501877;                        755;                             44336442;                                     0,498123;                 31;                      1311215;                                     0,014067;              139;                    2894348;                                     0,031051
       407;       545;         1;BR      ;30/10/2022 18:51:44;         472075;     156454011;           27;                 354648;                                     0,751254;        7885;             117281286;          5877;                93218450;                 5651;                       89012661;             2486;                   44673054;                                     0,501873;                       3165;                             44339607;                                     0,498127;                 57;                      1311272;                                     0,014067;              169;                    2894517;                                     0,031051
       407;       545;         1;BR      ;30/10/2022 18:51:45;         472075;     156454011;          110;                 354758;                                     0,751487;       33922;             117315208;         26936;                93245386;                25495;                       89038156;            17828;                   44690882;                                     0,501930;                       7667;                             44347274;                                     0,498070;                369;                      1311641;                                     0,014067;             1072;                    2895589;                                     0,031053
       407;       545;         1;BR      ;30/10/2022 18:51:46;         472075;     156454011;           67;                 354825;                                     0,751628;       24062;             117339270;         19560;                93264946;                18863;                       89057019;             6935;                   44697817;                                     0,501901;                      11928;                             44359202;                                     0,498099;                216;                      1311857;                                     0,014066;              481;                    2896070;                                     0,031052
       407;       545;         1;BR      ;30/10/2022 18:51:47;         472075;     156454011;           61;                 354886;                                     0,751758;       20895;             117360165;         17587;                93282533;                17062;                       89074081;             4686;                   44702503;                                     0,501858;                      12376;                             44371578;                                     0,498142;                209;                      1312066;                                     0,014066;              316;                    2896386;                                     0,031050
       407;       545;         1;BR      ;30/10/2022 18:51:48;         472075;     156454011;           69;                 354955;                                     0,751904;       22717;             117382882;         18707;                93301240;                18118;                       89092199;             5565;                   44708068;                                     0,501818;                      12553;                             44384131;                                     0,498182;                270;                      1312336;                                     0,014066;              319;                    2896705;                                     0,031047
       407;       545;         1;BR      ;30/10/2022 18:51:49;         472075;     156454011;           12;                 354967;                                     0,751929;        3793;             117386675;          3097;                93304337;                 3025;                       89095224;              953;                   44709021;                                     0,501812;                       2072;                             44386203;                                     0,498188;                 38;                      1312374;                                     0,014066;               34;                    2896739;                                     0,031046
       407;       545;         1;BR      ;30/10/2022 18:51:52;         472075;     156454011;           18;                 354985;                                     0,751967;        6274;             117392949;          5128;                93309465;                 4979;                       89100203;             1683;                   44710704;                                     0,501802;                       3296;                             44389499;                                     0,498198;                 62;                      1312436;                                     0,014065;               87;                    2896826;                                     0,031045
       407;       545;         1;BR      ;30/10/2022 18:52:17;         472075;     156454011;           99;                 355084;                                     0,752177;       32664;             117425613;         26076;                93335541;                25025;                       89125228;            14086;                   44724790;                                     0,501820;                      10939;                             44400438;                                     0,498180;                378;                      1312814;                                     0,014066;              673;                    2897499;                                     0,031044
       407;       545;         1;BR      ;30/10/2022 18:52:18;         472075;     156454011;          262;                 355346;                                     0,752732;       95789;             117521402;         75674;                93411215;                72451;                       89197679;            33560;                   44758350;                                     0,501788;                      38891;                             44439329;                                     0,498212;               1080;                      1313894;                                     0,014066;             2143;                    2899642;                                     0,031042
       407;       545;         1;BR      ;30/10/2022 18:52:19;         472075;     156454011;          616;                 355962;                                     0,754037;      239498;             117760900;        186264;                93597479;               178358;                       89376037;            78779;                   44837129;                                     0,501668;                      99579;                             44538908;                                     0,498332;               2333;                      1316227;                                     0,014063;             5573;                    2905215;                                     0,031039
       407;       545;         1;BR      ;30/10/2022 18:52:20;         472075;     156454011;          169;                 356131;                                     0,754395;       53085;             117813985;         42423;                93639902;                40588;                       89416625;            19133;                   44856262;                                     0,501655;                      21455;                             44560363;                                     0,498345;                640;                      1316867;                                     0,014063;             1195;                    2906410;                                     0,031038
       407;       545;         1;BR      ;30/10/2022 18:52:21;         472075;     156454011;          160;                 356291;                                     0,754734;       50238;             117864223;         39475;                93679377;                37849;                       89454474;            18829;                   44875091;                                     0,501653;                      19020;                             44579383;                                     0,498347;                558;                      1317425;                                     0,014063;             1068;                    2907478;                                     0,031036
       407;       545;         1;BR      ;30/10/2022 18:52:22;         472075;     156454011;           83;                 356374;                                     0,754910;       24675;             117888898;         20355;                93699732;                19689;                       89474163;            15258;                   44890349;                                     0,501713;                       4431;                             44583814;                                     0,498287;                240;                      1317665;                                     0,014063;              426;                    2907904;                                     0,031034
       407;       545;         1;BR      ;30/10/2022 18:52:23;         472075;     156454011;          159;                 356533;                                     0,755247;       45815;             117934713;         38178;                93737910;                36671;                       89510834;            25240;                   44915589;                                     0,501789;                      11431;                             44595245;                                     0,498211;                529;                      1318194;                                     0,014063;              978;                    2908882;                                     0,031032
       407;       545;         1;BR      ;30/10/2022 18:52:24;         472075;     156454011;          159;                 356692;                                     0,755583;       50969;             117985682;         41026;                93778936;                39531;                       89550365;            19202;                   44934791;                                     0,501782;                      20329;                             44615574;                                     0,498218;                569;                      1318763;                                     0,014062;              926;                    2909808;                                     0,031028
       407;       545;         1;BR      ;30/10/2022 18:52:25;         472075;     156454011;          150;                 356842;                                     0,755901;       43851;             118029533;         33465;                93812401;                32644;                       89583009;            22941;                   44957732;                                     0,501856;                       9703;                             44625277;                                     0,498144;                305;                      1319068;                                     0,014061;              516;                    2910324;                                     0,031023
       407;       545;         1;BR      ;30/10/2022 18:52:26;         472075;     156454011;          125;                 356967;                                     0,756166;       38239;             118067772;         30033;                93842434;                29114;                       89612123;            13920;                   44971652;                                     0,501848;                      15194;                             44640471;                                     0,498152;                338;                      1319406;                                     0,014060;              581;                    2910905;                                     0,031019
       407;       545;         1;BR      ;30/10/2022 18:52:27;         472075;     156454011;           31;                 356998;                                     0,756232;       10094;             118077866;          8223;                93850657;                 7941;                       89620064;             5302;                   44976954;                                     0,501863;                       2639;                             44643110;                                     0,498137;                 79;                      1319485;                                     0,014059;              203;                    2911108;                                     0,031019
       407;       545;         1;BR      ;30/10/2022 18:52:28;         472075;     156454011;           88;                 357086;                                     0,756418;       26263;             118104129;         20362;                93871019;                19792;                       89639856;            13178;                   44990132;                                     0,501899;                       6614;                             44649724;                                     0,498101;                164;                      1319649;                                     0,014058;              406;                    2911514;                                     0,031016
       407;       545;         1;BR      ;30/10/2022 18:52:29;         472075;     156454011;          138;                 357224;                                     0,756710;       48111;             118152240;         37133;                93908152;                35323;                       89675179;            12791;                   45002923;                                     0,501844;                      22532;                             44672256;                                     0,498156;                609;                      1320258;                                     0,014059;             1201;                    2912715;                                     0,031017
       407;       545;         1;BR      ;30/10/2022 18:52:30;         472075;     156454011;           95;                 357319;                                     0,756912;       32785;             118185025;         25486;                93933638;                23942;                       89699121;             9780;                   45012703;                                     0,501819;                      14162;                             44686418;                                     0,498181;                500;                      1320758;                                     0,014061;             1044;                    2913759;                                     0,031019
       407;       545;         1;BR      ;30/10/2022 18:52:31;         472075;     156454011;          609;                 357928;                                     0,758202;      215329;             118400354;        170383;                94104021;               159180;                       89858301;            82469;                   45095172;                                     0,501848;                      76711;                             44763129;                                     0,498152;               3470;                      1324228;                                     0,014072;             7733;                    2921492;                                     0,031045
       407;       545;         1;BR      ;30/10/2022 18:52:32;         472075;     156454011;          181;                 358109;                                     0,758585;       62327;             118462681;         49827;                94153848;                46929;                       89905230;            21298;                   45116470;                                     0,501823;                      25631;                             44788760;                                     0,498177;                929;                      1325157;                                     0,014074;             1969;                    2923461;                                     0,031050
       407;       545;         1;BR      ;30/10/2022 18:52:33;         472075;     156454011;          186;                 358295;                                     0,758979;       63148;             118525829;         49442;                94203290;                46664;                       89951894;            20438;                   45136908;                                     0,501789;                      26226;                             44814986;                                     0,498211;                973;                      1326130;                                     0,014077;             1805;                    2925266;                                     0,031053
       407;       545;         1;BR      ;30/10/2022 18:52:34;         472075;     156454011;            5;                 358300;                                     0,758990;        1281;             118527110;          1002;                94204292;                  937;                       89952831;              375;                   45137283;                                     0,501788;                        562;                             44815548;                                     0,498212;                 21;                      1326151;                                     0,014077;               44;                    2925310;                                     0,031053
       407;       545;         1;BR      ;30/10/2022 18:52:35;         472075;     156454011;           11;                 358311;                                     0,759013;        3834;             118530944;          3062;                94207354;                 2899;                       89955730;             1278;                   45138561;                                     0,501786;                       1621;                             44817169;                                     0,498214;                 52;                      1326203;                                     0,014077;              111;                    2925421;                                     0,031053
       407;       545;         1;BR      ;30/10/2022 18:52:36;         472075;     156454011;           57;                 358368;                                     0,759134;       17641;             118548585;         13227;                94220581;                12515;                       89968245;             5255;                   45143816;                                     0,501775;                       7260;                             44824429;                                     0,498225;                232;                      1326435;                                     0,014078;              480;                    2925901;                                     0,031054
       407;       545;         1;BR      ;30/10/2022 18:52:37;         472075;     156454011;          297;                 358665;                                     0,759763;      102738;             118651323;         80580;                94301161;                76337;                       90044582;            31863;                   45175679;                                     0,501703;                      44474;                             44868903;                                     0,498297;               1400;                      1327835;                                     0,014081;             2843;                    2928744;                                     0,031057
       407;       545;         1;BR      ;30/10/2022 18:52:38;         472075;     156454011;           55;                 358720;                                     0,759879;       17885;             118669208;         13967;                94315128;                13177;                       90057759;             5637;                   45181316;                                     0,501693;                       7540;                             44876443;                                     0,498307;                221;                      1328056;                                     0,014081;              569;                    2929313;                                     0,031059
       407;       545;         1;BR      ;30/10/2022 18:52:42;         472075;     156454011;           53;                 358773;                                     0,759992;       16364;             118685572;         12553;                94327681;                12295;                       90070054;             6629;                   45187945;                                     0,501698;                       5666;                             44882109;                                     0,498302;                 91;                      1328147;                                     0,014080;              167;                    2929480;                                     0,031056
       407;       545;         1;BR      ;30/10/2022 18:52:43;         472075;     156454011;          111;                 358884;                                     0,760227;       31478;             118717050;         24139;                94351820;                23257;                       90093311;            16248;                   45204193;                                     0,501749;                       7009;                             44889118;                                     0,498251;                224;                      1328371;                                     0,014079;              658;                    2930138;                                     0,031055
       407;       545;         1;BR      ;30/10/2022 18:52:44;         472075;     156454011;          290;                 359174;                                     0,760841;      100008;             118817058;         82143;                94433963;                76828;                       90170139;            52404;                   45256597;                                     0,501902;                      24424;                             44913542;                                     0,498098;               1241;                      1329612;                                     0,014080;             4074;                    2934212;                                     0,031072
       407;       545;         1;BR      ;30/10/2022 18:52:45;         472075;     156454011;           98;                 359272;                                     0,761049;       30689;             118847747;         23993;                94457956;                22806;                       90192945;            16672;                   45273269;                                     0,501960;                       6134;                             44919676;                                     0,498040;                275;                      1329887;                                     0,014079;              912;                    2935124;                                     0,031073
       407;       545;         1;BR      ;30/10/2022 18:52:46;         472075;     156454011;           70;                 359342;                                     0,761197;       20955;             118868702;         16528;                94474484;                15626;                       90208571;            11988;                   45285257;                                     0,502006;                       3638;                             44923314;                                     0,497994;                245;                      1330132;                                     0,014079;              657;                    2935781;                                     0,031075
       407;       545;         1;BR      ;30/10/2022 18:52:47;         472075;     156454011;           15;                 359357;                                     0,761229;        4066;             118872768;          3207;                94477691;                 3018;                       90211589;             2354;                   45287611;                                     0,502015;                        664;                             44923978;                                     0,497985;                 37;                      1330169;                                     0,014079;              152;                    2935933;                                     0,031075
       407;       545;         1;BR      ;30/10/2022 18:52:48;         472075;     156454011;           25;                 359382;                                     0,761282;        8501;             118881269;          6801;                94484492;                 6391;                       90217980;             4343;                   45291954;                                     0,502028;                       2048;                             44926026;                                     0,497972;                 94;                      1330263;                                     0,014079;              316;                    2936249;                                     0,031077
       407;       545;         1;BR      ;30/10/2022 18:52:49;         472075;     156454011;           76;                 359458;                                     0,761443;       23636;             118904905;         18890;                94503382;                18210;                       90236190;             7897;                   45299851;                                     0,502014;                      10313;                             44936339;                                     0,497986;                269;                      1330532;                                     0,014079;              411;                    2936660;                                     0,031075
       407;       545;         1;BR      ;30/10/2022 18:52:50;         472075;     156454011;          151;                 359609;                                     0,761762;       51491;             118956396;         40970;                94544352;                39035;                       90275225;            18756;                   45318607;                                     0,502005;                      20279;                             44956618;                                     0,497995;                741;                      1331273;                                     0,014081;             1194;                    2937854;                                     0,031074
       407;       545;         1;BR      ;30/10/2022 18:52:51;         472075;     156454011;           24;                 359633;                                     0,761813;        7079;             118963475;          5738;                94550090;                 5497;                       90280722;             2995;                   45321602;                                     0,502008;                       2502;                             44959120;                                     0,497992;                 78;                      1331351;                                     0,014081;              163;                    2938017;                                     0,031074
       407;       545;         1;BR      ;30/10/2022 18:52:52;         472075;     156454011;           23;                 359656;                                     0,761862;        6583;             118970058;          5271;                94555361;                 5048;                       90285770;             2115;                   45323717;                                     0,502003;                       2933;                             44962053;                                     0,497997;                 76;                      1331427;                                     0,014081;              147;                    2938164;                                     0,031073
       407;       545;         1;BR      ;30/10/2022 18:52:53;         472075;     156454011;          144;                 359800;                                     0,762167;       53505;             119023563;         42334;                94597695;                39446;                       90325216;            19647;                   45343364;                                     0,502001;                      19799;                             44981852;                                     0,497999;                649;                      1332076;                                     0,014081;             2239;                    2940403;                                     0,031083
       407;       545;         1;BR      ;30/10/2022 18:52:54;         472075;     156454011;          153;                 359953;                                     0,762491;       49928;             119073491;         39904;                94637599;                37606;                       90362822;            22338;                   45365702;                                     0,502039;                      15268;                             44997120;                                     0,497961;                476;                      1332552;                                     0,014081;             1822;                    2942225;                                     0,031089
       407;       545;         1;BR      ;30/10/2022 18:52:55;         472075;     156454011;          124;                 360077;                                     0,762754;       40103;             119113594;         32161;                94669760;                30229;                       90393051;            21314;                   45387016;                                     0,502107;                       8915;                             45006035;                                     0,497893;                389;                      1332941;                                     0,014080;             1543;                    2943768;                                     0,031095
       407;       545;         1;BR      ;30/10/2022 18:52:56;         472075;     156454011;          235;                 360312;                                     0,763252;       81236;             119194830;         69160;                94738920;                64804;                       90457855;            40491;                   45427507;                                     0,502195;                      24313;                             45030348;                                     0,497805;                963;                      1333904;                                     0,014080;             3393;                    2947161;                                     0,031108
       407;       545;         1;BR      ;30/10/2022 18:52:57;         472075;     156454011;           36;                 360348;                                     0,763328;       11378;             119206208;          9442;                94748362;                 8825;                       90466680;             6488;                   45433995;                                     0,502218;                       2337;                             45032685;                                     0,497782;                113;                      1334017;                                     0,014080;              504;                    2947665;                                     0,031110
       407;       545;         1;BR      ;30/10/2022 18:52:59;         472075;     156454011;            9;                 360357;                                     0,763347;        3219;             119209427;          2568;                94750930;                 2426;                       90469106;             1552;                   45435547;                                     0,502222;                        874;                             45033559;                                     0,497778;                 35;                      1334052;                                     0,014080;              107;                    2947772;                                     0,031111
       407;       545;         1;BR      ;30/10/2022 18:53:00;         472075;     156454011;           90;                 360447;                                     0,763538;       27200;             119236627;         22058;                94772988;                20836;                       90489942;            14767;                   45450314;                                     0,502269;                       6069;                             45039628;                                     0,497731;                306;                      1334358;                                     0,014080;              916;                    2948688;                                     0,031113
       407;       545;         1;BR      ;30/10/2022 18:53:01;         472075;     156454011;           62;                 360509;                                     0,763669;       22424;             119259051;         18396;                94791384;                17689;                       90507631;             6639;                   45456953;                                     0,502244;                      11050;                             45050678;                                     0,497756;                258;                      1334616;                                     0,014080;              449;                    2949137;                                     0,031112
       407;       545;         1;BR      ;30/10/2022 18:53:02;         472075;     156454011;           71;                 360580;                                     0,763819;       23407;             119282458;         19461;                94810845;                18868;                       90526499;             5943;                   45462896;                                     0,502205;                      12925;                             45063603;                                     0,497795;                245;                      1334861;                                     0,014079;              348;                    2949485;                                     0,031109
       407;       545;         1;BR      ;30/10/2022 18:53:03;         472075;     156454011;          113;                 360693;                                     0,764059;       37338;             119319796;         30913;                94841758;                29938;                       90556437;             8511;                   45471407;                                     0,502133;                      21427;                             45085030;                                     0,497867;                390;                      1335251;                                     0,014079;              585;                    2950070;                                     0,031105
       407;       545;         1;BR      ;30/10/2022 18:53:04;         472075;     156454011;            5;                 360698;                                     0,764069;        1925;             119321721;          1554;                94843312;                 1511;                       90557948;              583;                   45471990;                                     0,502131;                        928;                             45085958;                                     0,497869;                 19;                      1335270;                                     0,014079;               24;                    2950094;                                     0,031105
       407;       545;         1;BR      ;30/10/2022 18:53:05;         472075;     156454011;           13;                 360711;                                     0,764097;        3856;             119325577;          3269;                94846581;                 3177;                       90561125;              997;                   45472987;                                     0,502125;                       2180;                             45088138;                                     0,497875;                 30;                      1335300;                                     0,014079;               62;                    2950156;                                     0,031105
       407;       545;         1;BR      ;30/10/2022 18:53:06;         472075;     156454011;            6;                 360717;                                     0,764110;        1993;             119327570;          1675;                94848256;                 1627;                       90562752;              502;                   45473489;                                     0,502121;                       1125;                             45089263;                                     0,497879;                 17;                      1335317;                                     0,014078;               31;                    2950187;                                     0,031104
       407;       545;         1;BR      ;30/10/2022 18:53:23;         472075;     156454011;           77;                 360794;                                     0,764273;       25962;             119353532;         19572;                94867828;                18330;                       90581082;            10171;                   45483660;                                     0,502132;                       8159;                             45097422;                                     0,497868;                257;                      1335574;                                     0,014078;              985;                    2951172;                                     0,031108
       407;       545;         1;BR      ;30/10/2022 18:53:24;         472075;     156454011;          232;                 361026;                                     0,764764;       82935;             119436467;         65679;                94933507;                62971;                       90644053;            34080;                   45517740;                                     0,502159;                      28891;                             45126313;                                     0,497841;                902;                      1336476;                                     0,014078;             1806;                    2952978;                                     0,031106
       407;       545;         1;BR      ;30/10/2022 18:53:25;         472075;     156454011;          600;                 361626;                                     0,766035;      229774;             119666241;        179026;                95112533;               171515;                       90815568;            77583;                   45595323;                                     0,502065;                      93932;                             45220245;                                     0,497935;               2327;                      1338803;                                     0,014076;             5184;                    2958162;                                     0,031102
       407;       545;         1;BR      ;30/10/2022 18:53:26;         472075;     156454011;          235;                 361861;                                     0,766533;       77446;             119743687;         61080;                95173613;                58698;                       90874266;            27628;                   45622951;                                     0,502045;                      31070;                             45251315;                                     0,497955;                844;                      1339647;                                     0,014076;             1538;                    2959700;                                     0,031098
       407;       545;         1;BR      ;30/10/2022 18:53:27;         472075;     156454011;          202;                 362063;                                     0,766961;       63008;             119806695;         50486;                95224099;                48288;                       90922554;            23855;                   45646806;                                     0,502041;                      24433;                             45275748;                                     0,497959;                747;                      1340394;                                     0,014076;             1451;                    2961151;                                     0,031097
       407;       545;         1;BR      ;30/10/2022 18:53:28;         472075;     156454011;          149;                 362212;                                     0,767276;       43175;             119849870;         34197;                95258296;                32837;                       90955391;            19925;                   45666731;                                     0,502078;                      12912;                             45288660;                                     0,497922;                453;                      1340847;                                     0,014076;              907;                    2962058;                                     0,031095
       407;       545;         1;BR      ;30/10/2022 18:53:29;         472075;     156454011;          183;                 362395;                                     0,767664;       53463;             119903333;         44462;                95302758;                42861;                       90998252;            30891;                   45697622;                                     0,502181;                      11970;                             45300630;                                     0,497819;                541;                      1341388;                                     0,014075;             1060;                    2963118;                                     0,031092
       407;       545;         1;BR      ;30/10/2022 18:53:30;         472075;     156454011;          118;                 362513;                                     0,767914;       38206;             119941539;         30965;                95333723;                29907;                       91028159;            12879;                   45710501;                                     0,502158;                      17028;                             45317658;                                     0,497842;                375;                      1341763;                                     0,014074;              683;                    2963801;                                     0,031089
       407;       545;         1;BR      ;30/10/2022 18:53:31;         472075;     156454011;           94;                 362607;                                     0,768113;       27724;             119969263;         21009;                95354732;                20477;                       91048636;            15320;                   45725821;                                     0,502213;                       5157;                             45322815;                                     0,497787;                175;                      1341938;                                     0,014073;              357;                    2964158;                                     0,031086
       407;       545;         1;BR      ;30/10/2022 18:53:32;         472075;     156454011;           89;                 362696;                                     0,768302;       28400;             119997663;         22190;                95376922;                21521;                       91070157;            11386;                   45737207;                                     0,502219;                      10135;                             45332950;                                     0,497781;                243;                      1342181;                                     0,014072;              426;                    2964584;                                     0,031083
       407;       545;         1;BR      ;30/10/2022 18:53:33;         472075;     156454011;           80;                 362776;                                     0,768471;       24475;             120022138;         19850;                95396772;                19232;                       91089389;            11194;                   45748401;                                     0,502236;                       8038;                             45340988;                                     0,497764;                182;                      1342363;                                     0,014071;              436;                    2965020;                                     0,031081
       407;       545;         1;BR      ;30/10/2022 18:53:34;         472075;     156454011;          133;                 362909;                                     0,768753;       44278;             120066416;         34894;                95431666;                33324;                       91122713;            15529;                   45763930;                                     0,502223;                      17795;                             45358783;                                     0,497777;                493;                      1342856;                                     0,014071;             1077;                    2966097;                                     0,031081
       407;       545;         1;BR      ;30/10/2022 18:53:35;         472075;     156454011;          367;                 363276;                                     0,769530;      128472;             120194888;        101211;                95532877;                94478;                       91217191;            49135;                   45813065;                                     0,502242;                      45343;                             45404126;                                     0,497758;               2054;                      1344910;                                     0,014078;             4679;                    2970776;                                     0,031097
       407;       545;         1;BR      ;30/10/2022 18:53:36;         472075;     156454011;           25;                 363301;                                     0,769583;        8205;             120203093;          6435;                95539312;                 6002;                       91223193;             3142;                   45816207;                                     0,502243;                       2860;                             45406986;                                     0,497757;                126;                      1345036;                                     0,014078;              307;                    2971083;                                     0,031098
       407;       545;         1;BR      ;30/10/2022 18:53:37;         472075;     156454011;           39;                 363340;                                     0,769666;       12614;             120215707;          9695;                95549007;                 9278;                       91232471;             4360;                   45820567;                                     0,502240;                       4918;                             45411904;                                     0,497760;                133;                      1345169;                                     0,014078;              284;                    2971367;                                     0,031098
       407;       545;         1;BR      ;30/10/2022 18:53:38;         472075;     156454011;          113;                 363453;                                     0,769905;       40612;             120256319;         32175;                95581182;                30316;                       91262787;            13305;                   45833872;                                     0,502219;                      17011;                             45428915;                                     0,497781;                613;                      1345782;                                     0,014080;             1246;                    2972613;                                     0,031100
       407;       545;         1;BR      ;30/10/2022 18:53:39;         472075;     156454011;          271;                 363724;                                     0,770479;       92257;             120348576;         73622;                95654804;                69325;                       91332112;            31271;                   45865143;                                     0,502180;                      38054;                             45466969;                                     0,497820;               1378;                      1347160;                                     0,014084;             2919;                    2975532;                                     0,031107
       407;       545;         1;BR      ;30/10/2022 18:53:40;         472075;     156454011;          170;                 363894;                                     0,770839;       56820;             120405396;         44446;                95699250;                42017;                       91374129;            19642;                   45884785;                                     0,502164;                      22375;                             45489344;                                     0,497836;                821;                      1347981;                                     0,014086;             1608;                    2977140;                                     0,031109
       407;       545;         1;BR      ;30/10/2022 18:53:41;         472075;     156454011;          177;                 364071;                                     0,771214;       60697;             120466093;         47921;                95747171;                45317;                       91419446;            19407;                   45904192;                                     0,502127;                      25910;                             45515254;                                     0,497873;                967;                      1348948;                                     0,014089;             1637;                    2978777;                                     0,031111
       407;       545;         1;BR      ;30/10/2022 18:53:42;         472075;     156454011;          208;                 364279;                                     0,771655;       72241;             120538334;         56590;                95803761;                53268;                       91472714;            23181;                   45927373;                                     0,502088;                      30087;                             45545341;                                     0,497912;               1063;                      1350011;                                     0,014091;             2259;                    2981036;                                     0,031116
       407;       545;         1;BR      ;30/10/2022 18:53:43;         472075;     156454011;           11;                 364290;                                     0,771678;        3617;             120541951;          2912;                95806673;                 2770;                       91475484;             1098;                   45928471;                                     0,502085;                       1672;                             45547013;                                     0,497915;                 58;                      1350069;                                     0,014092;               84;                    2981120;                                     0,031116
       407;       545;         1;BR      ;30/10/2022 18:53:47;         472075;     156454011;           84;                 364374;                                     0,771856;       26469;             120568420;         19927;                95826600;                19499;                       91494983;            12100;                   45940571;                                     0,502110;                       7399;                             45554412;                                     0,497890;                146;                      1350215;                                     0,014090;              282;                    2981402;                                     0,031112
       407;       545;         1;BR      ;30/10/2022 18:53:48;         472075;     156454011;          174;                 364548;                                     0,772225;       59425;             120627845;         48694;                95875294;                45929;                       91540912;            30615;                   45971186;                                     0,502193;                      15314;                             45569726;                                     0,497807;                664;                      1350879;                                     0,014090;             2101;                    2983503;                                     0,031119
       407;       545;         1;BR      ;30/10/2022 18:53:49;         472075;     156454011;           94;                 364642;                                     0,772424;       29001;             120656846;         23655;                95898949;                22282;                       91563194;            16183;                   45987369;                                     0,502247;                       6099;                             45575825;                                     0,497753;                332;                      1351211;                                     0,014090;             1041;                    2984544;                                     0,031122
       407;       545;         1;BR      ;30/10/2022 18:53:50;         472075;     156454011;          109;                 364751;                                     0,772655;       33574;             120690420;         26447;                95925396;                25057;                       91588251;            18665;                   46006034;                                     0,502314;                       6392;                             45582217;                                     0,497686;                337;                      1351548;                                     0,014090;             1053;                    2985597;                                     0,031124
       407;       545;         1;BR      ;30/10/2022 18:53:51;         472075;     156454011;           48;                 364799;                                     0,772756;       14287;             120704707;         11102;                95936498;                10517;                       91598768;             8214;                   46014248;                                     0,502346;                       2303;                             45584520;                                     0,497654;                153;                      1351701;                                     0,014090;              432;                    2986029;                                     0,031125
       407;       545;         1;BR      ;30/10/2022 18:53:52;         472075;     156454011;            2;                 364801;                                     0,772761;         519;             120705226;           403;                95936901;                  384;                       91599152;              346;                   46014594;                                     0,502347;                         38;                             45584558;                                     0,497653;                  3;                      1351704;                                     0,014090;               16;                    2986045;                                     0,031125
       407;       545;         1;BR      ;30/10/2022 18:53:53;         472075;     156454011;          141;                 364942;                                     0,773059;       48306;             120753532;         37806;                95974707;                36068;                       91635220;            18879;                   46033473;                                     0,502356;                      17189;                             45601747;                                     0,497644;                688;                      1352392;                                     0,014091;             1050;                    2987095;                                     0,031124
       407;       545;         1;BR      ;30/10/2022 18:53:54;         472075;     156454011;          115;                 365057;                                     0,773303;       35848;             120789380;         28884;                96003591;                27447;                       91662667;            13483;                   46046956;                                     0,502352;                      13964;                             45615711;                                     0,497648;                537;                      1352929;                                     0,014092;              900;                    2987995;                                     0,031124
       407;       545;         1;BR      ;30/10/2022 18:53:55;         472075;     156454011;           66;                 365123;                                     0,773443;       19216;             120808596;         15867;                96019458;                15210;                       91677877;             6428;                   46053384;                                     0,502339;                       8782;                             45624493;                                     0,497661;                264;                      1353193;                                     0,014093;              393;                    2988388;                                     0,031123
       407;       545;         1;BR      ;30/10/2022 18:53:56;         472075;     156454011;            4;                 365127;                                     0,773451;        1371;             120809967;          1117;                96020575;                 1082;                       91678959;              327;                   46053711;                                     0,502337;                        755;                             45625248;                                     0,497663;                 15;                      1353208;                                     0,014093;               20;                    2988408;                                     0,031123
       407;       545;         1;BR      ;30/10/2022 18:53:57;         472075;     156454011;           97;                 365224;                                     0,773657;       29671;             120839638;         23792;                96044367;                22622;                       91701581;            10028;                   46063739;                                     0,502322;                      12594;                             45637842;                                     0,497678;                312;                      1353520;                                     0,014093;              858;                    2989266;                                     0,031124
       407;       545;         1;BR      ;30/10/2022 18:53:58;         472075;     156454011;          114;                 365338;                                     0,773898;       39294;             120878932;         33189;                96077556;                31135;                       91732716;            20143;                   46083882;                                     0,502371;                      10992;                             45648834;                                     0,497629;                461;                      1353981;                                     0,014093;             1593;                    2990859;                                     0,031130
       407;       545;         1;BR      ;30/10/2022 18:53:59;         472075;     156454011;          135;                 365473;                                     0,774184;       45405;             120924337;         37943;                96115499;                35561;                       91768277;            22518;                   46106400;                                     0,502422;                      13043;                             45661877;                                     0,497578;                487;                      1354468;                                     0,014092;             1895;                    2992754;                                     0,031137
       407;       545;         1;BR      ;30/10/2022 18:54:00;         472075;     156454011;           30;                 365503;                                     0,774248;        8684;             120933021;          6905;                96122404;                 6440;                       91774717;             5071;                   46111471;                                     0,502442;                       1369;                             45663246;                                     0,497558;                 85;                      1354553;                                     0,014092;              380;                    2993134;                                     0,031139
       407;       545;         1;BR      ;30/10/2022 18:54:01;         472075;     156454011;            5;                 365508;                                     0,774258;        1732;             120934753;          1353;                96123757;                 1263;                       91775980;              994;                   46112465;                                     0,502446;                        269;                             45663515;                                     0,497554;                 17;                      1354570;                                     0,014092;               73;                    2993207;                                     0,031139
       407;       545;         1;BR      ;30/10/2022 18:54:02;         472075;     156454011;           27;                 365535;                                     0,774316;        8115;             120942868;          6347;                96130104;                 5968;                       91781948;             4158;                   46116623;                                     0,502459;                       1810;                             45665325;                                     0,497541;                 90;                      1354660;                                     0,014092;              289;                    2993496;                                     0,031140
       407;       545;         1;BR      ;30/10/2022 18:54:03;         472075;     156454011;           30;                 365565;                                     0,774379;        8176;             120951044;          6579;                96136683;                 6144;                       91788092;             4048;                   46120671;                                     0,502469;                       2096;                             45667421;                                     0,497531;                116;                      1354776;                                     0,014092;              319;                    2993815;                                     0,031141
       407;       545;         1;BR      ;30/10/2022 18:54:04;         472075;     156454011;           74;                 365639;                                     0,774536;       26791;             120977835;         21654;                96158337;                20870;                       91808962;             8421;                   46129092;                                     0,502447;                      12449;                             45679870;                                     0,497553;                255;                      1355031;                                     0,014092;              529;                    2994344;                                     0,031140
       407;       545;         1;BR      ;30/10/2022 18:54:05;         472075;     156454011;          124;                 365763;                                     0,774798;       44402;             121022237;         36352;                96194689;                35205;                       91844167;            10402;                   46139494;                                     0,502367;                      24803;                             45704673;                                     0,497633;                406;                      1355437;                                     0,014091;              741;                    2995085;                                     0,031136
       407;       545;         1;BR      ;30/10/2022 18:54:06;         472075;     156454011;           98;                 365861;                                     0,775006;       32512;             121054749;         26898;                96221587;                26115;                       91870282;             6936;                   46146430;                                     0,502300;                      19179;                             45723852;                                     0,497700;                320;                      1355757;                                     0,014090;              463;                    2995548;                                     0,031132
       407;       545;         1;BR      ;30/10/2022 18:54:07;         472075;     156454011;           10;                 365871;                                     0,775027;        3020;             121057769;          2553;                96224140;                 2480;                       91872762;              615;                   46147045;                                     0,502293;                       1865;                             45725717;                                     0,497707;                 26;                      1355783;                                     0,014090;               47;                    2995595;                                     0,031131
       407;       545;         1;BR      ;30/10/2022 18:54:08;         472075;     156454011;            5;                 365876;                                     0,775038;        1274;             121059043;          1137;                96225277;                 1114;                       91873876;              287;                   46147332;                                     0,502290;                        827;                             45726544;                                     0,497710;                 15;                      1355798;                                     0,014090;                8;                    2995603;                                     0,031131
       407;       545;         1;BR      ;30/10/2022 18:54:11;         472075;     156454011;            4;                 365880;                                     0,775046;        1035;             121060078;           837;                96226114;                  811;                       91874687;              380;                   46147712;                                     0,502290;                        431;                             45726975;                                     0,497710;                  9;                      1355807;                                     0,014090;               17;                    2995620;                                     0,031131
       407;       545;         1;BR      ;30/10/2022 18:54:28;         472075;     156454011;           84;                 365964;                                     0,775224;       27996;             121088074;         20759;                96246873;                19629;                       91894316;            11312;                   46159024;                                     0,502306;                       8317;                             45735292;                                     0,497694;                243;                      1356050;                                     0,014089;              887;                    2996507;                                     0,031134
       407;       545;         1;BR      ;30/10/2022 18:54:29;         472075;     156454011;          176;                 366140;                                     0,775597;       58225;             121146299;         46668;                96293541;                44015;                       91938331;            26994;                   46186018;                                     0,502359;                      17021;                             45752313;                                     0,497641;                590;                      1356640;                                     0,014089;             2063;                    2998570;                                     0,031140
       407;       545;         1;BR      ;30/10/2022 18:54:30;         472075;     156454011;          105;                 366245;                                     0,775820;       30274;             121176573;         24449;                96317990;                23527;                       91961858;            16684;                   46202702;                                     0,502412;                       6843;                             45759156;                                     0,497588;                268;                      1356908;                                     0,014088;              654;                    2999224;                                     0,031139
       407;       545;         1;BR      ;30/10/2022 18:54:31;         472075;     156454011;          279;                 366524;                                     0,776411;      102478;             121279051;         81591;                96399581;                78170;                       92040028;            35961;                   46238663;                                     0,502376;                      42209;                             45801365;                                     0,497624;               1175;                      1358083;                                     0,014088;             2246;                    3001470;                                     0,031136
       407;       545;         1;BR      ;30/10/2022 18:54:32;         472075;     156454011;          581;                 367105;                                     0,777641;      222696;             121501747;        171764;                96571345;               164637;                       92204665;            74735;                   46313398;                                     0,502289;                      89902;                             45891267;                                     0,497711;               2145;                      1360228;                                     0,014085;             4982;                    3006452;                                     0,031132
       407;       545;         1;BR      ;30/10/2022 18:54:33;         472075;     156454011;          147;                 367252;                                     0,777953;       48153;             121549900;         38091;                96609436;                36573;                       92241238;            19626;                   46333024;                                     0,502303;                      16947;                             45908214;                                     0,497697;                507;                      1360735;                                     0,014085;             1011;                    3007463;                                     0,031130
       407;       545;         1;BR      ;30/10/2022 18:54:34;         472075;     156454011;          146;                 367398;                                     0,778262;       46302;             121596202;         37214;                96646650;                35659;                       92276897;            17011;                   46350035;                                     0,502293;                      18648;                             45926862;                                     0,497707;                558;                      1361293;                                     0,014085;              997;                    3008460;                                     0,031128
       407;       545;         1;BR      ;30/10/2022 18:54:35;         472075;     156454011;           91;                 367489;                                     0,778455;       29375;             121625577;         23491;                96670141;                22569;                       92299466;            11548;                   46361583;                                     0,502295;                      11021;                             45937883;                                     0,497705;                312;                      1361605;                                     0,014085;              610;                    3009070;                                     0,031127
       407;       545;         1;BR      ;30/10/2022 18:54:36;         472075;     156454011;          118;                 367607;                                     0,778705;       34030;             121659607;         27629;                96697770;                26553;                       92326019;            18205;                   46379788;                                     0,502348;                       8348;                             45946231;                                     0,497652;                342;                      1361947;                                     0,014085;              734;                    3009804;                                     0,031126
       407;       545;         1;BR      ;30/10/2022 18:54:37;         472075;     156454011;          158;                 367765;                                     0,779039;       47657;             121707264;         38468;                96736238;                37195;                       92363214;            19948;                   46399736;                                     0,502362;                      17247;                             45963478;                                     0,497638;                501;                      1362448;                                     0,014084;              772;                    3010576;                                     0,031121
       407;       545;         1;BR      ;30/10/2022 18:54:38;         472075;     156454011;          129;                 367894;                                     0,779313;       39298;             121746562;         30007;                96766245;                29201;                       92392415;            22320;                   46422056;                                     0,502444;                       6881;                             45970359;                                     0,497556;                232;                      1362680;                                     0,014082;              574;                    3011150;                                     0,031118
       407;       545;         1;BR      ;30/10/2022 18:54:39;         472075;     156454011;           56;                 367950;                                     0,779431;       18433;             121764995;         14749;                96780994;                14287;                       92406702;             6665;                   46428721;                                     0,502439;                       7622;                             45977981;                                     0,497561;                169;                      1362849;                                     0,014082;              293;                    3011443;                                     0,031116
       407;       545;         1;BR      ;30/10/2022 18:54:40;         472075;     156454011;           12;                 367962;                                     0,779457;        3722;             121768717;          2789;                96783783;                 2708;                       92409410;             1527;                   46430248;                                     0,502441;                       1181;                             45979162;                                     0,497559;                 22;                      1362871;                                     0,014082;               59;                    3011502;                                     0,031116
       407;       545;         1;BR      ;30/10/2022 18:54:41;         472075;     156454011;           48;                 368010;                                     0,779558;       15608;             121784325;         12640;                96796423;                12225;                       92421635;             8100;                   46438348;                                     0,502462;                       4125;                             45983287;                                     0,497538;                105;                      1362976;                                     0,014081;              310;                    3011812;                                     0,031115
       407;       545;         1;BR      ;30/10/2022 18:54:42;         472075;     156454011;          104;                 368114;                                     0,779779;       30118;             121814443;         23551;                96819974;                22876;                       92444511;            15664;                   46454012;                                     0,502507;                       7212;                             45990499;                                     0,497493;                221;                      1363197;                                     0,014080;              454;                    3012266;                                     0,031112
       407;       545;         1;BR      ;30/10/2022 18:54:43;         472075;     156454011;          162;                 368276;                                     0,780122;       54880;             121869323;         43333;                96863307;                41159;                       92485670;            16058;                   46470070;                                     0,502457;                      25101;                             46015600;                                     0,497543;                728;                      1363925;                                     0,014081;             1446;                    3013712;                                     0,031113
       407;       545;         1;BR      ;30/10/2022 18:54:44;         472075;     156454011;          498;                 368774;                                     0,781177;      174208;             122043531;        136721;                97000028;               127800;                       92613470;            65166;                   46535236;                                     0,502467;                      62634;                             46078234;                                     0,497533;               2737;                      1366662;                                     0,014089;             6184;                    3019896;                                     0,031133
       407;       545;         1;BR      ;30/10/2022 18:54:45;         472075;     156454011;           47;                 368821;                                     0,781276;       17222;             122060753;         13395;                97013423;                12606;                       92626076;             5170;                   46540406;                                     0,502455;                       7436;                             46085670;                                     0,497545;                274;                      1366936;                                     0,014090;              515;                    3020411;                                     0,031134
       407;       545;         1;BR      ;30/10/2022 18:54:46;         472075;     156454011;          103;                 368924;                                     0,781494;       33353;             122094106;         26891;                97040314;                25301;                       92651377;            12567;                   46552973;                                     0,502453;                      12734;                             46098404;                                     0,497547;                474;                      1367410;                                     0,014091;             1116;                    3021527;                                     0,031137
       407;       545;         1;BR      ;30/10/2022 18:54:47;         472075;     156454011;          279;                 369203;                                     0,782085;       97822;             122191928;         78858;                97119172;                74016;                       92725393;            32594;                   46585567;                                     0,502404;                      41422;                             46139826;                                     0,497596;               1554;                      1368964;                                     0,014096;             3288;                    3024815;                                     0,031145
       407;       545;         1;BR      ;30/10/2022 18:54:48;         472075;     156454011;           86;                 369289;                                     0,782268;       30063;             122221991;         23585;                97142757;                22211;                       92747604;            10495;                   46596062;                                     0,502396;                      11716;                             46151542;                                     0,497604;                478;                      1369442;                                     0,014097;              896;                    3025711;                                     0,031147
       407;       545;         1;BR      ;30/10/2022 18:54:49;         472075;     156454011;          139;                 369428;                                     0,782562;       47110;             122269101;         35917;                97178674;                33974;                       92781578;            14641;                   46610703;                                     0,502370;                      19333;                             46170875;                                     0,497630;                673;                      1370115;                                     0,014099;             1270;                    3026981;                                     0,031149
       407;       545;         1;BR      ;30/10/2022 18:54:50;         472075;     156454011;          252;                 369680;                                     0,783096;       89335;             122358436;         71008;                97249682;                67029;                       92848607;            25899;                   46636602;                                     0,502287;                      41130;                             46212005;                                     0,497713;               1336;                      1371451;                                     0,014102;             2643;                    3029624;                                     0,031153
       407;       545;         1;BR      ;30/10/2022 18:54:51;         472075;     156454011;           49;                 369729;                                     0,783200;       16139;             122374575;         12836;                97262518;                12119;                       92860726;             4926;                   46641528;                                     0,502274;                       7193;                             46219198;                                     0,497726;                236;                      1371687;                                     0,014103;              481;                    3030105;                                     0,031154
       407;       545;         1;BR      ;30/10/2022 18:54:52;         472075;     156454011;            4;                 369733;                                     0,783208;        1293;             122375868;          1053;                97263571;                 1000;                       92861726;              380;                   46641908;                                     0,502273;                        620;                             46219818;                                     0,497727;                 20;                      1371707;                                     0,014103;               33;                    3030138;                                     0,031154
       407;       545;         1;BR      ;30/10/2022 18:54:55;         472075;     156454011;           73;                 369806;                                     0,783363;       22893;             122398761;         18079;                97281650;                17637;                       92879363;             9259;                   46651167;                                     0,502277;                       8378;                             46228196;                                     0,497723;                167;                      1371874;                                     0,014102;              275;                    3030413;                                     0,031151
       407;       545;         1;BR      ;30/10/2022 18:54:56;         472075;     156454011;           99;                 369905;                                     0,783573;       30316;             122429077;         23064;                97304714;                22309;                       92901672;            14146;                   46665313;                                     0,502309;                       8163;                             46236359;                                     0,497691;                208;                      1372082;                                     0,014101;              547;                    3030960;                                     0,031149
       407;       545;         1;BR      ;30/10/2022 18:54:57;         472075;     156454011;          192;                 370097;                                     0,783979;       67778;             122496855;         55660;                97360374;                52125;                       92953797;            36583;                   46701896;                                     0,502421;                      15542;                             46251901;                                     0,497579;                814;                      1372896;                                     0,014101;             2721;                    3033681;                                     0,031159
       407;       545;         1;BR      ;30/10/2022 18:54:58;         472075;     156454011;           60;                 370157;                                     0,784106;       18551;             122515406;         14171;                97374545;                13417;                       92967214;             9935;                   46711831;                                     0,502455;                       3482;                             46255383;                                     0,497545;                156;                      1373052;                                     0,014101;              598;                    3034279;                                     0,031161
       407;       545;         1;BR      ;30/10/2022 18:54:59;         472075;     156454011;           50;                 370207;                                     0,784212;       14548;             122529954;         11251;                97385796;                10751;                       92977965;             8363;                   46720194;                                     0,502487;                       2388;                             46257771;                                     0,497513;                124;                      1373176;                                     0,014100;              376;                    3034655;                                     0,031161
       407;       545;         1;BR      ;30/10/2022 18:55:00;         472075;     156454011;           65;                 370272;                                     0,784350;       19982;             122549936;         15926;                97401722;                15079;                       92993044;            12058;                   46732252;                                     0,502535;                       3021;                             46260792;                                     0,497465;                176;                      1373352;                                     0,014100;              671;                    3035326;                                     0,031163
       407;       545;         1;BR      ;30/10/2022 18:55:01;         472075;     156454011;           11;                 370283;                                     0,784373;        3434;             122553370;          2642;                97404364;                 2480;                       92995524;             1983;                   46734235;                                     0,502543;                        497;                             46261289;                                     0,497457;                 38;                      1373390;                                     0,014100;              124;                    3035450;                                     0,031163
       407;       545;         1;BR      ;30/10/2022 18:55:02;         472075;     156454011;           63;                 370346;                                     0,784507;       22015;             122575385;         16910;                97421274;                16077;                       93011601;             8649;                   46742884;                                     0,502549;                       7428;                             46268717;                                     0,497451;                335;                      1373725;                                     0,014101;              498;                    3035948;                                     0,031163
       407;       545;         1;BR      ;30/10/2022 18:55:03;         472075;     156454011;          114;                 370460;                                     0,784748;       36822;             122612207;         29820;                97451094;                28499;                       93040100;            14120;                   46757004;                                     0,502547;                      14379;                             46283096;                                     0,497453;                515;                      1374240;                                     0,014102;              806;                    3036754;                                     0,031162
       407;       545;         1;BR      ;30/10/2022 18:55:04;         472075;     156454011;           89;                 370549;                                     0,784937;       27413;             122639620;         22295;                97473389;                21301;                       93061401;             8521;                   46765525;                                     0,502523;                      12780;                             46295876;                                     0,497477;                396;                      1374636;                                     0,014103;              598;                    3037352;                                     0,031161
       407;       545;         1;BR      ;30/10/2022 18:55:05;         472075;     156454011;           48;                 370597;                                     0,785038;       13882;             122653502;         10238;                97483627;                 9898;                       93071299;             2654;                   46768179;                                     0,502498;                       7244;                             46303120;                                     0,497502;                106;                      1374742;                                     0,014102;              234;                    3037586;                                     0,031160
       407;       545;         1;BR      ;30/10/2022 18:55:06;         472075;     156454011;          150;                 370747;                                     0,785356;       52834;             122706336;         44051;                97527678;                41134;                       93112433;            26421;                   46794600;                                     0,502560;                      14713;                             46317833;                                     0,497440;                643;                      1375385;                                     0,014103;             2274;                    3039860;                                     0,031169
       407;       545;         1;BR      ;30/10/2022 18:55:07;         472075;     156454011;          159;                 370906;                                     0,785693;       56351;             122762687;         47869;                97575547;                44843;                       93157276;            29211;                   46823811;                                     0,502632;                      15632;                             46333465;                                     0,497368;                617;                      1376002;                                     0,014102;             2409;                    3042269;                                     0,031179
       407;       545;         1;BR      ;30/10/2022 18:55:08;         472075;     156454011;           21;                 370927;                                     0,785737;        6414;             122769101;          5169;                97580716;                 4886;                       93162162;             2914;                   46826725;                                     0,502637;                       1972;                             46335437;                                     0,497363;                 72;                      1376074;                                     0,014102;              211;                    3042480;                                     0,031179
       407;       545;         1;BR      ;30/10/2022 18:55:09;         472075;     156454011;           14;                 370941;                                     0,785767;        4982;             122774083;          4284;                97585000;                 4027;                       93166189;             2910;                   46829635;                                     0,502646;                       1117;                             46336554;                                     0,497354;                 52;                      1376126;                                     0,014102;              205;                    3042685;                                     0,031180
       407;       545;         1;BR      ;30/10/2022 18:55:10;         472075;     156454011;            2;                 370943;                                     0,785771;         780;             122774863;           612;                97585612;                  580;                       93166769;              376;                   46830011;                                     0,502647;                        204;                             46336758;                                     0,497353;                  9;                      1376135;                                     0,014102;               23;                    3042708;                                     0,031180
       407;       545;         1;BR      ;30/10/2022 18:55:11;         472075;     156454011;           66;                 371009;                                     0,785911;       19068;             122793931;         15169;                97600781;                14345;                       93181114;            10569;                   46840580;                                     0,502683;                       3776;                             46340534;                                     0,497317;                173;                      1376308;                                     0,014101;              651;                    3043359;                                     0,031182
       407;       545;         1;BR      ;30/10/2022 18:55:12;         472075;     156454011;          130;                 371139;                                     0,786187;       46438;             122840369;         37620;                97638401;                36361;                       93217475;            11756;                   46852336;                                     0,502613;                      24605;                             46365139;                                     0,497387;                488;                      1376796;                                     0,014101;              771;                    3044130;                                     0,031178
       407;       545;         1;BR      ;30/10/2022 18:55:13;         472075;     156454011;           54;                 371193;                                     0,786301;       17272;             122857641;         14031;                97652432;                13565;                       93231040;             4339;                   46856675;                                     0,502587;                       9226;                             46374365;                                     0,497413;                201;                      1376997;                                     0,014101;              265;                    3044395;                                     0,031176
       407;       545;         1;BR      ;30/10/2022 18:55:14;         472075;     156454011;           31;                 371224;                                     0,786367;       10798;             122868439;          8694;                97661126;                 8453;                       93239493;             2781;                   46859456;                                     0,502571;                       5672;                             46380037;                                     0,497429;                 86;                      1377083;                                     0,014101;              155;                    3044550;                                     0,031175
       407;       545;         1;BR      ;30/10/2022 18:55:15;         472075;     156454011;            1;                 371225;                                     0,786369;         256;             122868695;           201;                97661327;                  197;                       93239690;               65;                   46859521;                                     0,502571;                        132;                             46380169;                                     0,497429;                  1;                      1377084;                                     0,014101;                3;                    3044553;                                     0,031175
       407;       545;         1;BR      ;30/10/2022 18:55:16;         472075;     156454011;           24;                 371249;                                     0,786420;        7346;             122876041;          6143;                97667470;                 5997;                       93245687;             2063;                   46861584;                                     0,502560;                       3934;                             46384103;                                     0,497440;                 57;                      1377141;                                     0,014100;               89;                    3044642;                                     0,031174
       407;       545;         1;BR      ;30/10/2022 18:55:17;         472075;     156454011;            9;                 371258;                                     0,786439;        2832;             122878873;          2353;                97669823;                 2282;                       93247969;             1224;                   46862808;                                     0,502561;                       1058;                             46385161;                                     0,497439;                 22;                      1377163;                                     0,014100;               49;                    3044691;                                     0,031173
       407;       545;         1;BR      ;30/10/2022 18:55:18;         472075;     156454011;           18;                 371276;                                     0,786477;        5706;             122884579;          4716;                97674539;                 4565;                       93252534;             1186;                   46863994;                                     0,502549;                       3379;                             46388540;                                     0,497451;                 67;                      1377230;                                     0,014100;               84;                    3044775;                                     0,031173
       407;       545;         1;BR      ;30/10/2022 18:55:35;         472075;     156454011;          151;                 371427;                                     0,786797;       51821;             122936400;         39822;                97714361;                37392;                       93289926;            22335;                   46886329;                                     0,502587;                      15057;                             46403597;                                     0,497413;                446;                      1377676;                                     0,014099;             1984;                    3046759;                                     0,031180
       407;       545;         1;BR      ;30/10/2022 18:55:36;         472075;     156454011;          161;                 371588;                                     0,787138;       50662;             122987062;         40530;                97754891;                38693;                       93328619;            21404;                   46907733;                                     0,502608;                      17289;                             46420886;                                     0,497392;                578;                      1378254;                                     0,014099;             1259;                    3048018;                                     0,031180
       407;       545;         1;BR      ;30/10/2022 18:55:37;         472075;     156454011;          495;                 372083;                                     0,788186;      195018;             123182080;        150819;                97905710;               144458;                       93473077;            72938;                   46980671;                                     0,502612;                      71520;                             46492406;                                     0,497388;               2001;                      1380255;                                     0,014098;             4360;                    3052378;                                     0,031177
       407;       545;         1;BR      ;30/10/2022 18:55:38;         472075;     156454011;          281;                 372364;                                     0,788781;       99023;             123281103;         78202;                97983912;                75103;                       93548180;            31405;                   47012076;                                     0,502544;                      43698;                             46536104;                                     0,497456;                997;                      1381252;                                     0,014097;             2102;                    3054480;                                     0,031173
       407;       545;         1;BR      ;30/10/2022 18:55:39;         472075;     156454011;          195;                 372559;                                     0,789195;       62608;             123343711;         49181;                98033093;                47202;                       93595382;            24632;                   47036708;                                     0,502554;                      22570;                             46558674;                                     0,497446;                661;                      1381913;                                     0,014096;             1318;                    3055798;                                     0,031171
       407;       545;         1;BR      ;30/10/2022 18:55:40;         472075;     156454011;           72;                 372631;                                     0,789347;       22306;             123366017;         17965;                98051058;                17241;                       93612623;             8891;                   47045599;                                     0,502556;                       8350;                             46567024;                                     0,497444;                240;                      1382153;                                     0,014096;              484;                    3056282;                                     0,031170
       407;       545;         1;BR      ;30/10/2022 18:55:41;         472075;     156454011;          135;                 372766;                                     0,789633;       39175;             123405192;         31694;                98082752;                30585;                       93643208;            22379;                   47067978;                                     0,502631;                       8206;                             46575230;                                     0,497369;                316;                      1382469;                                     0,014095;              793;                    3057075;                                     0,031168
       407;       545;         1;BR      ;30/10/2022 18:55:42;         472075;     156454011;          141;                 372907;                                     0,789932;       42134;             123447326;         34352;                98117104;                33083;                       93676291;            19749;                   47087727;                                     0,502664;                      13334;                             46588564;                                     0,497336;                433;                      1382902;                                     0,014094;              836;                    3057911;                                     0,031166
       407;       545;         1;BR      ;30/10/2022 18:55:43;         472075;     156454011;           97;                 373004;                                     0,790137;       30413;             123477739;         24020;                98141124;                23304;                       93699595;            13591;                   47101318;                                     0,502684;                       9713;                             46598277;                                     0,497316;                264;                      1383166;                                     0,014094;              452;                    3058363;                                     0,031163
       407;       545;         1;BR      ;30/10/2022 18:55:44;         472075;     156454011;           46;                 373050;                                     0,790235;       13996;             123491735;         10955;                98152079;                10667;                       93710262;             7234;                   47108552;                                     0,502704;                       3433;                             46601710;                                     0,497296;                111;                      1383277;                                     0,014093;              177;                    3058540;                                     0,031161
       407;       545;         1;BR      ;30/10/2022 18:55:45;         472075;     156454011;           59;                 373109;                                     0,790360;       18084;             123509819;         14139;                98166218;                13736;                       93723998;             9300;                   47117852;                                     0,502730;                       4436;                             46606146;                                     0,497270;                154;                      1383431;                                     0,014093;              249;                    3058789;                                     0,031159
       407;       545;         1;BR      ;30/10/2022 18:55:46;         472075;     156454011;           73;                 373182;                                     0,790514;       22143;             123531962;         17018;                98183236;                16495;                       93740493;            10508;                   47128360;                                     0,502753;                       5987;                             46612133;                                     0,497247;                180;                      1383611;                                     0,014092;              343;                    3059132;                                     0,031157
       407;       545;         1;BR      ;30/10/2022 18:55:47;         472075;     156454011;          106;                 373288;                                     0,790739;       32883;             123564845;         26350;                98209586;                25478;                       93765971;            14907;                   47143267;                                     0,502776;                      10571;                             46622704;                                     0,497224;                283;                      1383894;                                     0,014091;              589;                    3059721;                                     0,031155
       407;       545;         1;BR      ;30/10/2022 18:55:48;         472075;     156454011;          101;                 373389;                                     0,790953;       33400;             123598245;         26203;                98235789;                24798;                       93790769;            11859;                   47155126;                                     0,502769;                      12939;                             46635643;                                     0,497231;                459;                      1384353;                                     0,014092;              946;                    3060667;                                     0,031156
       407;       545;         1;BR      ;30/10/2022 18:55:49;         472075;     156454011;          443;                 373832;                                     0,791891;      157335;             123755580;        124058;                98359847;               116030;                       93906799;            60510;                   47215636;                                     0,502793;                      55520;                             46691163;                                     0,497207;               2548;                      1386901;                                     0,014100;             5480;                    3066147;                                     0,031173
       407;       545;         1;BR      ;30/10/2022 18:55:50;         472075;     156454011;          109;                 373941;                                     0,792122;       35992;             123791572;         28817;                98388664;                27133;                       93933932;            13267;                   47228903;                                     0,502789;                      13866;                             46705029;                                     0,497211;                517;                      1387418;                                     0,014101;             1167;                    3067314;                                     0,031175
       407;       545;         1;BR      ;30/10/2022 18:55:51;         472075;     156454011;          179;                 374120;                                     0,792501;       62610;             123854182;         50488;                98439152;                47379;                       93981311;            21061;                   47249964;                                     0,502759;                      26318;                             46731347;                                     0,497241;                974;                      1388392;                                     0,014104;             2135;                    3069449;                                     0,031181
       407;       545;         1;BR      ;30/10/2022 18:55:52;         472075;     156454011;          174;                 374294;                                     0,792870;       61235;             123915417;         48326;                98487478;                45438;                       94026749;            20173;                   47270137;                                     0,502731;                      25265;                             46756612;                                     0,497269;                924;                      1389316;                                     0,014107;             1964;                    3071413;                                     0,031186
       407;       545;         1;BR      ;30/10/2022 18:55:53;         472075;     156454011;          249;                 374543;                                     0,793397;       83463;             123998880;         65123;                98552601;                61498;                       94088247;            26027;                   47296164;                                     0,502679;                      35471;                             46792083;                                     0,497321;               1184;                      1390500;                                     0,014109;             2441;                    3073854;                                     0,031190
       407;       545;         1;BR      ;30/10/2022 18:55:54;         472075;     156454011;           28;                 374571;                                     0,793457;        9276;             124008156;          6844;                98559445;                 6476;                       94094723;             3132;                   47299296;                                     0,502677;                       3344;                             46795427;                                     0,497323;                111;                      1390611;                                     0,014109;              257;                    3074111;                                     0,031190
       407;       545;         1;BR      ;30/10/2022 18:55:55;         472075;     156454011;            7;                 374578;                                     0,793471;        2264;             124010420;          1759;                98561204;                 1667;                       94096390;              754;                   47300050;                                     0,502677;                        913;                             46796340;                                     0,497323;                 25;                      1390636;                                     0,014109;               67;                    3074178;                                     0,031191
       407;       545;         1;BR      ;30/10/2022 18:55:56;         472075;     156454011;            5;                 374583;                                     0,793482;        1752;             124012172;          1356;                98562560;                 1292;                       94097682;              360;                   47300410;                                     0,502673;                        932;                             46797272;                                     0,497327;                 22;                      1390658;                                     0,014109;               42;                    3074220;                                     0,031191
       407;       545;         1;BR      ;30/10/2022 18:55:57;         472075;     156454011;            3;                 374586;                                     0,793488;         877;             124013049;           616;                98563176;                  605;                       94098287;              470;                   47300880;                                     0,502675;                        135;                             46797407;                                     0,497325;                  2;                      1390660;                                     0,014109;                9;                    3074229;                                     0,031190
       407;       545;         1;BR      ;30/10/2022 18:55:58;         472075;     156454011;           96;                 374682;                                     0,793692;       27226;             124040275;         20961;                98584137;                20447;                       94118734;            12526;                   47313406;                                     0,502699;                       7921;                             46805328;                                     0,497301;                147;                      1390807;                                     0,014108;              367;                    3074596;                                     0,031188
       407;       545;         1;BR      ;30/10/2022 18:55:59;         472075;     156454011;          126;                 374808;                                     0,793959;       40508;             124080783;         31444;                98615581;                29863;                       94148597;            22137;                   47335543;                                     0,502775;                       7726;                             46813054;                                     0,497225;                381;                      1391188;                                     0,014107;             1200;                    3075796;                                     0,031190
       407;       545;         1;BR      ;30/10/2022 18:56:00;         472075;     156454011;          137;                 374945;                                     0,794249;       46926;             124127709;         38574;                98654155;                36066;                       94184663;            24940;                   47360483;                                     0,502847;                      11126;                             46824180;                                     0,497153;                584;                      1391772;                                     0,014108;             1924;                    3077720;                                     0,031197
       407;       545;         1;BR      ;30/10/2022 18:56:01;         472075;     156454011;           52;                 374997;                                     0,794359;       15956;             124143665;         12589;                98666744;                11896;                       94196559;             8393;                   47368876;                                     0,502873;                       3503;                             46827683;                                     0,497127;                155;                      1391927;                                     0,014107;              538;                    3078258;                                     0,031199
       407;       545;         1;BR      ;30/10/2022 18:56:02;         472075;     156454011;           56;                 375053;                                     0,794478;       17573;             124161238;         13502;                98680246;                12832;                       94209391;             9257;                   47378133;                                     0,502902;                       3575;                             46831258;                                     0,497098;                154;                      1392081;                                     0,014107;              516;                    3078774;                                     0,031199
       407;       545;         1;BR      ;30/10/2022 18:56:03;         472075;     156454011;           16;                 375069;                                     0,794511;        4836;             124166074;          3695;                98683941;                 3462;                       94212853;             2830;                   47380963;                                     0,502914;                        632;                             46831890;                                     0,497086;                 49;                      1392130;                                     0,014107;              184;                    3078958;                                     0,031200
       407;       545;         1;BR      ;30/10/2022 18:56:05;         472075;     156454011;          179;                 375248;                                     0,794891;       57987;             124224061;         46404;                98730345;                44231;                       94257084;            20982;                   47401945;                                     0,502901;                      23249;                             46855139;                                     0,497099;                876;                      1393006;                                     0,014109;             1297;                    3080255;                                     0,031199
       407;       545;         1;BR      ;30/10/2022 18:56:06;         472075;     156454011;           11;                 375259;                                     0,794914;        2717;             124226778;          2238;                98732583;                 2116;                       94259200;              941;                   47402886;                                     0,502899;                       1175;                             46856314;                                     0,497101;                 52;                      1393058;                                     0,014109;               70;                    3080325;                                     0,031199
       407;       545;         1;BR      ;30/10/2022 18:56:07;         472075;     156454011;           76;                 375335;                                     0,795075;       22470;             124249248;         17627;                98750210;                16947;                       94276147;             6980;                   47409866;                                     0,502883;                       9967;                             46866281;                                     0,497117;                176;                      1393234;                                     0,014109;              504;                    3080829;                                     0,031198
       407;       545;         1;BR      ;30/10/2022 18:56:08;         472075;     156454011;          144;                 375479;                                     0,795380;       50846;             124300094;         41991;                98792201;                39469;                       94315616;            25676;                   47435542;                                     0,502945;                      13793;                             46880074;                                     0,497055;                550;                      1393784;                                     0,014108;             1972;                    3082801;                                     0,031205
       407;       545;         1;BR      ;30/10/2022 18:56:09;         472075;     156454011;          122;                 375601;                                     0,795638;       42724;             124342818;         36249;                98828450;                34093;                       94349709;            20506;                   47456048;                                     0,502980;                      13587;                             46893661;                                     0,497020;                429;                      1394213;                                     0,014107;             1727;                    3084528;                                     0,031211
       407;       545;         1;BR      ;30/10/2022 18:56:10;         472075;     156454011;            9;                 375610;                                     0,795657;        2945;             124345763;          2185;                98830635;                 2046;                       94351755;             1460;                   47457508;                                     0,502985;                        586;                             46894247;                                     0,497015;                 29;                      1394242;                                     0,014107;              110;                    3084638;                                     0,031211
       407;       545;         1;BR      ;30/10/2022 18:56:11;         472075;     156454011;           44;                 375654;                                     0,795751;       12316;             124358079;         10012;                98840647;                 9419;                       94361174;             6751;                   47464259;                                     0,503006;                       2668;                             46896915;                                     0,496994;                132;                      1394374;                                     0,014107;              461;                    3085099;                                     0,031213
       407;       545;         1;BR      ;30/10/2022 18:56:12;         472075;     156454011;           12;                 375666;                                     0,795776;        3776;             124361855;          3137;                98843784;                 2957;                       94364131;             1867;                   47466126;                                     0,503010;                       1090;                             46898005;                                     0,496990;                 44;                      1394418;                                     0,014107;              136;                    3085235;                                     0,031213
       407;       545;         1;BR      ;30/10/2022 18:56:13;         472075;     156454011;           59;                 375725;                                     0,795901;       18948;             124380803;         15455;                98859239;                14671;                       94378802;             8906;                   47475032;                                     0,503026;                       5765;                             46903770;                                     0,496974;                215;                      1394633;                                     0,014107;              569;                    3085804;                                     0,031214
       407;       545;         1;BR      ;30/10/2022 18:56:14;         472075;     156454011;           82;                 375807;                                     0,796075;       29121;             124409924;         23933;                98883172;                23170;                       94401972;             8069;                   47483101;                                     0,502988;                      15101;                             46918871;                                     0,497012;                309;                      1394942;                                     0,014107;              454;                    3086258;                                     0,031211
       407;       545;         1;BR      ;30/10/2022 18:56:15;         472075;     156454011;           71;                 375878;                                     0,796225;       25566;             124435490;         21279;                98904451;                20644;                       94422616;             6268;                   47489369;                                     0,502945;                      14376;                             46933247;                                     0,497055;                256;                      1395198;                                     0,014107;              379;                    3086637;                                     0,031208
       407;       545;         1;BR      ;30/10/2022 18:56:16;         472075;     156454011;           58;                 375936;                                     0,796348;       19313;             124454803;         15772;                98920223;                15247;                       94437863;             4370;                   47493739;                                     0,502910;                      10877;                             46944124;                                     0,497090;                215;                      1395413;                                     0,014106;              310;                    3086947;                                     0,031206
       407;       545;         1;BR      ;30/10/2022 18:56:17;         472075;     156454011;           40;                 375976;                                     0,796433;       12990;             124467793;         10265;                98930488;                 9853;                       94447716;             4978;                   47498717;                                     0,502910;                       4875;                             46948999;                                     0,497090;                135;                      1395548;                                     0,014106;              277;                    3087224;                                     0,031206
       407;       545;         1;BR      ;30/10/2022 18:56:18;         472075;     156454011;           15;                 375991;                                     0,796465;        4396;             124472189;          3579;                98934067;                 3462;                       94451178;             1043;                   47499760;                                     0,502903;                       2419;                             46951418;                                     0,497097;                 33;                      1395581;                                     0,014106;               84;                    3087308;                                     0,031206
       407;       545;         1;BR      ;30/10/2022 18:56:41;         472075;     156454011;           64;                 376055;                                     0,796600;       18479;             124490668;         15259;                98949326;                14721;                       94465899;            10602;                   47510362;                                     0,502937;                       4119;                             46955537;                                     0,497063;                187;                      1395768;                                     0,014106;              351;                    3087659;                                     0,031204
       407;       545;         1;BR      ;30/10/2022 18:56:42;         472075;     156454011;          173;                 376228;                                     0,796967;       52329;             124542997;         43325;                98992651;                41621;                       94507520;            27031;                   47537393;                                     0,503001;                      14590;                             46970127;                                     0,496999;                585;                      1396353;                                     0,014106;             1119;                    3088778;                                     0,031202
       407;       545;         1;BR      ;30/10/2022 18:56:43;         472075;     156454011;          291;                 376519;                                     0,797583;      104781;             124647778;         82157;                99074808;                78733;                       94586253;            34860;                   47572253;                                     0,502951;                      43873;                             47014000;                                     0,497049;               1175;                      1397528;                                     0,014106;             2249;                    3091027;                                     0,031199
       407;       545;         1;BR      ;30/10/2022 18:56:44;         472075;     156454011;          504;                 377023;                                     0,798651;      192465;             124840243;        148721;                99223529;               142581;                       94728834;            62729;                   47634982;                                     0,502856;                      79852;                             47093852;                                     0,497144;               1865;                      1399393;                                     0,014103;             4275;                    3095302;                                     0,031195
       407;       545;         1;BR      ;30/10/2022 18:56:45;         472075;     156454011;          140;                 377163;                                     0,798947;       45986;             124886229;         36386;                99259915;                34965;                       94763799;            17376;                   47652358;                                     0,502854;                      17589;                             47111441;                                     0,497146;                532;                      1399925;                                     0,014104;              889;                    3096191;                                     0,031193
       407;       545;         1;BR      ;30/10/2022 18:56:46;         472075;     156454011;          137;                 377300;                                     0,799237;       43880;             124930109;         34563;                99294478;                33103;                       94796902;            17672;                   47670030;                                     0,502865;                      15431;                             47126872;                                     0,497135;                512;                      1400437;                                     0,014104;              948;                    3097139;                                     0,031191
       407;       545;         1;BR      ;30/10/2022 18:56:47;         472075;     156454011;          132;                 377432;                                     0,799517;       40813;             124970922;         32163;                99326641;                30909;                       94827811;            15396;                   47685426;                                     0,502863;                      15513;                             47142385;                                     0,497137;                434;                      1400871;                                     0,014104;              820;                    3097959;                                     0,031190
       407;       545;         1;BR      ;30/10/2022 18:56:48;         472075;     156454011;          180;                 377612;                                     0,799898;       57308;             125028230;         45818;                99372459;                43969;                       94871780;            22705;                   47708131;                                     0,502870;                      21264;                             47163649;                                     0,497130;                622;                      1401493;                                     0,014103;             1227;                    3099186;                                     0,031188
       407;       545;         1;BR      ;30/10/2022 18:56:49;         472075;     156454011;          157;                 377769;                                     0,800231;       46437;             125074667;         37979;                99410438;                36758;                       94908538;            22515;                   47730646;                                     0,502912;                      14243;                             47177892;                                     0,497088;                464;                      1401957;                                     0,014103;              757;                    3099943;                                     0,031183
       407;       545;         1;BR      ;30/10/2022 18:56:50;         472075;     156454011;           84;                 377853;                                     0,800409;       26730;             125101397;         21406;                99431844;                20794;                       94929332;            12011;                   47742657;                                     0,502928;                       8783;                             47186675;                                     0,497072;                204;                      1402161;                                     0,014102;              408;                    3100351;                                     0,031181
       407;       545;         1;BR      ;30/10/2022 18:56:51;         472075;     156454011;           12;                 377865;                                     0,800434;        3204;             125104601;          2422;                99434266;                 2357;                       94931689;             1782;                   47744439;                                     0,502935;                        575;                             47187250;                                     0,497065;                 19;                      1402180;                                     0,014102;               46;                    3100397;                                     0,031180
       407;       545;         1;BR      ;30/10/2022 18:56:52;         472075;     156454011;           17;                 377882;                                     0,800470;        5434;             125110035;          4030;                99438296;                 3944;                       94935633;             2590;                   47747029;                                     0,502941;                       1354;                             47188604;                                     0,497059;                 25;                      1402205;                                     0,014101;               61;                    3100458;                                     0,031180
       407;       545;         1;BR      ;30/10/2022 18:56:53;         472075;     156454011;          129;                 378011;                                     0,800744;       38748;             125148783;         29539;                99467835;                28743;                       94964376;            19760;                   47766789;                                     0,502997;                       8983;                             47197587;                                     0,497003;                263;                      1402468;                                     0,014100;              533;                    3100991;                                     0,031176
       407;       545;         1;BR      ;30/10/2022 18:56:54;         472075;     156454011;          118;                 378129;                                     0,800993;       35894;             125184677;         28446;                99496281;                27565;                       94991941;            18833;                   47785622;                                     0,503049;                       8732;                             47206319;                                     0,496951;                247;                      1402715;                                     0,014098;              634;                    3101625;                                     0,031173
       407;       545;         1;BR      ;30/10/2022 18:56:55;         472075;     156454011;          144;                 378273;                                     0,801299;       49706;             125234383;         39387;                99535668;                37107;                       95029048;            15541;                   47801163;                                     0,503016;                      21566;                             47227885;                                     0,496984;                727;                      1403442;                                     0,014100;             1553;                    3103178;                                     0,031177
       407;       545;         1;BR      ;30/10/2022 18:56:56;         472075;     156454011;          546;                 378819;                                     0,802455;      193721;             125428104;        152228;                99687896;               142095;                       95171143;            75195;                   47876358;                                     0,503055;                      66900;                             47294785;                                     0,496945;               3203;                      1406645;                                     0,014110;             6930;                    3110108;                                     0,031198
       407;       545;         1;BR      ;30/10/2022 18:56:57;         472075;     156454011;          195;                 379014;                                     0,802868;       65398;             125493502;         51788;                99739684;                48784;                       95219927;            21520;                   47897878;                                     0,503024;                      27264;                             47322049;                                     0,496976;                975;                      1407620;                                     0,014113;             2029;                    3112137;                                     0,031203
       407;       545;         1;BR      ;30/10/2022 18:56:58;         472075;     156454011;          213;                 379227;                                     0,803319;       74305;             125567807;         59700;                99799384;                56114;                       95276041;            24014;                   47921892;                                     0,502979;                      32100;                             47354149;                                     0,497021;               1137;                      1408757;                                     0,014116;             2449;                    3114586;                                     0,031208
       407;       545;         1;BR      ;30/10/2022 18:56:59;         472075;     156454011;          167;                 379394;                                     0,803673;       56365;             125624172;         45036;                99844420;                42569;                       95318610;            19418;                   47941310;                                     0,502959;                      23151;                             47377300;                                     0,497041;                829;                      1409586;                                     0,014118;             1638;                    3116224;                                     0,031211
       407;       545;         1;BR      ;30/10/2022 18:57:00;         472075;     156454011;          109;                 379503;                                     0,803904;       37462;             125661634;         28571;                99872991;                27116;                       95345726;             9904;                   47951214;                                     0,502919;                      17212;                             47394512;                                     0,497081;                486;                      1410072;                                     0,014119;              969;                    3117193;                                     0,031212
       407;       545;         1;BR      ;30/10/2022 18:57:01;         472075;     156454011;          239;                 379742;                                     0,804410;       81582;             125743216;         63920;                99936911;                60446;                       95406172;            26264;                   47977478;                                     0,502876;                      34182;                             47428694;                                     0,497124;               1234;                      1411306;                                     0,014122;             2240;                    3119433;                                     0,031214
       407;       545;         1;BR      ;30/10/2022 18:57:02;         472075;     156454011;           49;                 379791;                                     0,804514;       16418;             125759634;         12520;                99949431;                11744;                       95417916;             5681;                   47983159;                                     0,502874;                       6063;                             47434757;                                     0,497126;                260;                      1411566;                                     0,014123;              516;                    3119949;                                     0,031215
       407;       545;         1;BR      ;30/10/2022 18:57:07;         472075;     156454011;          114;                 379905;                                     0,804756;       34152;             125793786;         26273;                99975704;                25629;                       95443545;            14579;                   47997738;                                     0,502891;                      11050;                             47445807;                                     0,497109;                233;                      1411799;                                     0,014121;              411;                    3120360;                                     0,031211
       407;       545;         1;BR      ;30/10/2022 18:57:08;         472075;     156454011;          230;                 380135;                                     0,805243;       79206;             125872992;         64522;               100040226;                60655;                       95504200;            42160;                   48039898;                                     0,503013;                      18495;                             47464302;                                     0,496987;                937;                      1412736;                                     0,014122;             2930;                    3123290;                                     0,031220
       407;       545;         1;BR      ;30/10/2022 18:57:09;         472075;     156454011;          155;                 380290;                                     0,805571;       49397;             125922389;         38996;               100079222;                36872;                       95541072;            27262;                   48067160;                                     0,503105;                       9610;                             47473912;                                     0,496895;                552;                      1413288;                                     0,014122;             1572;                    3124862;                                     0,031224
       407;       545;         1;BR      ;30/10/2022 18:57:10;         472075;     156454011;           42;                 380332;                                     0,805660;       12960;             125935349;          9787;               100089009;                 9173;                       95550245;             6718;                   48073878;                                     0,503127;                       2455;                             47476367;                                     0,496873;                142;                      1413430;                                     0,014122;              472;                    3125334;                                     0,031226
       407;       545;         1;BR      ;30/10/2022 18:57:11;         472075;     156454011;           10;                 380342;                                     0,805681;        2912;             125938261;          2287;               100091296;                 2132;                       95552377;             1840;                   48075718;                                     0,503135;                        292;                             47476659;                                     0,496865;                 25;                      1413455;                                     0,014122;              130;                    3125464;                                     0,031226
       407;       545;         1;BR      ;30/10/2022 18:57:12;         472075;     156454011;           48;                 380390;                                     0,805783;       16961;             125955222;         12736;               100104032;                12119;                       95564496;             6919;                   48082637;                                     0,503143;                       5200;                             47481859;                                     0,496857;                126;                      1413581;                                     0,014121;              491;                    3125955;                                     0,031227
       407;       545;         1;BR      ;30/10/2022 18:57:13;         472075;     156454011;          225;                 380615;                                     0,806260;       77547;             126032769;         61457;               100165489;                58642;                       95623138;            27719;                   48110356;                                     0,503125;                      30923;                             47512782;                                     0,496875;               1055;                      1414636;                                     0,014123;             1760;                    3127715;                                     0,031225
       407;       545;         1;BR      ;30/10/2022 18:57:14;         472075;     156454011;           46;                 380661;                                     0,806357;       12247;             126045016;          9872;               100175361;                 9439;                       95632577;             4357;                   48114713;                                     0,503121;                       5082;                             47517864;                                     0,496879;                153;                      1414789;                                     0,014123;              280;                    3127995;                                     0,031225
       407;       545;         1;BR      ;30/10/2022 18:57:15;         472075;     156454011;            8;                 380669;                                     0,806374;        2217;             126047233;          1800;               100177161;                 1720;                       95634297;              820;                   48115533;                                     0,503120;                        900;                             47518764;                                     0,496880;                 36;                      1414825;                                     0,014123;               44;                    3128039;                                     0,031225
       407;       545;         1;BR      ;30/10/2022 18:57:16;         472075;     156454011;           57;                 380726;                                     0,806495;       16561;             126063794;         12651;               100189812;                12202;                       95646499;             3658;                   48119191;                                     0,503094;                       8544;                             47527308;                                     0,496906;                133;                      1414958;                                     0,014123;              316;                    3128355;                                     0,031224
       407;       545;         1;BR      ;30/10/2022 18:57:17;         472075;     156454011;          159;                 380885;                                     0,806832;       55009;             126118803;         45271;               100235083;                42432;                       95688931;            28070;                   48147261;                                     0,503164;                      14362;                             47541670;                                     0,496836;                597;                      1415555;                                     0,014122;             2242;                    3130597;                                     0,031233
       407;       545;         1;BR      ;30/10/2022 18:57:18;         472075;     156454011;          126;                 381011;                                     0,807098;       42467;             126161270;         35061;               100270144;                32813;                       95721744;            22062;                   48169323;                                     0,503222;                      10751;                             47552421;                                     0,496778;                476;                      1416031;                                     0,014122;             1772;                    3132369;                                     0,031239
       407;       545;         1;BR      ;30/10/2022 18:57:19;         472075;     156454011;          224;                 381235;                                     0,807573;       78660;             126239930;         64456;               100334600;                60316;                       95782060;            38325;                   48207648;                                     0,503306;                      21991;                             47574412;                                     0,496694;                825;                      1416856;                                     0,014121;             3315;                    3135684;                                     0,031252
       407;       545;         1;BR      ;30/10/2022 18:57:20;         472075;     156454011;          138;                 381373;                                     0,807865;       54286;             126294216;         43723;               100378323;                40725;                       95822785;            19688;                   48227336;                                     0,503297;                      21037;                             47595449;                                     0,496703;                636;                      1417492;                                     0,014121;             2362;                    3138046;                                     0,031262
       407;       545;         1;BR      ;30/10/2022 18:57:21;         472075;     156454011;           57;                 381430;                                     0,807986;       19969;             126314185;         14348;               100392671;                13308;                       95836093;             9833;                   48237169;                                     0,503330;                       3475;                             47598924;                                     0,496670;                165;                      1417657;                                     0,014121;              875;                    3138921;                                     0,031266
       407;       545;         1;BR      ;30/10/2022 18:57:22;         472075;     156454011;           31;                 381461;                                     0,808052;       10941;             126325126;          8756;               100401427;                 8216;                       95844309;             4773;                   48241942;                                     0,503337;                       3443;                             47602367;                                     0,496663;                126;                      1417783;                                     0,014121;              414;                    3139335;                                     0,031268
       407;       545;         1;BR      ;30/10/2022 18:57:23;         472075;     156454011;           92;                 381553;                                     0,808247;       25953;             126351079;         20716;               100422143;                19545;                       95863854;            13903;                   48255845;                                     0,503379;                       5642;                             47608009;                                     0,496621;                286;                      1418069;                                     0,014121;              885;                    3140220;                                     0,031270
       407;       545;         1;BR      ;30/10/2022 18:57:24;         472075;     156454011;           25;                 381578;                                     0,808300;        8660;             126359739;          6931;               100429074;                 6695;                       95870549;             3210;                   48259055;                                     0,503377;                       3485;                             47611494;                                     0,496623;                 74;                      1418143;                                     0,014121;              162;                    3140382;                                     0,031270
       407;       545;         1;BR      ;30/10/2022 18:57:25;         472075;     156454011;           56;                 381634;                                     0,808418;       21055;             126380794;         17263;               100446337;                16606;                       95887155;             6731;                   48265786;                                     0,503360;                       9875;                             47621369;                                     0,496640;                239;                      1418382;                                     0,014121;              418;                    3140800;                                     0,031268
       407;       545;         1;BR      ;30/10/2022 18:57:26;         472075;     156454011;          115;                 381749;                                     0,808662;       39021;             126419815;         32101;               100478438;                31212;                       95918367;            10138;                   48275924;                                     0,503302;                      21074;                             47642443;                                     0,496698;                367;                      1418749;                                     0,014120;              522;                    3141322;                                     0,031264
       407;       545;         1;BR      ;30/10/2022 18:57:27;         472075;     156454011;          147;                 381896;                                     0,808973;       50629;             126470444;         41689;               100520127;                40252;                       95958619;            12114;                   48288038;                                     0,503217;                      28138;                             47670581;                                     0,496783;                548;                      1419297;                                     0,014120;              889;                    3142211;                                     0,031260
       407;       545;         1;BR      ;30/10/2022 18:57:28;         472075;     156454011;            1;                 381897;                                     0,808975;         353;             126470797;           279;               100520406;                  271;                       95958890;              104;                   48288142;                                     0,503217;                        167;                             47670748;                                     0,496783;                  3;                      1419300;                                     0,014120;                5;                    3142216;                                     0,031259
       407;       545;         1;BR      ;30/10/2022 18:57:29;         472075;     156454011;            1;                 381898;                                     0,808977;         297;             126471094;           194;               100520600;                  181;                       95959071;               64;                   48288206;                                     0,503217;                        117;                             47670865;                                     0,496783;                  4;                      1419304;                                     0,014120;                9;                    3142225;                                     0,031260
       407;       545;         1;BR      ;30/10/2022 18:57:30;         472075;     156454011;            9;                 381907;                                     0,808996;        3006;             126474100;          2455;               100523055;                 2390;                       95961461;              926;                   48289132;                                     0,503214;                       1464;                             47672329;                                     0,496786;                 29;                      1419333;                                     0,014119;               36;                    3142261;                                     0,031259
       407;       545;         1;BR      ;30/10/2022 18:57:47;         472075;     156454011;          162;                 382069;                                     0,809340;       48175;             126522275;         39896;               100562951;                38565;                       96000026;            28695;                   48317827;                                     0,503311;                       9870;                             47682199;                                     0,496689;                409;                      1419742;                                     0,014118;              922;                    3143183;                                     0,031256
       407;       545;         1;BR      ;30/10/2022 18:57:48;         472075;     156454011;           64;                 382133;                                     0,809475;       20770;             126543045;         16683;               100579634;                16013;                       96016039;             7817;                   48325644;                                     0,503308;                       8196;                             47690395;                                     0,496692;                235;                      1419977;                                     0,014118;              435;                    3143618;                                     0,031255
       407;       545;         1;BR      ;30/10/2022 18:57:49;         472075;     156454011;           45;                 382178;                                     0,809571;       15727;             126558772;         12377;               100592011;                11864;                       96027903;             4987;                   48330631;                                     0,503298;                       6877;                             47697272;                                     0,496702;                164;                      1420141;                                     0,014118;              349;                    3143967;                                     0,031255
       407;       545;         1;BR      ;30/10/2022 18:57:50;         472075;     156454011;          334;                 382512;                                     0,810278;      141810;             126700582;        106728;               100698739;               102269;                       96130172;            47961;                   48378592;                                     0,503261;                      54308;                             47751580;                                     0,496739;               1332;                      1421473;                                     0,014116;             3127;                    3147094;                                     0,031253
       407;       545;         1;BR      ;30/10/2022 18:57:51;         472075;     156454011;          174;                 382686;                                     0,810647;       61340;             126761922;         48064;               100746803;                46129;                       96176301;            18385;                   48396977;                                     0,503211;                      27744;                             47779324;                                     0,496789;                612;                      1422085;                                     0,014115;             1323;                    3148417;                                     0,031251
       407;       545;         1;BR      ;30/10/2022 18:57:52;         472075;     156454011;          277;                 382963;                                     0,811233;      100332;             126862254;         78874;               100825677;                75664;                       96251965;            31837;                   48428814;                                     0,503146;                      43827;                             47823151;                                     0,496854;               1025;                      1423110;                                     0,014115;             2185;                    3150602;                                     0,031248
       407;       545;         1;BR      ;30/10/2022 18:57:53;         472075;     156454011;          303;                 383266;                                     0,811875;      111387;             126973641;         88484;               100914161;                84592;                       96336557;            42094;                   48470908;                                     0,503141;                      42498;                             47865649;                                     0,496859;               1303;                      1424413;                                     0,014115;             2589;                    3153191;                                     0,031246
       407;       545;         1;BR      ;30/10/2022 18:57:54;         472075;     156454011;          156;                 383422;                                     0,812206;       47067;             127020708;         37400;               100951561;                35963;                       96372520;            19789;                   48490697;                                     0,503159;                      16174;                             47881823;                                     0,496841;                509;                      1424922;                                     0,014115;              928;                    3154119;                                     0,031244
       407;       545;         1;BR      ;30/10/2022 18:57:55;         472075;     156454011;          258;                 383680;                                     0,812752;       80518;             127101226;         65067;               101016628;                62431;                       96434951;            30402;                   48521099;                                     0,503148;                      32029;                             47913852;                                     0,496852;                877;                      1425799;                                     0,014114;             1759;                    3155878;                                     0,031241
       407;       545;         1;BR      ;30/10/2022 18:57:56;         472075;     156454011;          163;                 383843;                                     0,813097;       50438;             127151664;         41490;               101058118;                40042;                       96474993;            22369;                   48543468;                                     0,503172;                      17673;                             47931525;                                     0,496828;                554;                      1426353;                                     0,014114;              894;                    3156772;                                     0,031237
       407;       545;         1;BR      ;30/10/2022 18:57:57;         472075;     156454011;          152;                 383995;                                     0,813419;       43462;             127195126;         35090;               101093208;                33887;                       96508880;            22883;                   48566351;                                     0,503232;                      11004;                             47942529;                                     0,496768;                416;                      1426769;                                     0,014113;              787;                    3157559;                                     0,031234
       407;       545;         1;BR      ;30/10/2022 18:57:58;         472075;     156454011;          169;                 384164;                                     0,813777;       53246;             127248372;         41151;               101134359;                39962;                       96548842;            24195;                   48590546;                                     0,503274;                      15767;                             47958296;                                     0,496726;                425;                      1427194;                                     0,014112;              764;                    3158323;                                     0,031229
       407;       545;         1;BR      ;30/10/2022 18:57:59;         472075;     156454011;          154;                 384318;                                     0,814104;       46658;             127295030;         36989;               101171348;                35939;                       96584781;            25774;                   48616320;                                     0,503354;                      10165;                             47968461;                                     0,496646;                321;                      1427515;                                     0,014110;              729;                    3159052;                                     0,031225
       407;       545;         1;BR      ;30/10/2022 18:58:00;         472075;     156454011;          124;                 384442;                                     0,814366;       40035;             127335065;         32128;               101203476;                30928;                       96615709;            15011;                   48631331;                                     0,503348;                      15917;                             47984378;                                     0,496652;                387;                      1427902;                                     0,014109;              813;                    3159865;                                     0,031223
       407;       545;         1;BR      ;30/10/2022 18:58:01;         472075;     156454011;          499;                 384941;                                     0,815423;      177755;             127512820;        139771;               101343247;               130743;                       96746452;            67284;                   48698615;                                     0,503363;                      63459;                             48047837;                                     0,496637;               2833;                      1430735;                                     0,014118;             6195;                    3166060;                                     0,031241
       407;       545;         1;BR      ;30/10/2022 18:58:02;         472075;     156454011;           41;                 384982;                                     0,815510;       14512;             127527332;         11482;               101354729;                10801;                       96757253;             4866;                   48703481;                                     0,503357;                       5935;                             48053772;                                     0,496643;                227;                      1430962;                                     0,014118;              454;                    3166514;                                     0,031242
       407;       545;         1;BR      ;30/10/2022 18:58:03;         472075;     156454011;            1;                 384983;                                     0,815512;         358;             127527690;           296;               101355025;                  282;                       96757535;              100;                   48703581;                                     0,503357;                        182;                             48053954;                                     0,496643;                  3;                      1430965;                                     0,014118;               11;                    3166525;                                     0,031242
       407;       545;         1;BR      ;30/10/2022 18:58:04;         472075;     156454011;           19;                 385002;                                     0,815553;        7438;             127535128;          5807;               101360832;                 5541;                       96763076;             2388;                   48705969;                                     0,503353;                       3153;                             48057107;                                     0,496647;                 99;                      1431064;                                     0,014119;              167;                    3166692;                                     0,031242
       407;       545;         1;BR      ;30/10/2022 18:58:05;         472075;     156454011;           24;                 385026;                                     0,815603;        7606;             127542734;          6177;               101367009;                 5830;                       96768906;             2906;                   48708875;                                     0,503353;                       2924;                             48060031;                                     0,496647;                128;                      1431192;                                     0,014119;              219;                    3166911;                                     0,031242
       407;       545;         1;BR      ;30/10/2022 18:58:06;         472075;     156454011;          158;                 385184;                                     0,815938;       55863;             127598597;         44149;               101411158;                41421;                       96810327;            18392;                   48727267;                                     0,503327;                      23029;                             48083060;                                     0,496673;                926;                      1432118;                                     0,014122;             1802;                    3168713;                                     0,031246
       407;       545;         1;BR      ;30/10/2022 18:58:07;         472075;     156454011;          257;                 385441;                                     0,816483;       90207;             127688804;         72721;               101483879;                68389;                       96878716;            32216;                   48759483;                                     0,503304;                      36173;                             48119233;                                     0,496696;               1394;                      1433512;                                     0,014126;             2938;                    3171651;                                     0,031253
       407;       545;         1;BR      ;30/10/2022 18:58:08;         472075;     156454011;          154;                 385595;                                     0,816809;       50975;             127739779;         40264;               101524143;                38171;                       96916887;            15605;                   48775088;                                     0,503267;                      22566;                             48141799;                                     0,496733;                728;                      1434240;                                     0,014127;             1365;                    3173016;                                     0,031254
       407;       545;         1;BR      ;30/10/2022 18:58:09;         472075;     156454011;          237;                 385832;                                     0,817311;       81145;             127820924;         63296;               101587439;                59615;                       96976502;            27723;                   48802811;                                     0,503244;                      31892;                             48173691;                                     0,496756;               1170;                      1435410;                                     0,014130;             2511;                    3175527;                                     0,031259
       407;       545;         1;BR      ;30/10/2022 18:58:10;         472075;     156454011;            3;                 385835;                                     0,817317;         930;             127821854;           724;               101588163;                  698;                       96977200;              361;                   48803172;                                     0,503244;                        337;                             48174028;                                     0,496756;                 13;                      1435423;                                     0,014130;               13;                    3175540;                                     0,031259
       407;       545;         1;BR      ;30/10/2022 18:58:14;         472075;     156454011;           58;                 385893;                                     0,817440;       18183;             127840037;         13937;               101602100;                13604;                       96990804;             7411;                   48810583;                                     0,503250;                       6193;                             48180221;                                     0,496750;                112;                      1435535;                                     0,014129;              221;                    3175761;                                     0,031257
       407;       545;         1;BR      ;30/10/2022 18:58:15;         472075;     156454011;           77;                 385970;                                     0,817603;       23072;             127863109;         18155;               101620255;                17282;                       97008086;            12004;                   48822587;                                     0,503284;                       5278;                             48185499;                                     0,496716;                238;                      1435773;                                     0,014129;              635;                    3176396;                                     0,031258
       407;       545;         1;BR      ;30/10/2022 18:58:16;         472075;     156454011;          185;                 386155;                                     0,817995;       60628;             127923737;         48348;               101668603;                45585;                       97053671;            32462;                   48855049;                                     0,503382;                      13123;                             48198622;                                     0,496618;                638;                      1436411;                                     0,014128;             2125;                    3178521;                                     0,031264
       407;       545;         1;BR      ;30/10/2022 18:58:17;         472075;     156454011;          124;                 386279;                                     0,818258;       40104;             127963841;         31629;               101700232;                29858;                       97083529;            21290;                   48876339;                                     0,503446;                       8568;                             48207190;                                     0,496554;                458;                      1436869;                                     0,014128;             1313;                    3179834;                                     0,031267
       407;       545;         1;BR      ;30/10/2022 18:58:18;         472075;     156454011;           21;                 386300;                                     0,818302;        6269;             127970110;          4620;               101704852;                 4352;                       97087881;             3190;                   48879529;                                     0,503457;                       1162;                             48208352;                                     0,496543;                 60;                      1436929;                                     0,014128;              208;                    3180042;                                     0,031267
       407;       545;         1;BR      ;30/10/2022 18:58:19;         472075;     156454011;            7;                 386307;                                     0,818317;        2834;             127972944;          2193;               101707045;                 2073;                       97089954;             1017;                   48880546;                                     0,503456;                       1056;                             48209408;                                     0,496544;                 26;                      1436955;                                     0,014128;               94;                    3180136;                                     0,031268
       407;       545;         1;BR      ;30/10/2022 18:58:20;         472075;     156454011;           17;                 386324;                                     0,818353;        5952;             127978896;          4463;               101711508;                 4280;                       97094234;             2910;                   48883456;                                     0,503464;                       1370;                             48210778;                                     0,496536;                 36;                      1436991;                                     0,014128;              147;                    3180283;                                     0,031268
       407;       545;         1;BR      ;30/10/2022 18:58:21;         472075;     156454011;           70;                 386394;                                     0,818501;       24574;             128003470;         19000;               101730508;                18045;                       97112279;             9491;                   48892947;                                     0,503468;                       8554;                             48219332;                                     0,496532;                371;                      1437362;                                     0,014129;              584;                    3180867;                                     0,031268
       407;       545;         1;BR      ;30/10/2022 18:58:22;         472075;     156454011;          116;                 386510;                                     0,818747;       34585;             128038055;         27944;               101758452;                26749;                       97139028;            11219;                   48904166;                                     0,503445;                      15530;                             48234862;                                     0,496555;                513;                      1437875;                                     0,014130;              682;                    3181549;                                     0,031266
       407;       545;         1;BR      ;30/10/2022 18:58:23;         472075;     156454011;            6;                 386516;                                     0,818760;        1562;             128039617;          1274;               101759726;                 1231;                       97140259;              578;                   48904744;                                     0,503445;                        653;                             48235515;                                     0,496555;                 22;                      1437897;                                     0,014130;               21;                    3181570;                                     0,031266
       407;       545;         1;BR      ;30/10/2022 18:58:24;         472075;     156454011;          103;                 386619;                                     0,818978;       29292;             128068909;         22585;               101782311;                21857;                       97162116;             5686;                   48910430;                                     0,503390;                      16171;                             48251686;                                     0,496610;                253;                      1438150;                                     0,014130;              475;                    3182045;                                     0,031263
       407;       545;         1;BR      ;30/10/2022 18:58:25;         472075;     156454011;          161;                 386780;                                     0,819319;       56300;             128125209;         47140;               101829451;                44137;                       97206253;            28726;                   48939156;                                     0,503457;                      15411;                             48267097;                                     0,496543;                610;                      1438760;                                     0,014129;             2393;                    3184438;                                     0,031272
       407;       545;         1;BR      ;30/10/2022 18:58:26;         472075;     156454011;           55;                 386835;                                     0,819435;       19026;             128144235;         16014;               101845465;                14930;                       97221183;            10258;                   48949414;                                     0,503485;                       4672;                             48271769;                                     0,496515;                231;                      1438991;                                     0,014129;              853;                    3185291;                                     0,031276
       407;       545;         1;BR      ;30/10/2022 18:58:27;         472075;     156454011;          119;                 386954;                                     0,819688;       41428;             128185663;         35794;               101881259;                33671;                       97254854;            20474;                   48969888;                                     0,503521;                      13197;                             48284966;                                     0,496479;                452;                      1439443;                                     0,014129;             1671;                    3186962;                                     0,031281
       407;       545;         1;BR      ;30/10/2022 18:58:28;         472075;     156454011;           14;                 386968;                                     0,819717;        4282;             128189945;          3343;               101884602;                 3130;                       97257984;             2689;                   48972577;                                     0,503533;                        441;                             48285407;                                     0,496467;                 44;                      1439487;                                     0,014129;              169;                    3187131;                                     0,031282
       407;       545;         1;BR      ;30/10/2022 18:58:29;         472075;     156454011;           54;                 387022;                                     0,819832;       18134;             128208079;         13659;               101898261;                12772;                       97270756;             8371;                   48980948;                                     0,503553;                       4401;                             48289808;                                     0,496447;                173;                      1439660;                                     0,014128;              714;                    3187845;                                     0,031285
       407;       545;         1;BR      ;30/10/2022 18:58:30;         472075;     156454011;           67;                 387089;                                     0,819974;       25657;             128233736;         20351;               101918612;                18932;                       97289688;             9051;                   48989999;                                     0,503548;                       9881;                             48299689;                                     0,496452;                282;                      1439942;                                     0,014128;             1137;                    3188982;                                     0,031289
       407;       545;         1;BR      ;30/10/2022 18:58:31;         472075;     156454011;           81;                 387170;                                     0,820145;       25380;             128259116;         20908;               101939520;                19980;                       97309668;            10747;                   49000746;                                     0,503555;                       9233;                             48308922;                                     0,496445;                281;                      1440223;                                     0,014128;              647;                    3189629;                                     0,031289
       407;       545;         1;BR      ;30/10/2022 18:58:32;         472075;     156454011;           54;                 387224;                                     0,820259;       18751;             128277867;         15582;               101955102;                15135;                       97324803;             4386;                   49005132;                                     0,503522;                      10749;                             48319671;                                     0,496478;                162;                      1440385;                                     0,014128;              285;                    3189914;                                     0,031287
       407;       545;         1;BR      ;30/10/2022 18:58:33;         472075;     156454011;           20;                 387244;                                     0,820302;        6368;             128284235;          5107;               101960209;                 4925;                       97329728;             1528;                   49006660;                                     0,503512;                       3397;                             48323068;                                     0,496488;                 89;                      1440474;                                     0,014128;               93;                    3190007;                                     0,031287
       407;       545;         1;BR      ;30/10/2022 18:58:34;         472075;     156454011;            7;                 387251;                                     0,820317;        2084;             128286319;          1708;               101961917;                 1650;                       97331378;              616;                   49007276;                                     0,503510;                       1034;                             48324102;                                     0,496490;                 25;                      1440499;                                     0,014128;               33;                    3190040;                                     0,031287
       407;       545;         1;BR      ;30/10/2022 18:58:35;         472075;     156454011;           58;                 387309;                                     0,820440;       18558;             128304877;         15334;               101977251;                14872;                       97346250;             5007;                   49012283;                                     0,503484;                       9865;                             48333967;                                     0,496516;                157;                      1440656;                                     0,014127;              305;                    3190345;                                     0,031285
       407;       545;         1;BR      ;30/10/2022 18:58:36;         472075;     156454011;           27;                 387336;                                     0,820497;        9084;             128313961;          7581;               101984832;                 7355;                       97353605;             2432;                   49014715;                                     0,503471;                       4923;                             48338890;                                     0,496529;                105;                      1440761;                                     0,014127;              121;                    3190466;                                     0,031284
       407;       545;         1;BR      ;30/10/2022 18:58:37;         472075;     156454011;           20;                 387356;                                     0,820539;        5701;             128319662;          4692;               101989524;                 4573;                       97358178;             1416;                   49016131;                                     0,503462;                       3157;                             48342047;                                     0,496538;                 61;                      1440822;                                     0,014127;               58;                    3190524;                                     0,031283
       407;       545;         1;BR      ;30/10/2022 18:58:38;         472075;     156454011;            6;                 387362;                                     0,820552;        1864;             128321526;          1536;               101991060;                 1498;                       97359676;              549;                   49016680;                                     0,503460;                        949;                             48342996;                                     0,496540;                 14;                      1440836;                                     0,014127;               24;                    3190548;                                     0,031283
       407;       545;         1;BR      ;30/10/2022 18:58:52;         472075;     156454011;           50;                 387412;                                     0,820658;       14847;             128336373;         11551;               102002611;                11040;                       97370716;             8084;                   49024764;                                     0,503486;                       2956;                             48345952;                                     0,496514;                120;                      1440956;                                     0,014127;              391;                    3190939;                                     0,031283
       407;       545;         1;BR      ;30/10/2022 18:58:53;         472075;     156454011;           91;                 387503;                                     0,820851;       28581;             128364954;         22378;               102024989;                21421;                       97392137;            12759;                   49037523;                                     0,503506;                       8662;                             48354614;                                     0,496494;                311;                      1441267;                                     0,014127;              646;                    3191585;                                     0,031282
       407;       545;         1;BR      ;30/10/2022 18:58:54;         472075;     156454011;          243;                 387746;                                     0,821365;       91123;             128456077;         71636;               102096625;                68597;                       97460734;            32823;                   49070346;                                     0,503488;                      35774;                             48390388;                                     0,496512;                997;                      1442264;                                     0,014126;             2042;                    3193627;                                     0,031280
       407;       545;         1;BR      ;30/10/2022 18:58:55;         472075;     156454011;          403;                 388149;                                     0,822219;      155604;             128611681;        120903;               102217528;               115887;                       97576621;            52220;                   49122566;                                     0,503426;                      63667;                             48454055;                                     0,496574;               1541;                      1443805;                                     0,014125;             3475;                    3197102;                                     0,031277
       407;       545;         1;BR      ;30/10/2022 18:58:56;         472075;     156454011;          114;                 388263;                                     0,822460;       39851;             128651532;         30714;               102248242;                29466;                       97606087;            13538;                   49136104;                                     0,503412;                      15928;                             48469983;                                     0,496588;                431;                      1444236;                                     0,014125;              817;                    3197919;                                     0,031276
       407;       545;         1;BR      ;30/10/2022 18:58:57;         472075;     156454011;           83;                 388346;                                     0,822636;       26819;             128678351;         21629;               102269871;                20758;                       97626845;            10263;                   49146367;                                     0,503410;                      10495;                             48480478;                                     0,496590;                320;                      1444556;                                     0,014125;              551;                    3198470;                                     0,031275
       407;       545;         1;BR      ;30/10/2022 18:58:58;         472075;     156454011;           55;                 388401;                                     0,822753;       17501;             128695852;         13962;               102283833;                13413;                       97640258;             6583;                   49152950;                                     0,503409;                       6830;                             48487308;                                     0,496591;                176;                      1444732;                                     0,014125;              373;                    3198843;                                     0,031274
       407;       545;         1;BR      ;30/10/2022 18:58:59;         472075;     156454011;          130;                 388531;                                     0,823028;       41555;             128737407;         33199;               102317032;                31970;                       97672228;            15396;                   49168346;                                     0,503401;                      16574;                             48503882;                                     0,496599;                438;                      1445170;                                     0,014124;              791;                    3199634;                                     0,031272
       407;       545;         1;BR      ;30/10/2022 18:59:00;         472075;     156454011;           71;                 388602;                                     0,823179;       21143;             128758550;         17356;               102334388;                16770;                       97688998;             9964;                   49178310;                                     0,503417;                       6806;                             48510688;                                     0,496583;                197;                      1445367;                                     0,014124;              389;                    3200023;                                     0,031270
       407;       545;         1;BR      ;30/10/2022 18:59:01;         472075;     156454011;          152;                 388754;                                     0,823501;       42916;             128801466;         35260;               102369648;                33925;                       97722923;            24370;                   49202680;                                     0,503492;                       9555;                             48520243;                                     0,496508;                428;                      1445795;                                     0,014123;              907;                    3200930;                                     0,031268
       407;       545;         1;BR      ;30/10/2022 18:59:02;         472075;     156454011;          110;                 388864;                                     0,823734;       34297;             128835763;         26948;               102396596;                26065;                       97748988;            14747;                   49217427;                                     0,503508;                      11318;                             48531561;                                     0,496492;                321;                      1446116;                                     0,014123;              562;                    3201492;                                     0,031266
       407;       545;         1;BR      ;30/10/2022 18:59:03;         472075;     156454011;           82;                 388946;                                     0,823907;       25259;             128861022;         19586;               102416182;                19043;                       97768031;            13336;                   49230763;                                     0,503547;                       5707;                             48537268;                                     0,496453;                184;                      1446300;                                     0,014122;              359;                    3201851;                                     0,031263
       407;       545;         1;BR      ;30/10/2022 18:59:04;         472075;     156454011;          105;                 389051;                                     0,824130;       31179;             128892201;         25361;               102441543;                24605;                       97792636;            17263;                   49248026;                                     0,503596;                       7342;                             48544610;                                     0,496404;                233;                      1446533;                                     0,014121;              523;                    3202374;                                     0,031261
       407;       545;         1;BR      ;30/10/2022 18:59:05;         472075;     156454011;           55;                 389106;                                     0,824246;       17602;             128909803;         13678;               102455221;                13191;                       97805827;             6285;                   49254311;                                     0,503593;                       6906;                             48551516;                                     0,496407;                168;                      1446701;                                     0,014120;              319;                    3202693;                                     0,031259
       407;       545;         1;BR      ;30/10/2022 18:59:06;         472075;     156454011;          352;                 389458;                                     0,824992;      126120;             129035923;        100133;               102555354;                93663;                       97899490;            49018;                   49303329;                                     0,503612;                      44645;                             48596161;                                     0,496388;               2005;                      1448706;                                     0,014126;             4465;                    3207158;                                     0,031272
       407;       545;         1;BR      ;30/10/2022 18:59:07;         472075;     156454011;          133;                 389591;                                     0,825274;       45065;             129080988;         36203;               102591557;                34155;                       97933645;            15500;                   49318829;                                     0,503594;                      18655;                             48614816;                                     0,496406;                636;                      1449342;                                     0,014127;             1412;                    3208570;                                     0,031275
       407;       545;         1;BR      ;30/10/2022 18:59:08;         472075;     156454011;          122;                 389713;                                     0,825532;       42221;             129123209;         33274;               102624831;                31475;                       97965120;            14626;                   49333455;                                     0,503582;                      16849;                             48631665;                                     0,496418;                577;                      1449919;                                     0,014128;             1222;                    3209792;                                     0,031277
       407;       545;         1;BR      ;30/10/2022 18:59:09;         472075;     156454011;          191;                 389904;                                     0,825937;       67124;             129190333;         54685;               102679516;                51226;                       98016346;            23477;                   49356932;                                     0,503558;                      27749;                             48659414;                                     0,496442;               1045;                      1450964;                                     0,014131;             2414;                    3212206;                                     0,031284
       407;       545;         1;BR      ;30/10/2022 18:59:10;         472075;     156454011;           94;                 389998;                                     0,826136;       32357;             129222690;         24903;               102704419;                23520;                       98039866;            10732;                   49367664;                                     0,503547;                      12788;                             48672202;                                     0,496453;                428;                      1451392;                                     0,014132;              955;                    3213161;                                     0,031286
       407;       545;         1;BR      ;30/10/2022 18:59:11;         472075;     156454011;           77;                 390075;                                     0,826299;       27600;             129250290;         21448;               102725867;                20364;                       98060230;             7558;                   49375222;                                     0,503519;                      12806;                             48685008;                                     0,496481;                336;                      1451728;                                     0,014132;              748;                    3213909;                                     0,031286
       407;       545;         1;BR      ;30/10/2022 18:59:12;         472075;     156454011;          148;                 390223;                                     0,826612;       51640;             129301930;         40415;               102766282;                38083;                       98098313;            16395;                   49391617;                                     0,503491;                      21688;                             48706696;                                     0,496509;                748;                      1452476;                                     0,014134;             1584;                    3215493;                                     0,031289
       407;       545;         1;BR      ;30/10/2022 18:59:13;         472075;     156454011;           41;                 390264;                                     0,826699;       14009;             129315939;         10936;               102777218;                10261;                       98108574;             4262;                   49395879;                                     0,503482;                       5999;                             48712695;                                     0,496518;                235;                      1452711;                                     0,014135;              440;                    3215933;                                     0,031290
       407;       545;         1;BR      ;30/10/2022 18:59:17;         472075;     156454011;           13;                 390277;                                     0,826727;        3976;             129319915;          3041;               102780259;                 2970;                       98111544;             1768;                   49397647;                                     0,503485;                       1202;                             48713897;                                     0,496515;                 27;                      1452738;                                     0,014134;               44;                    3215977;                                     0,031290
       407;       545;         1;BR      ;30/10/2022 18:59:18;         472075;     156454011;           89;                 390366;                                     0,826915;       27507;             129347422;         20944;               102801203;                20373;                       98131917;            12274;                   49409921;                                     0,503505;                       8099;                             48721996;                                     0,496495;                150;                      1452888;                                     0,014133;              421;                    3216398;                                     0,031288
       407;       545;         1;BR      ;30/10/2022 18:59:19;         472075;     156454011;          166;                 390532;                                     0,827267;       56930;             129404352;         45697;               102846900;                42952;                       98174869;            28738;                   49438659;                                     0,503578;                      14214;                             48736210;                                     0,496422;                568;                      1453456;                                     0,014132;             2177;                    3218575;                                     0,031295
       407;       545;         1;BR      ;30/10/2022 18:59:20;         472075;     156454011;           33;                 390565;                                     0,827337;       11465;             129415817;          9370;               102856270;                 8885;                       98183754;             6442;                   49445101;                                     0,503598;                       2443;                             48738653;                                     0,496402;                115;                      1453571;                                     0,014132;              370;                    3218945;                                     0,031296
       407;       545;         1;BR      ;30/10/2022 18:59:21;         472075;     156454011;           11;                 390576;                                     0,827360;        3413;             129419230;          2627;               102858897;                 2503;                       98186257;             1903;                   49447004;                                     0,503604;                        600;                             48739253;                                     0,496396;                 32;                      1453603;                                     0,014132;               92;                    3219037;                                     0,031296
       407;       545;         1;BR      ;30/10/2022 18:59:22;         472075;     156454011;           86;                 390662;                                     0,827542;       26879;             129446109;         20204;               102879101;                19076;                       98205333;            13680;                   49460684;                                     0,503646;                       5396;                             48744649;                                     0,496354;                296;                      1453899;                                     0,014132;              832;                    3219869;                                     0,031298
       407;       545;         1;BR      ;30/10/2022 18:59:23;         472075;     156454011;           27;                 390689;                                     0,827599;        8238;             129454347;          5984;               102885085;                 5662;                       98210995;             4464;                   49465148;                                     0,503662;                       1198;                             48745847;                                     0,496338;                 65;                      1453964;                                     0,014132;              257;                    3220126;                                     0,031298
       407;       545;         1;BR      ;30/10/2022 18:59:24;         472075;     156454011;            7;                 390696;                                     0,827614;        2136;             129456483;          1664;               102886749;                 1599;                       98212594;              941;                   49466089;                                     0,503663;                        658;                             48746505;                                     0,496337;                 16;                      1453980;                                     0,014132;               49;                    3220175;                                     0,031298
       407;       545;         1;BR      ;30/10/2022 18:59:25;         472075;     156454011;           95;                 390791;                                     0,827815;       29190;             129485673;         23087;               102909836;                21980;                       98234574;            11643;                   49477732;                                     0,503669;                      10337;                             48756842;                                     0,496331;                451;                      1454431;                                     0,014133;              656;                    3220831;                                     0,031298
       407;       545;         1;BR      ;30/10/2022 18:59:26;         472075;     156454011;           60;                 390851;                                     0,827943;       18808;             129504481;         15543;               102925379;                14826;                       98249400;             5988;                   49483720;                                     0,503654;                       8838;                             48765680;                                     0,496346;                292;                      1454723;                                     0,014134;              425;                    3221256;                                     0,031297
       407;       545;         1;BR      ;30/10/2022 18:59:27;         472075;     156454011;           63;                 390914;                                     0,828076;       16829;             129521310;         13683;               102939062;                13068;                       98262468;             5404;                   49489124;                                     0,503642;                       7664;                             48773344;                                     0,496358;                257;                      1454980;                                     0,014134;              358;                    3221614;                                     0,031296
       407;       545;         1;BR      ;30/10/2022 18:59:28;         472075;     156454011;           43;                 390957;                                     0,828167;       13240;             129534550;          9865;               102948927;                 9548;                       98272016;             2442;                   49491566;                                     0,503618;                       7106;                             48780450;                                     0,496382;                118;                      1455098;                                     0,014134;              199;                    3221813;                                     0,031295
       407;       545;         1;BR      ;30/10/2022 18:59:29;         472075;     156454011;          121;                 391078;                                     0,828423;       44421;             129578971;         37117;               102986044;                34751;                       98306767;            21433;                   49512999;                                     0,503658;                      13318;                             48793768;                                     0,496342;                494;                      1455592;                                     0,014134;             1872;                    3223685;                                     0,031302
       407;       545;         1;BR      ;30/10/2022 18:59:30;         472075;     156454011;          206;                 391284;                                     0,828860;       71706;             129650677;         61345;               103047389;                57532;                       98364299;            36456;                   49549455;                                     0,503734;                      21076;                             48814844;                                     0,496266;                784;                      1456376;                                     0,014133;             3029;                    3226714;                                     0,031313
       407;       545;         1;BR      ;30/10/2022 18:59:31;         472075;     156454011;           18;                 391302;                                     0,828898;        5677;             129656354;          4623;               103052012;                 4308;                       98368607;             3284;                   49552739;                                     0,503745;                       1024;                             48815868;                                     0,496255;                 65;                      1456441;                                     0,014133;              250;                    3226964;                                     0,031314
       407;       545;         1;BR      ;30/10/2022 18:59:32;         472075;     156454011;           10;                 391312;                                     0,828919;        2788;             129659142;          2266;               103054278;                 2147;                       98370754;             1632;                   49554371;                                     0,503751;                        515;                             48816383;                                     0,496249;                 21;                      1456462;                                     0,014133;               98;                    3227062;                                     0,031314
       407;       545;         1;BR      ;30/10/2022 18:59:33;         472075;     156454011;           30;                 391342;                                     0,828983;       10499;             129669641;          8104;               103062382;                 7601;                       98378355;             6287;                   49560658;                                     0,503776;                       1314;                             48817697;                                     0,496224;                 79;                      1456541;                                     0,014133;              424;                    3227486;                                     0,031316
       407;       545;         1;BR      ;30/10/2022 18:59:34;         472075;     156454011;          149;                 391491;                                     0,829298;       54097;             129723738;         42073;               103104455;                39340;                       98417695;            21643;                   49582301;                                     0,503795;                      17697;                             48835394;                                     0,496205;                573;                      1457114;                                     0,014132;             2160;                    3229646;                                     0,031324
       407;       545;         1;BR      ;30/10/2022 18:59:35;         472075;     156454011;           46;                 391537;                                     0,829396;       14073;             129737811;         11104;               103115559;                10451;                       98428146;             7165;                   49589466;                                     0,503814;                       3286;                             48838680;                                     0,496186;                150;                      1457264;                                     0,014132;              503;                    3230149;                                     0,031326
       407;       545;         1;BR      ;30/10/2022 18:59:36;         472075;     156454011;            8;                 391545;                                     0,829413;        2943;             129740754;          2367;               103117926;                 2309;                       98430455;              589;                   49590055;                                     0,503808;                       1720;                             48840400;                                     0,496192;                 28;                      1457292;                                     0,014132;               30;                    3230179;                                     0,031325
       407;       545;         1;BR      ;30/10/2022 18:59:37;         472075;     156454011;          182;                 391727;                                     0,829798;       62333;             129803087;         51729;               103169655;                50015;                       98480470;            16361;                   49606416;                                     0,503718;                      33654;                             48874054;                                     0,496282;                677;                      1457969;                                     0,014132;             1037;                    3231216;                                     0,031319
       407;       545;         1;BR      ;30/10/2022 18:59:38;         472075;     156454011;          135;                 391862;                                     0,830084;       46262;             129849349;         37916;               103207571;                36662;                       98517132;            11499;                   49617915;                                     0,503648;                      25163;                             48899217;                                     0,496352;                508;                      1458477;                                     0,014131;              746;                    3231962;                                     0,031315
       407;       545;         1;BR      ;30/10/2022 18:59:39;         472075;     156454011;            7;                 391869;                                     0,830099;        2283;             129851632;          1862;               103209433;                 1830;                       98518962;              924;                   49618839;                                     0,503648;                        906;                             48900123;                                     0,496352;                  8;                      1458485;                                     0,014131;               24;                    3231986;                                     0,031315
       407;       545;         1;BR      ;30/10/2022 18:59:41;         472075;     156454011;            9;                 391878;                                     0,830118;        1948;             129853580;          1634;               103211067;                 1570;                       98520532;              482;                   49619321;                                     0,503644;                       1088;                             48901211;                                     0,496356;                 25;                      1458510;                                     0,014131;               39;                    3232025;                                     0,031315
       407;       545;         1;BR      ;30/10/2022 18:59:42;         472075;     156454011;            1;                 391879;                                     0,830120;         320;             129853900;           298;               103211365;                  289;                       98520821;               41;                   49619362;                                     0,503643;                        248;                             48901459;                                     0,496357;                  5;                      1458515;                                     0,014131;                4;                    3232029;                                     0,031315
       407;       545;         1;BR      ;30/10/2022 18:59:43;         472075;     156454011;            3;                 391882;                                     0,830127;        1050;             129854950;           843;               103212208;                  825;                       98521646;              428;                   49619790;                                     0,503644;                        397;                             48901856;                                     0,496356;                 10;                      1458525;                                     0,014131;                8;                    3232037;                                     0,031314
       407;       545;         1;BR      ;30/10/2022 18:59:59;         472075;     156454011;            1;                 391883;                                     0,830129;         169;             129855119;           116;               103212324;                  113;                       98521759;               59;                   49619849;                                     0,503644;                         54;                             48901910;                                     0,496356;                  1;                      1458526;                                     0,014131;                2;                    3232039;                                     0,031314
       407;       545;         1;BR      ;30/10/2022 19:00:00;         472075;     156454011;          127;                 392010;                                     0,830398;       34118;             129889237;         27235;               103239559;                26273;                       98548032;            18536;                   49638385;                                     0,503697;                       7737;                             48909647;                                     0,496303;                298;                      1458824;                                     0,014130;              664;                    3232703;                                     0,031313
       407;       545;         1;BR      ;30/10/2022 19:00:01;         472075;     156454011;          170;                 392180;                                     0,830758;       56184;             129945421;         44517;               103284076;                42682;                       98590714;            20947;                   49659332;                                     0,503692;                      21735;                             48931382;                                     0,496308;                581;                      1459405;                                     0,014130;             1254;                    3233957;                                     0,031311
       407;       545;         1;BR      ;30/10/2022 19:00:02;         472075;     156454011;          500;                 392680;                                     0,831817;      196735;             130142156;        152918;               103436994;               146441;                       98737155;            65383;                   49724715;                                     0,503607;                      81058;                             49012440;                                     0,496393;               1948;                      1461353;                                     0,014128;             4529;                    3238486;                                     0,031309
       407;       545;         1;BR      ;30/10/2022 19:00:03;         472075;     156454011;          282;                 392962;                                     0,832414;      104500;             130246656;         82023;               103519017;                78578;                       98815733;            35669;                   49760384;                                     0,503567;                      42909;                             49055349;                                     0,496433;               1185;                      1462538;                                     0,014128;             2260;                    3240746;                                     0,031306
       407;       545;         1;BR      ;30/10/2022 19:00:04;         472075;     156454011;          198;                 393160;                                     0,832834;       63100;             130309756;         49646;               103568663;                47532;                       98863265;            26112;                   49786496;                                     0,503589;                      21420;                             49076769;                                     0,496411;                689;                      1463227;                                     0,014128;             1425;                    3242171;                                     0,031305
       407;       545;         1;BR      ;30/10/2022 19:00:05;         472075;     156454011;          171;                 393331;                                     0,833196;       52348;             130362104;         41583;               103610246;                39929;                       98903194;            21068;                   49807564;                                     0,503599;                      18861;                             49095630;                                     0,496401;                581;                      1463808;                                     0,014128;             1073;                    3243244;                                     0,031302
       407;       545;         1;BR      ;30/10/2022 19:00:06;         472075;     156454011;          240;                 393571;                                     0,833704;       73790;             130435894;         59275;               103669521;                56997;                       98960191;            27065;                   49834629;                                     0,503583;                      29932;                             49125562;                                     0,496417;                799;                      1464607;                                     0,014128;             1479;                    3244723;                                     0,031299
       407;       545;         1;BR      ;30/10/2022 19:00:07;         472075;     156454011;          148;                 393719;                                     0,834018;       46231;             130482125;         38525;               103708046;                37222;                       98997413;            25354;                   49859983;                                     0,503649;                      11868;                             49137430;                                     0,496351;                410;                      1465017;                                     0,014126;              893;                    3245616;                                     0,031296
       407;       545;         1;BR      ;30/10/2022 19:00:08;         472075;     156454011;          103;                 393822;                                     0,834236;       29052;             130511177;         23694;               103731740;                22876;                       99020289;            16365;                   49876348;                                     0,503698;                       6511;                             49143941;                                     0,496302;                280;                      1465297;                                     0,014126;              538;                    3246154;                                     0,031294
       407;       545;         1;BR      ;30/10/2022 19:00:09;         472075;     156454011;           55;                 393877;                                     0,834353;       17574;             130528751;         14061;               103745801;                13637;                       99033926;             7165;                   49883513;                                     0,503701;                       6472;                             49150413;                                     0,496299;                170;                      1465467;                                     0,014126;              254;                    3246408;                                     0,031292
       407;       545;         1;BR      ;30/10/2022 19:00:10;         472075;     156454011;          114;                 393991;                                     0,834594;       34296;             130563047;         26772;               103772573;                25992;                       99059918;            14425;                   49897938;                                     0,503715;                      11567;                             49161980;                                     0,496285;                259;                      1465726;                                     0,014124;              521;                    3246929;                                     0,031289
       407;       545;         1;BR      ;30/10/2022 19:00:11;         472075;     156454011;          166;                 394157;                                     0,834946;       46992;             130610039;         36184;               103808757;                35194;                       99095112;            26307;                   49924245;                                     0,503801;                       8887;                             49170867;                                     0,496199;                316;                      1466042;                                     0,014123;              674;                    3247603;                                     0,031284
       407;       545;         1;BR      ;30/10/2022 19:00:12;         472075;     156454011;          126;                 394283;                                     0,835213;       38663;             130648702;         30718;               103839475;                29708;                       99124820;            20581;                   49944826;                                     0,503858;                       9127;                             49179994;                                     0,496142;                280;                      1466322;                                     0,014121;              730;                    3248333;                                     0,031282
       407;       545;         1;BR      ;30/10/2022 19:00:13;         472075;     156454011;           90;                 394373;                                     0,835403;       26495;             130675197;         20680;               103860155;                20105;                       99144925;            11716;                   49956542;                                     0,503874;                       8389;                             49188383;                                     0,496126;                168;                      1466490;                                     0,014120;              407;                    3248740;                                     0,031280
       407;       545;         1;BR      ;30/10/2022 19:00:14;         472075;     156454011;           98;                 394471;                                     0,835611;       32732;             130707929;         25829;               103885984;                24359;                       99169284;            10767;                   49967309;                                     0,503859;                      13592;                             49201975;                                     0,496141;                479;                      1466969;                                     0,014121;              991;                    3249731;                                     0,031282
       407;       545;         1;BR      ;30/10/2022 19:00:15;         472075;     156454011;          562;                 395033;                                     0,836801;      200223;             130908152;        157773;               104043757;               147522;                       99316806;            76947;                   50044256;                                     0,503885;                      70575;                             49272550;                                     0,496115;               3231;                      1470200;                                     0,014131;             7020;                    3256751;                                     0,031302
       407;       545;         1;BR      ;30/10/2022 19:00:16;         472075;     156454011;           70;                 395103;                                     0,836950;       23936;             130932088;         19075;               104062832;                18002;                       99334808;             7666;                   50051922;                                     0,503871;                      10336;                             49282886;                                     0,496129;                343;                      1470543;                                     0,014131;              730;                    3257481;                                     0,031303
       407;       545;         1;BR      ;30/10/2022 19:00:17;         472075;     156454011;          132;                 395235;                                     0,837229;       46925;             130979013;         37280;               104100112;                35231;                       99370039;            15071;                   50066993;                                     0,503844;                      20160;                             49303046;                                     0,496156;                696;                      1471239;                                     0,014133;             1353;                    3258834;                                     0,031305
       407;       545;         1;BR      ;30/10/2022 19:00:18;         472075;     156454011;          270;                 395505;                                     0,837801;       91568;             131070581;         74954;               104175066;                70301;                       99440340;            31979;                   50098972;                                     0,503809;                      38322;                             49341368;                                     0,496191;               1345;                      1472584;                                     0,014136;             3308;                    3262142;                                     0,031314
       407;       545;         1;BR      ;30/10/2022 19:00:19;         472075;     156454011;          232;                 395737;                                     0,838293;       79620;             131150201;         62893;               104237959;                59200;                       99499540;            27279;                   50126251;                                     0,503784;                      31921;                             49373289;                                     0,496216;               1197;                      1473781;                                     0,014139;             2496;                    3264638;                                     0,031319
       407;       545;         1;BR      ;30/10/2022 19:00:20;         472075;     156454011;          234;                 395971;                                     0,838788;       80848;             131231049;         62858;               104300817;                59488;                       99559028;            24633;                   50150884;                                     0,503730;                      34855;                             49408144;                                     0,496270;               1104;                      1474885;                                     0,014141;             2266;                    3266904;                                     0,031322
       407;       545;         1;BR      ;30/10/2022 19:00:21;         472075;     156454011;          221;                 396192;                                     0,839256;       75176;             131306225;         58585;               104359402;                55248;                       99614276;            24642;                   50175526;                                     0,503698;                      30606;                             49438750;                                     0,496302;               1164;                      1476049;                                     0,014144;             2173;                    3269077;                                     0,031325
       407;       545;         1;BR      ;30/10/2022 19:00:22;         472075;     156454011;           43;                 396235;                                     0,839348;       14748;             131320973;         11761;               104371163;                11011;                       99625287;             5641;                   50181167;                                     0,503699;                       5370;                             49444120;                                     0,496301;                200;                      1476249;                                     0,014144;              550;                    3269627;                                     0,031327
       407;       545;         1;BR      ;30/10/2022 19:00:26;         472075;     156454011;           30;                 396265;                                     0,839411;        9172;             131330145;          7017;               104378180;                 6853;                       99632140;             4376;                   50185543;                                     0,503708;                       2477;                             49446597;                                     0,496292;                 54;                      1476303;                                     0,014144;              110;                    3269737;                                     0,031326
       407;       545;         1;BR      ;30/10/2022 19:00:27;         472075;     156454011;          106;                 396371;                                     0,839636;       33617;             131363762;         25706;               104403886;                24826;                       99656966;            15923;                   50201466;                                     0,503743;                       8903;                             49455500;                                     0,496257;                191;                      1476494;                                     0,014142;              689;                    3270426;                                     0,031325
       407;       545;         1;BR      ;30/10/2022 19:00:28;         472075;     156454011;          121;                 396492;                                     0,839892;       38082;             131401844;         30485;               104434371;                29013;                       99685979;            20773;                   50222239;                                     0,503804;                       8240;                             49463740;                                     0,496196;                347;                      1476841;                                     0,014141;             1125;                    3271551;                                     0,031326
       407;       545;         1;BR      ;30/10/2022 19:00:29;         472075;     156454011;          109;                 396601;                                     0,840123;       40839;             131442683;         32976;               104467347;                30679;                       99716658;            21411;                   50243650;                                     0,503864;                       9268;                             49473008;                                     0,496136;                526;                      1477367;                                     0,014142;             1771;                    3273322;                                     0,031333
       407;       545;         1;BR      ;30/10/2022 19:00:30;         472075;     156454011;           49;                 396650;                                     0,840227;       15943;             131458626;         12819;               104480166;                12037;                       99728695;             7275;                   50250925;                                     0,503876;                       4762;                             49477770;                                     0,496124;                194;                      1477561;                                     0,014142;              588;                    3273910;                                     0,031335
       407;       545;         1;BR      ;30/10/2022 19:00:31;         472075;     156454011;           55;                 396705;                                     0,840343;       16729;             131475355;         13568;               104493734;                12709;                       99741404;             9027;                   50259952;                                     0,503903;                       3682;                             49481452;                                     0,496097;                206;                      1477767;                                     0,014142;              653;                    3274563;                                     0,031337
       407;       545;         1;BR      ;30/10/2022 19:00:32;         472075;     156454011;          198;                 396903;                                     0,840763;       64608;             131539963;         49854;               104543588;                47346;                       99788750;            29501;                   50289453;                                     0,503959;                      17845;                             49499297;                                     0,496041;                791;                      1478558;                                     0,014143;             1717;                    3276280;                                     0,031339
       407;       545;         1;BR      ;30/10/2022 19:00:33;         472075;     156454011;          101;                 397004;                                     0,840977;       29847;             131569810;         23565;               104567153;                22397;                       99811147;            13960;                   50303413;                                     0,503986;                       8437;                             49507734;                                     0,496014;                368;                      1478926;                                     0,014143;              800;                    3277080;                                     0,031339
       407;       545;         1;BR      ;30/10/2022 19:00:34;         472075;     156454011;          105;                 397109;                                     0,841199;       28595;             131598405;         23569;               104590722;                22581;                       99833728;             9303;                   50312716;                                     0,503965;                      13278;                             49521012;                                     0,496035;                368;                      1479294;                                     0,014144;              620;                    3277700;                                     0,031338
       407;       545;         1;BR      ;30/10/2022 19:00:35;         472075;     156454011;            7;                 397116;                                     0,841214;        2112;             131600517;          1661;               104592383;                 1613;                       99835341;              612;                   50313328;                                     0,503963;                       1001;                             49522013;                                     0,496037;                 21;                      1479315;                                     0,014144;               27;                    3277727;                                     0,031338
       407;       545;         1;BR      ;30/10/2022 19:00:36;         472075;     156454011;            5;                 397121;                                     0,841224;        1627;             131602144;          1321;               104593704;                 1249;                       99836590;              614;                   50313942;                                     0,503963;                        635;                             49522648;                                     0,496037;                 29;                      1479344;                                     0,014144;               43;                    3277770;                                     0,031338
       407;       545;         1;BR      ;30/10/2022 19:00:37;         472075;     156454011;           33;                 397154;                                     0,841294;       10255;             131612399;          7481;               104601185;                 7232;                       99843822;             1867;                   50315809;                                     0,503945;                       5365;                             49528013;                                     0,496055;                 78;                      1479422;                                     0,014143;              171;                    3277941;                                     0,031338
       407;       545;         1;BR      ;30/10/2022 19:00:38;         472075;     156454011;           52;                 397206;                                     0,841404;       18064;             131630463;         14771;               104615956;                13843;                       99857665;             9481;                   50325290;                                     0,503970;                       4362;                             49532375;                                     0,496030;                169;                      1479591;                                     0,014143;              759;                    3278700;                                     0,031340
       407;       545;         1;BR      ;30/10/2022 19:00:39;         472075;     156454011;          191;                 397397;                                     0,841809;       66405;             131696868;         54987;               104670943;                51539;                       99909204;            33040;                   50358330;                                     0,504041;                      18499;                             49550874;                                     0,495959;                754;                      1480345;                                     0,014143;             2694;                    3281394;                                     0,031350
       407;       545;         1;BR      ;30/10/2022 19:00:40;         472075;     156454011;           93;                 397490;                                     0,842006;       32242;             131729110;         26850;               104697793;                25210;                       99934414;            16825;                   50375155;                                     0,504082;                       8385;                             49559259;                                     0,495918;                341;                      1480686;                                     0,014142;             1299;                    3282693;                                     0,031354
       407;       545;         1;BR      ;30/10/2022 19:00:41;         472075;     156454011;          122;                 397612;                                     0,842264;       44396;             131773506;         38307;               104736100;                35879;                       99970293;            21916;                   50397071;                                     0,504120;                      13963;                             49573222;                                     0,495880;                500;                      1481186;                                     0,014142;             1928;                    3284621;                                     0,031361
       407;       545;         1;BR      ;30/10/2022 19:00:43;         472075;     156454011;          104;                 397716;                                     0,842485;       39511;             131813017;         31213;               104767313;                28946;                       99999239;            14848;                   50411919;                                     0,504123;                      14098;                             49587320;                                     0,495877;                454;                      1481640;                                     0,014142;             1813;                    3286434;                                     0,031369
       407;       545;         1;BR      ;30/10/2022 19:00:44;         472075;     156454011;           60;                 397776;                                     0,842612;       19584;             131832601;         14772;               104782085;                13830;                      100013069;             8976;                   50420895;                                     0,504143;                       4854;                             49592174;                                     0,495857;                173;                      1481813;                                     0,014142;              769;                    3287203;                                     0,031372
       407;       545;         1;BR      ;30/10/2022 19:00:45;         472075;     156454011;           15;                 397791;                                     0,842644;        4482;             131837083;          3634;               104785719;                 3427;                      100016496;             2393;                   50423288;                                     0,504150;                       1034;                             49593208;                                     0,495850;                 49;                      1481862;                                     0,014142;              158;                    3287361;                                     0,031372
       407;       545;         1;BR      ;30/10/2022 19:00:46;         472075;     156454011;           11;                 397802;                                     0,842667;        3915;             131840998;          3266;               104788985;                 3180;                      100019676;             1192;                   50424480;                                     0,504146;                       1988;                             49595196;                                     0,495854;                 30;                      1481892;                                     0,014142;               56;                    3287417;                                     0,031372
       407;       545;         1;BR      ;30/10/2022 19:00:47;         472075;     156454011;           85;                 397887;                                     0,842847;       29577;             131870575;         23911;               104812896;                23059;                      100042735;             9395;                   50433875;                                     0,504123;                      13664;                             49608860;                                     0,495877;                287;                      1482179;                                     0,014141;              565;                    3287982;                                     0,031370
       407;       545;         1;BR      ;30/10/2022 19:00:48;         472075;     156454011;          176;                 398063;                                     0,843220;       61351;             131931926;         49737;               104862633;                47945;                      100090680;            14911;                   50448786;                                     0,504031;                      33034;                             49641894;                                     0,495969;                649;                      1482828;                                     0,014141;             1143;                    3289125;                                     0,031366
       407;       545;         1;BR      ;30/10/2022 19:00:49;         472075;     156454011;            8;                 398071;                                     0,843237;        3002;             131934928;          2482;               104865115;                 2406;                      100093086;              729;                   50449515;                                     0,504026;                       1677;                             49643571;                                     0,495974;                 36;                      1482864;                                     0,014141;               40;                    3289165;                                     0,031366
       407;       545;         1;BR      ;30/10/2022 19:00:50;         472075;     156454011;           33;                 398104;                                     0,843307;        9188;             131944116;          7772;               104872887;                 7577;                      100100663;             2468;                   50451983;                                     0,504012;                       5109;                             49648680;                                     0,495988;                 75;                      1482939;                                     0,014140;              120;                    3289285;                                     0,031364
       407;       545;         1;BR      ;30/10/2022 19:00:52;         472075;     156454011;           11;                 398115;                                     0,843330;        3489;             131947605;          2906;               104875793;                 2813;                      100103476;              956;                   50452939;                                     0,504008;                       1857;                             49650537;                                     0,495992;                 48;                      1482987;                                     0,014140;               45;                    3289330;                                     0,031364
       407;       545;         1;BR      ;30/10/2022 19:00:55;         472075;     156454011;            7;                 398122;                                     0,843345;        2060;             131949665;          1765;               104877558;                 1711;                      100105187;              380;                   50453319;                                     0,504003;                       1331;                             49651868;                                     0,495997;                 23;                      1483010;                                     0,014140;               31;                    3289361;                                     0,031364
       407;       545;         1;BR      ;30/10/2022 19:01:04;         472075;     156454011;           16;                 398138;                                     0,843379;        5317;             131954982;          3869;               104881427;                 3694;                      100108881;             2095;                   50455414;                                     0,504005;                       1599;                             49653467;                                     0,495995;                 35;                      1483045;                                     0,014140;              140;                    3289501;                                     0,031364
       407;       545;         1;BR      ;30/10/2022 19:01:05;         472075;     156454011;           55;                 398193;                                     0,843495;       18301;             131973283;         13919;               104895346;                13056;                      100121937;             8682;                   50464096;                                     0,504026;                       4374;                             49657841;                                     0,495974;                194;                      1483239;                                     0,014140;              669;                    3290170;                                     0,031366
       407;       545;         1;BR      ;30/10/2022 19:01:06;         472075;     156454011;          135;                 398328;                                     0,843781;       39426;             132012709;         32676;               104928022;                31439;                      100153376;            22340;                   50486436;                                     0,504091;                       9099;                             49666940;                                     0,495909;                406;                      1483645;                                     0,014140;              831;                    3291001;                                     0,031364
       407;       545;         1;BR      ;30/10/2022 19:01:07;         472075;     156454011;          216;                 398544;                                     0,844239;       75810;             132088519;         60680;               104988702;                58172;                      100211548;            28555;                   50514991;                                     0,504084;                      29617;                             49696557;                                     0,495916;                882;                      1484527;                                     0,014140;             1626;                    3292627;                                     0,031362
       407;       545;         1;BR      ;30/10/2022 19:01:08;         472075;     156454011;          261;                 398805;                                     0,844792;      102916;             132191435;         79290;               105067992;                75749;                      100287297;            32799;                   50547790;                                     0,504030;                      42950;                             49739507;                                     0,495970;               1082;                      1485609;                                     0,014140;             2459;                    3295086;                                     0,031361
       407;       545;         1;BR      ;30/10/2022 19:01:09;         472075;     156454011;          155;                 398960;                                     0,845120;       51743;             132243178;         40686;               105108678;                39093;                      100326390;            17644;                   50565434;                                     0,504009;                      21449;                             49760956;                                     0,495991;                571;                      1486180;                                     0,014139;             1022;                    3296108;                                     0,031359
       407;       545;         1;BR      ;30/10/2022 19:01:10;         472075;     156454011;          173;                 399133;                                     0,845486;       52458;             132295636;         42090;               105150768;                40322;                      100366712;            20494;                   50585928;                                     0,504011;                      19828;                             49780784;                                     0,495989;                600;                      1486780;                                     0,014140;             1168;                    3297276;                                     0,031358
       407;       545;         1;BR      ;30/10/2022 19:01:11;         472075;     156454011;           78;                 399211;                                     0,845652;       23793;             132319429;         19114;               105169882;                18449;                      100385161;             9935;                   50595863;                                     0,504017;                       8514;                             49789298;                                     0,495983;                257;                      1487037;                                     0,014139;              408;                    3297684;                                     0,031356
       407;       545;         1;BR      ;30/10/2022 19:01:12;         472075;     156454011;          119;                 399330;                                     0,845904;       36873;             132356302;         29094;               105198976;                28196;                      100413357;            16123;                   50611986;                                     0,504036;                      12073;                             49801371;                                     0,495964;                310;                      1487347;                                     0,014138;              588;                    3298272;                                     0,031353
       407;       545;         1;BR      ;30/10/2022 19:01:13;         472075;     156454011;           64;                 399394;                                     0,846039;       19559;             132375861;         15394;               105214370;                14933;                      100428290;            10397;                   50622383;                                     0,504065;                       4536;                             49805907;                                     0,495935;                138;                      1487485;                                     0,014138;              323;                    3298595;                                     0,031351
       407;       545;         1;BR      ;30/10/2022 19:01:14;         472075;     156454011;           82;                 399476;                                     0,846213;       25080;             132400941;         19373;               105233743;                18862;                      100447152;            14569;                   50636952;                                     0,504115;                       4293;                             49810200;                                     0,495885;                148;                      1487633;                                     0,014136;              363;                    3298958;                                     0,031349
       407;       545;         1;BR      ;30/10/2022 19:01:15;         472075;     156454011;           87;                 399563;                                     0,846397;       28580;             132429521;         22404;               105256147;                21329;                      100468481;            10087;                   50647039;                                     0,504109;                      11242;                             49821442;                                     0,495891;                335;                      1487968;                                     0,014137;              740;                    3299698;                                     0,031349
       407;       545;         1;BR      ;30/10/2022 19:01:16;         472075;     156454011;          345;                 399908;                                     0,847128;      121320;             132550841;         95161;               105351308;                89040;                      100557521;            46075;                   50693114;                                     0,504121;                      42965;                             49864407;                                     0,495879;               1928;                      1489896;                                     0,014142;             4193;                    3303891;                                     0,031361
       407;       545;         1;BR      ;30/10/2022 19:01:17;         472075;     156454011;          113;                 400021;                                     0,847367;       40308;             132591149;         32589;               105383897;                30545;                      100588066;            13341;                   50706455;                                     0,504100;                      17204;                             49881611;                                     0,495900;                633;                      1490529;                                     0,014144;             1411;                    3305302;                                     0,031364
       407;       545;         1;BR      ;30/10/2022 19:01:18;         472075;     156454011;          101;                 400122;                                     0,847581;       33581;             132624730;         26372;               105410269;                24651;                      100612717;            11104;                   50717559;                                     0,504087;                      13547;                             49895158;                                     0,495913;                551;                      1491080;                                     0,014145;             1170;                    3306472;                                     0,031368
       407;       545;         1;BR      ;30/10/2022 19:01:19;         472075;     156454011;           35;                 400157;                                     0,847656;       12334;             132637064;          9567;               105419836;                 9048;                      100621765;             4105;                   50721664;                                     0,504082;                       4943;                             49900101;                                     0,495918;                183;                      1491263;                                     0,014146;              336;                    3306808;                                     0,031368
       407;       545;         1;BR      ;30/10/2022 19:01:20;         472075;     156454011;          135;                 400292;                                     0,847942;       45989;             132683053;         35837;               105455673;                33830;                      100655595;            14389;                   50736053;                                     0,504056;                      19441;                             49919542;                                     0,495944;                684;                      1491947;                                     0,014148;             1323;                    3308131;                                     0,031370
       407;       545;         1;BR      ;30/10/2022 19:01:21;         472075;     156454011;           66;                 400358;                                     0,848081;       22135;             132705188;         17222;               105472895;                16175;                      100671770;             7037;                   50743090;                                     0,504045;                       9138;                             49928680;                                     0,495955;                365;                      1492312;                                     0,014149;              682;                    3308813;                                     0,031371
       407;       545;         1;BR      ;30/10/2022 19:01:27;         472075;     156454011;           94;                 400452;                                     0,848280;       29773;             132734961;         23259;               105496154;                22508;                      100694278;            12151;                   50755241;                                     0,504053;                      10357;                             49939037;                                     0,495947;                308;                      1492620;                                     0,014149;              443;                    3309256;                                     0,031368
       407;       545;         1;BR      ;30/10/2022 19:01:28;         472075;     156454011;           52;                 400504;                                     0,848391;       14643;             132749604;         11751;               105507905;                11157;                      100705435;             5639;                   50760880;                                     0,504053;                       5518;                             49944555;                                     0,495947;                199;                      1492819;                                     0,014149;              395;                    3309651;                                     0,031369
       407;       545;         1;BR      ;30/10/2022 19:01:29;         472075;     156454011;           50;                 400554;                                     0,848497;       17095;             132766699;         13333;               105521238;                12617;                      100718052;             8435;                   50769315;                                     0,504074;                       4182;                             49948737;                                     0,495926;                165;                      1492984;                                     0,014149;              551;                    3310202;                                     0,031370
       407;       545;         1;BR      ;30/10/2022 19:01:30;         472075;     156454011;           24;                 400578;                                     0,848547;        6701;             132773400;          5615;               105526853;                 5315;                      100723367;             3217;                   50772532;                                     0,504079;                       2098;                             49950835;                                     0,495921;                 89;                      1493073;                                     0,014149;              211;                    3310413;                                     0,031370
       407;       545;         1;BR      ;30/10/2022 19:01:31;         472075;     156454011;           87;                 400665;                                     0,848732;       25606;             132799006;         20989;               105547842;                19828;                      100743195;            11857;                   50784389;                                     0,504097;                       7971;                             49958806;                                     0,495903;                326;                      1493399;                                     0,014149;              835;                    3311248;                                     0,031372
       407;       545;         1;BR      ;30/10/2022 19:01:32;         472075;     156454011;           39;                 400704;                                     0,848814;       11795;             132810801;          9338;               105557180;                 8863;                      100752058;             6825;                   50791214;                                     0,504121;                       2038;                             49960844;                                     0,495879;                125;                      1493524;                                     0,014149;              350;                    3311598;                                     0,031373
       407;       545;         1;BR      ;30/10/2022 19:01:34;         472075;     156454011;           36;                 400740;                                     0,848891;       12169;             132822970;          9851;               105567031;                 9287;                      100761345;             5139;                   50796353;                                     0,504125;                       4148;                             49964992;                                     0,495875;                111;                      1493635;                                     0,014149;              453;                    3312051;                                     0,031374
       407;       545;         1;BR      ;30/10/2022 19:01:35;         472075;     156454011;           77;                 400817;                                     0,849054;       26089;             132849059;         21477;               105588508;                20096;                      100781441;            13206;                   50809559;                                     0,504156;                       6890;                             49971882;                                     0,495844;                286;                      1493921;                                     0,014149;             1095;                    3313146;                                     0,031378
       407;       545;         1;BR      ;30/10/2022 19:01:36;         472075;     156454011;           27;                 400844;                                     0,849111;        9359;             132858418;          7727;               105596235;                 7213;                      100788654;             4621;                   50814180;                                     0,504166;                       2592;                             49974474;                                     0,495834;                101;                      1494022;                                     0,014148;              413;                    3313559;                                     0,031380
       407;       545;         1;BR      ;30/10/2022 19:01:37;         472075;     156454011;           80;                 400924;                                     0,849280;       28796;             132887214;         24693;               105620928;                23176;                      100811830;            14171;                   50828351;                                     0,504190;                       9005;                             49983479;                                     0,495810;                315;                      1494337;                                     0,014148;             1202;                    3314761;                                     0,031384
       407;       545;         1;BR      ;30/10/2022 19:01:38;         472075;     156454011;            3;                 400927;                                     0,849287;        1018;             132888232;           877;               105621805;                  819;                      100812649;              406;                   50828757;                                     0,504190;                        413;                             49983892;                                     0,495810;                 16;                      1494353;                                     0,014148;               42;                    3314803;                                     0,031384
       407;       545;         1;BR      ;30/10/2022 19:01:39;         472075;     156454011;            5;                 400932;                                     0,849297;        1497;             132889729;          1218;               105623023;                 1140;                      100813789;              990;                   50829747;                                     0,504194;                        150;                             49984042;                                     0,495806;                  5;                      1494358;                                     0,014148;               73;                    3314876;                                     0,031384
       407;       545;         1;BR      ;30/10/2022 19:01:40;         472075;     156454011;           19;                 400951;                                     0,849337;        5609;             132895338;          4356;               105627379;                 4101;                      100817890;             3079;                   50832826;                                     0,504204;                       1022;                             49985064;                                     0,495796;                 47;                      1494405;                                     0,014148;              208;                    3315084;                                     0,031385
       407;       545;         1;BR      ;30/10/2022 19:01:41;         472075;     156454011;           26;                 400977;                                     0,849393;        9653;             132904991;          7704;               105635083;                 7385;                      100825275;             3820;                   50836646;                                     0,504205;                       3565;                             49988629;                                     0,495795;                101;                      1494506;                                     0,014148;              218;                    3315302;                                     0,031384
       407;       545;         1;BR      ;30/10/2022 19:01:42;         472075;     156454011;           65;                 401042;                                     0,849530;       20120;             132925111;         16422;               105651505;                15852;                      100841127;             6234;                   50842880;                                     0,504188;                       9618;                             49998247;                                     0,495812;                213;                      1494719;                                     0,014148;              357;                    3315659;                                     0,031383
       407;       545;         1;BR      ;30/10/2022 19:01:43;         472075;     156454011;           82;                 401124;                                     0,849704;       27369;             132952480;         22729;               105674234;                22020;                      100863147;             6958;                   50849838;                                     0,504147;                      15062;                             50013309;                                     0,495853;                284;                      1495003;                                     0,014147;              425;                    3316084;                                     0,031380
       407;       545;         1;BR      ;30/10/2022 19:01:44;         472075;     156454011;            8;                 401132;                                     0,849721;        2543;             132955023;          2088;               105676322;                 2041;                      100865188;              688;                   50850526;                                     0,504143;                       1353;                             50014662;                                     0,495857;                 25;                      1495028;                                     0,014147;               22;                    3316106;                                     0,031380
       407;       545;         1;BR      ;30/10/2022 19:01:45;         472075;     156454011;           17;                 401149;                                     0,849757;        5200;             132960223;          4265;               105680587;                 4130;                      100869318;             1787;                   50852313;                                     0,504141;                       2343;                             50017005;                                     0,495859;                 41;                      1495069;                                     0,014147;               94;                    3316200;                                     0,031379
       407;       545;         1;BR      ;30/10/2022 19:01:46;         472075;     156454011;            3;                 401152;                                     0,849763;        1212;             132961435;          1043;               105681630;                 1022;                      100870340;              281;                   50852594;                                     0,504138;                        741;                             50017746;                                     0,495862;                  7;                      1495076;                                     0,014147;               14;                    3316214;                                     0,031379
       407;       545;         1;BR      ;30/10/2022 19:02:12;         472075;     156454011;           76;                 401228;                                     0,849924;       22716;             132984151;         17446;               105699076;                16757;                      100887097;            10804;                   50863398;                                     0,504162;                       5953;                             50023699;                                     0,495838;                196;                      1495272;                                     0,014147;              493;                    3316707;                                     0,031379
       407;       545;         1;BR      ;30/10/2022 19:02:13;         472075;     156454011;          149;                 401377;                                     0,850240;       45848;             133029999;         35959;               105735035;                34530;                      100921627;            21578;                   50884976;                                     0,504203;                      12952;                             50036651;                                     0,495797;                445;                      1495717;                                     0,014146;              984;                    3317691;                                     0,031377
       407;       545;         1;BR      ;30/10/2022 19:02:14;         472075;     156454011;          225;                 401602;                                     0,850717;       79689;             133109688;         64166;               105799201;                61349;                      100982976;            30532;                   50915508;                                     0,504199;                      30817;                             50067468;                                     0,495801;                958;                      1496675;                                     0,014146;             1859;                    3319550;                                     0,031376
       407;       545;         1;BR      ;30/10/2022 19:02:15;         472075;     156454011;          366;                 401968;                                     0,851492;      139349;             133249037;        109564;               105908765;               105099;                      101088075;            46397;                   50961905;                                     0,504134;                      58702;                             50126170;                                     0,495866;               1442;                      1498117;                                     0,014145;             3023;                    3322573;                                     0,031372
       407;       545;         1;BR      ;30/10/2022 19:02:16;         472075;     156454011;          246;                 402214;                                     0,852013;       86262;             133335299;         67814;               105976579;                65194;                      101153269;            27818;                   50989723;                                     0,504084;                      37376;                             50163546;                                     0,495916;                816;                      1498933;                                     0,014144;             1804;                    3324377;                                     0,031369
       407;       545;         1;BR      ;30/10/2022 19:02:17;         472075;     156454011;          119;                 402333;                                     0,852265;       36475;             133371774;         29328;               106005907;                28062;                      101181331;            13244;                   51002967;                                     0,504075;                      14818;                             50178364;                                     0,495925;                412;                      1499345;                                     0,014144;              854;                    3325231;                                     0,031368
       407;       545;         1;BR      ;30/10/2022 19:02:18;         472075;     156454011;           37;                 402370;                                     0,852343;       11354;             133383128;          9103;               106015010;                 8855;                      101190186;             4393;                   51007360;                                     0,504074;                       4462;                             50182826;                                     0,495926;                 96;                      1499441;                                     0,014144;              152;                    3325383;                                     0,031367
       407;       545;         1;BR      ;30/10/2022 19:02:19;         472075;     156454011;          128;                 402498;                                     0,852615;       40388;             133423516;         34191;               106049201;                32909;                      101223095;            22953;                   51030313;                                     0,504137;                       9956;                             50192782;                                     0,495863;                376;                      1499817;                                     0,014143;              906;                    3326289;                                     0,031366
       407;       545;         1;BR      ;30/10/2022 19:02:20;         472075;     156454011;           30;                 402528;                                     0,852678;        8548;             133432064;          6982;               106056183;                 6744;                      101229839;             4448;                   51034761;                                     0,504147;                       2296;                             50195078;                                     0,495853;                 90;                      1499907;                                     0,014143;              148;                    3326437;                                     0,031365
       407;       545;         1;BR      ;30/10/2022 19:02:21;         472075;     156454011;           50;                 402578;                                     0,852784;       14002;             133446066;         11128;               106067311;                10686;                      101240525;             7375;                   51042136;                                     0,504167;                       3311;                             50198389;                                     0,495833;                134;                      1500041;                                     0,014142;              308;                    3326745;                                     0,031364
       407;       545;         1;BR      ;30/10/2022 19:02:22;         472075;     156454011;          124;                 402702;                                     0,853047;       39800;             133485866;         31710;               106099021;                30677;                      101271202;            15284;                   51057420;                                     0,504165;                      15393;                             50213782;                                     0,495835;                395;                      1500436;                                     0,014142;              638;                    3327383;                                     0,031361
       407;       545;         1;BR      ;30/10/2022 19:02:23;         472075;     156454011;          103;                 402805;                                     0,853265;       31335;             133517201;         24716;               106123737;                23964;                      101295166;            16578;                   51073998;                                     0,504210;                       7386;                             50221168;                                     0,495790;                244;                      1500680;                                     0,014141;              508;                    3327891;                                     0,031359
       407;       545;         1;BR      ;30/10/2022 19:02:24;         472075;     156454011;           70;                 402875;                                     0,853413;       20929;             133538130;         15812;               106139549;                15353;                      101310519;            11786;                   51085784;                                     0,504250;                       3567;                             50224735;                                     0,495750;                144;                      1500824;                                     0,014140;              315;                    3328206;                                     0,031357
       407;       545;         1;BR      ;30/10/2022 19:02:25;         472075;     156454011;          114;                 402989;                                     0,853655;       32866;             133570996;         25927;               106165476;                25176;                      101335695;            19931;                   51105715;                                     0,504321;                       5245;                             50229980;                                     0,495679;                195;                      1501019;                                     0,014138;              556;                    3328762;                                     0,031354
       407;       545;         1;BR      ;30/10/2022 19:02:26;         472075;     156454011;          118;                 403107;                                     0,853905;       38773;             133609769;         29687;               106195163;                28406;                      101364101;            13247;                   51118962;                                     0,504310;                      15159;                             50245139;                                     0,495690;                416;                      1501435;                                     0,014138;              865;                    3329627;                                     0,031354
       407;       545;         1;BR      ;30/10/2022 19:02:27;         472075;     156454011;           83;                 403190;                                     0,854080;       28488;             133638257;         22590;               106217753;                21222;                      101385323;             9466;                   51128428;                                     0,504298;                      11756;                             50256895;                                     0,495702;                418;                      1501853;                                     0,014139;              950;                    3330577;                                     0,031356
       407;       545;         1;BR      ;30/10/2022 19:02:28;         472075;     156454011;          438;                 403628;                                     0,855008;      155200;             133793457;        122153;               106339906;               114200;                      101499523;            58768;                   51187196;                                     0,504310;                      55432;                             50312327;                                     0,495690;               2477;                      1504330;                                     0,014146;             5476;                    3336053;                                     0,031372
       407;       545;         1;BR      ;30/10/2022 19:02:29;         472075;     156454011;           89;                 403717;                                     0,855197;       31716;             133825173;         24990;               106364896;                23611;                      101523134;            10093;                   51197289;                                     0,504292;                      13518;                             50325845;                                     0,495708;                476;                      1504806;                                     0,014148;              903;                    3336956;                                     0,031373
       407;       545;         1;BR      ;30/10/2022 19:02:30;         472075;     156454011;          237;                 403954;                                     0,855699;       82437;             133907610;         66197;               106431093;                62161;                      101585295;            29546;                   51226835;                                     0,504274;                      32615;                             50358460;                                     0,495726;               1278;                      1506084;                                     0,014151;             2758;                    3339714;                                     0,031379
       407;       545;         1;BR      ;30/10/2022 19:02:31;         472075;     156454011;           99;                 404053;                                     0,855908;       36062;             133943672;         28878;               106459971;                27286;                      101612581;            10381;                   51237216;                                     0,504241;                      16905;                             50375365;                                     0,495759;                519;                      1506603;                                     0,014152;             1073;                    3340787;                                     0,031381
       407;       545;         1;BR      ;30/10/2022 19:02:32;         472075;     156454011;          234;                 404287;                                     0,856404;       80476;             134024148;         62868;               106522839;                59400;                      101671981;            26237;                   51263453;                                     0,504204;                      33163;                             50408528;                                     0,495796;               1193;                      1507796;                                     0,014155;             2275;                    3343062;                                     0,031384
       407;       545;         1;BR      ;30/10/2022 19:02:33;         472075;     156454011;           61;                 404348;                                     0,856533;       20481;             134044629;         15985;               106538824;                15016;                      101686997;             7027;                   51270480;                                     0,504199;                       7989;                             50416517;                                     0,495801;                307;                      1508103;                                     0,014155;              662;                    3343724;                                     0,031385
       407;       545;         1;BR      ;30/10/2022 19:02:34;         472075;     156454011;            8;                 404356;                                     0,856550;        2263;             134046892;          1730;               106540554;                 1656;                      101688653;              598;                   51271078;                                     0,504197;                       1058;                             50417575;                                     0,495803;                 18;                      1508121;                                     0,014155;               56;                    3343780;                                     0,031385
       407;       545;         1;BR      ;30/10/2022 19:02:35;         472075;     156454011;            8;                 404364;                                     0,856567;        3182;             134050074;          2479;               106543033;                 2329;                      101690982;              749;                   51271827;                                     0,504192;                       1580;                             50419155;                                     0,495808;                 39;                      1508160;                                     0,014155;              111;                    3343891;                                     0,031385
       407;       545;         1;BR      ;30/10/2022 19:02:37;         472075;     156454011;           89;                 404453;                                     0,856756;       27399;             134077473;         20980;               106564013;                20401;                      101711383;            12782;                   51284609;                                     0,504217;                       7619;                             50426774;                                     0,495783;                172;                      1508332;                                     0,014154;              407;                    3344298;                                     0,031383
       407;       545;         1;BR      ;30/10/2022 19:02:38;         472075;     156454011;           97;                 404550;                                     0,856961;       31912;             134109385;         25418;               106589431;                24327;                      101735710;            11603;                   51296212;                                     0,504210;                      12724;                             50439498;                                     0,495790;                447;                      1508779;                                     0,014155;              644;                    3344942;                                     0,031382
       407;       545;         1;BR      ;30/10/2022 19:02:39;         472075;     156454011;           47;                 404597;                                     0,857061;       14416;             134123801;         11667;               106601098;                11143;                      101746853;             3911;                   51300123;                                     0,504194;                       7232;                             50446730;                                     0,495806;                227;                      1509006;                                     0,014156;              297;                    3345239;                                     0,031381
       407;       545;         1;BR      ;30/10/2022 19:02:40;         472075;     156454011;            6;                 404603;                                     0,857074;        1222;             134125023;          1076;               106602174;                 1020;                      101747873;              391;                   51300514;                                     0,504192;                        629;                             50447359;                                     0,495808;                 20;                      1509026;                                     0,014156;               36;                    3345275;                                     0,031381
       407;       545;         1;BR      ;30/10/2022 19:02:41;         472075;     156454011;            1;                 404604;                                     0,857076;         298;             134125321;           245;               106602419;                  236;                      101748109;              161;                   51300675;                                     0,504193;                         75;                             50447434;                                     0,495807;                  3;                      1509029;                                     0,014156;                6;                    3345281;                                     0,031381
       407;       545;         1;BR      ;30/10/2022 19:02:42;         472075;     156454011;           40;                 404644;                                     0,857160;        9628;             134134949;          7950;               106610369;                 7580;                      101755689;             3831;                   51304506;                                     0,504193;                       3749;                             50451183;                                     0,495807;                134;                      1509163;                                     0,014156;              236;                    3345517;                                     0,031381
       407;       545;         1;BR      ;30/10/2022 19:02:43;         472075;     156454011;          116;                 404760;                                     0,857406;       39619;             134174568;         31497;               106641866;                29642;                      101785331;            19803;                   51324309;                                     0,504241;                       9839;                             50461022;                                     0,495759;                445;                      1509608;                                     0,014156;             1410;                    3346927;                                     0,031385
       407;       545;         1;BR      ;30/10/2022 19:02:44;         472075;     156454011;          165;                 404925;                                     0,857756;       52147;             134226715;         41536;               106683402;                39123;                      101824454;            28765;                   51353074;                                     0,504329;                      10358;                             50471380;                                     0,495671;                597;                      1510205;                                     0,014156;             1816;                    3348743;                                     0,031390
       407;       545;         1;BR      ;30/10/2022 19:02:45;         472075;     156454011;           18;                 404943;                                     0,857794;        5584;             134232299;          4274;               106687676;                 4039;                      101828493;             3146;                   51356220;                                     0,504340;                        893;                             50472273;                                     0,495660;                 62;                      1510267;                                     0,014156;              173;                    3348916;                                     0,031390
       407;       545;         1;BR      ;30/10/2022 19:02:47;         472075;     156454011;           56;                 404999;                                     0,857912;       17640;             134249939;         13193;               106700869;                12753;                      101841246;             3160;                   51359380;                                     0,504308;                       9593;                             50481866;                                     0,495692;                144;                      1510411;                                     0,014156;              296;                    3349212;                                     0,031389
       407;       545;         1;BR      ;30/10/2022 19:02:48;         472075;     156454011;          132;                 405131;                                     0,858192;       46980;             134296919;         39919;               106740788;                37391;                      101878637;            23423;                   51382803;                                     0,504353;                      13968;                             50495834;                                     0,495647;                593;                      1511004;                                     0,014156;             1935;                    3351147;                                     0,031395
       407;       545;         1;BR      ;30/10/2022 19:02:49;         472075;     156454011;           93;                 405224;                                     0,858389;       32270;             134329189;         26163;               106766951;                24525;                      101903162;            17922;                   51400725;                                     0,504408;                       6603;                             50502437;                                     0,495592;                349;                      1511353;                                     0,014156;             1289;                    3352436;                                     0,031400
       407;       545;         1;BR      ;30/10/2022 19:02:50;         472075;     156454011;          105;                 405329;                                     0,858611;       38068;             134367257;         32469;               106799420;                30528;                      101933690;            18788;                   51419513;                                     0,504441;                      11740;                             50514177;                                     0,495559;                384;                      1511737;                                     0,014155;             1557;                    3353993;                                     0,031405
       407;       545;         1;BR      ;30/10/2022 19:02:51;         472075;     156454011;           56;                 405385;                                     0,858730;       19882;             134387139;         14367;               106813787;                13418;                      101947108;             8567;                   51428080;                                     0,504458;                       4851;                             50519028;                                     0,495542;                174;                      1511911;                                     0,014155;              775;                    3354768;                                     0,031408
       407;       545;         1;BR      ;30/10/2022 19:02:52;         472075;     156454011;          183;                 405568;                                     0,859118;       63447;             134450586;         50521;               106864308;                47275;                      101994383;            25999;                   51454079;                                     0,504480;                      21276;                             50540304;                                     0,495520;                748;                      1512659;                                     0,014155;             2498;                    3357266;                                     0,031416
       407;       545;         1;BR      ;30/10/2022 19:02:53;         472075;     156454011;           85;                 405653;                                     0,859298;       30616;             134481202;         25003;               106889311;                24178;                      102018561;             9335;                   51463414;                                     0,504451;                      14843;                             50555147;                                     0,495549;                315;                      1512974;                                     0,014155;              510;                    3357776;                                     0,031414
       407;       545;         1;BR      ;30/10/2022 19:02:54;         472075;     156454011;          101;                 405754;                                     0,859512;       35513;             134516715;         29373;               106918684;                28445;                      102047006;             7913;                   51471327;                                     0,504388;                      20532;                             50575679;                                     0,495612;                373;                      1513347;                                     0,014154;              555;                    3358331;                                     0,031410
       407;       545;         1;BR      ;30/10/2022 19:02:55;         472075;     156454011;          124;                 405878;                                     0,859774;       40173;             134556888;         32303;               106950987;                31027;                      102078033;            12081;                   51483408;                                     0,504353;                      18946;                             50594625;                                     0,495647;                418;                      1513765;                                     0,014154;              858;                    3359189;                                     0,031409
       407;       545;         1;BR      ;30/10/2022 19:02:56;         472075;     156454011;           14;                 405892;                                     0,859804;        3779;             134560667;          2947;               106953934;                 2878;                      102080911;             1032;                   51484440;                                     0,504349;                       1846;                             50596471;                                     0,495651;                 32;                      1513797;                                     0,014154;               37;                    3359226;                                     0,031408
       407;       545;         1;BR      ;30/10/2022 19:02:57;         472075;     156454011;           18;                 405910;                                     0,859842;        6028;             134566695;          4917;               106958851;                 4777;                      102085688;             1299;                   51485739;                                     0,504338;                       3478;                             50599949;                                     0,495662;                 63;                      1513860;                                     0,014154;               77;                    3359303;                                     0,031407
       407;       545;         1;BR      ;30/10/2022 19:02:58;         472075;     156454011;           10;                 405920;                                     0,859863;        2799;             134569494;          2317;               106961168;                 2226;                      102087914;              745;                   51486484;                                     0,504335;                       1481;                             50601430;                                     0,495665;                 33;                      1513893;                                     0,014154;               58;                    3359361;                                     0,031407
       407;       545;         1;BR      ;30/10/2022 19:02:59;         472075;     156454011;            3;                 405923;                                     0,859870;         813;             134570307;           675;               106961843;                  661;                      102088575;              251;                   51486735;                                     0,504334;                        410;                             50601840;                                     0,495666;                  8;                      1513901;                                     0,014154;                6;                    3359367;                                     0,031407
       407;       545;         1;BR      ;30/10/2022 19:03:02;         472075;     156454011;            2;                 405925;                                     0,859874;         491;             134570798;           382;               106962225;                  379;                      102088954;              141;                   51486876;                                     0,504333;                        238;                             50602078;                                     0,495667;                  1;                      1513902;                                     0,014154;                2;                    3359369;                                     0,031407
       407;       545;         1;BR      ;30/10/2022 19:03:19;         472075;     156454011;           45;                 405970;                                     0,859969;       14912;             134585710;         11258;               106973483;                10665;                      102099619;             5145;                   51492021;                                     0,504331;                       5520;                             50607598;                                     0,495669;                113;                      1514015;                                     0,014153;              480;                    3359849;                                     0,031408
       407;       545;         1;BR      ;30/10/2022 19:03:20;         472075;     156454011;           48;                 406018;                                     0,860071;       14607;             134600317;         11495;               106984978;                10969;                      102110588;             8465;                   51500486;                                     0,504360;                       2504;                             50610102;                                     0,495640;                122;                      1514137;                                     0,014153;              404;                    3360253;                                     0,031409
       407;       545;         1;BR      ;30/10/2022 19:03:21;         472075;     156454011;          153;                 406171;                                     0,860395;       47000;             134647317;         38815;               107023793;                37372;                      102147960;            25084;                   51525570;                                     0,504421;                      12288;                             50622390;                                     0,495579;                423;                      1514560;                                     0,014152;             1020;                    3361273;                                     0,031407
       407;       545;         1;BR      ;30/10/2022 19:03:22;         472075;     156454011;          192;                 406363;                                     0,860802;       65773;             134713090;         52072;               107075865;                49957;                      102197917;            25927;                   51551497;                                     0,504428;                      24030;                             50646420;                                     0,495572;                719;                      1515279;                                     0,014151;             1396;                    3362669;                                     0,031405
       407;       545;         1;BR      ;30/10/2022 19:03:23;         472075;     156454011;          203;                 406566;                                     0,861232;       63119;             134776209;         50533;               107126398;                48524;                      102246441;            24960;                   51576457;                                     0,504433;                      23564;                             50669984;                                     0,495567;                659;                      1515938;                                     0,014151;             1350;                    3364019;                                     0,031402
       407;       545;         1;BR      ;30/10/2022 19:03:24;         472075;     156454011;          320;                 406886;                                     0,861910;      122888;             134899097;         95172;               107221570;                91165;                      102337606;            39823;                   51616280;                                     0,504373;                      51342;                             50721326;                                     0,495627;               1227;                      1517165;                                     0,014150;             2780;                    3366799;                                     0,031400
       407;       545;         1;BR      ;30/10/2022 19:03:25;         472075;     156454011;          191;                 407077;                                     0,862314;       61860;             134960957;         50164;               107271734;                48136;                      102385742;            21949;                   51638229;                                     0,504350;                      26187;                             50747513;                                     0,495650;                669;                      1517834;                                     0,014149;             1359;                    3368158;                                     0,031398
       407;       545;         1;BR      ;30/10/2022 19:03:26;         472075;     156454011;           62;                 407139;                                     0,862446;       17941;             134978898;         14678;               107286412;                14173;                      102399915;             9482;                   51647711;                                     0,504373;                       4691;                             50752204;                                     0,495627;                158;                      1517992;                                     0,014149;              347;                    3368505;                                     0,031397
       407;       545;         1;BR      ;30/10/2022 19:03:27;         472075;     156454011;           60;                 407199;                                     0,862573;       18856;             134997754;         14909;               107301321;                14427;                      102414342;             7161;                   51654872;                                     0,504371;                       7266;                             50759470;                                     0,495629;                167;                      1518159;                                     0,014149;              315;                    3368820;                                     0,031396
       407;       545;         1;BR      ;30/10/2022 19:03:28;         472075;     156454011;           55;                 407254;                                     0,862689;       17060;             135014814;         13866;               107315187;                13418;                      102427760;             8190;                   51663062;                                     0,504385;                       5228;                             50764698;                                     0,495615;                155;                      1518314;                                     0,014148;              293;                    3369113;                                     0,031395
       407;       545;         1;BR      ;30/10/2022 19:03:29;         472075;     156454011;           77;                 407331;                                     0,862852;       22170;             135036984;         16847;               107332034;                16319;                      102444079;            12940;                   51676002;                                     0,504431;                       3379;                             50768077;                                     0,495569;                143;                      1518457;                                     0,014147;              385;                    3369498;                                     0,031393
       407;       545;         1;BR      ;30/10/2022 19:03:30;         472075;     156454011;          102;                 407433;                                     0,863068;       31341;             135068325;         24604;               107356638;                23928;                      102468007;            17997;                   51693999;                                     0,504489;                       5931;                             50774008;                                     0,495511;                191;                      1518648;                                     0,014146;              485;                    3369983;                                     0,031391
       407;       545;         1;BR      ;30/10/2022 19:03:31;         472075;     156454011;           52;                 407485;                                     0,863179;       17489;             135085814;         13533;               107370171;                12872;                      102480879;             5765;                   51699764;                                     0,504482;                       7107;                             50781115;                                     0,495518;                219;                      1518867;                                     0,014146;              442;                    3370425;                                     0,031391
       407;       545;         1;BR      ;30/10/2022 19:03:32;         472075;     156454011;          321;                 407806;                                     0,863858;      114276;             135200090;         90263;               107460434;                84160;                      102565039;            45303;                   51745067;                                     0,504510;                      38857;                             50819972;                                     0,495490;               1869;                      1520736;                                     0,014152;             4234;                    3374659;                                     0,031404
       407;       545;         1;BR      ;30/10/2022 19:03:33;         472075;     156454011;           19;                 407825;                                     0,863899;        6558;             135206648;          5043;               107465477;                 4813;                      102569852;             2257;                   51747324;                                     0,504508;                       2556;                             50822528;                                     0,495492;                 86;                      1520822;                                     0,014152;              144;                    3374803;                                     0,031404
       407;       545;         1;BR      ;30/10/2022 19:03:34;         472075;     156454011;           98;                 407923;                                     0,864106;       33295;             135239943;         26140;               107491617;                24830;                      102594682;            11413;                   51758737;                                     0,504497;                      13417;                             50835945;                                     0,495503;                441;                      1521263;                                     0,014152;              869;                    3375672;                                     0,031404
       407;       545;         1;BR      ;30/10/2022 19:03:35;         472075;     156454011;          210;                 408133;                                     0,864551;       73128;             135313071;         58302;               107549919;                54850;                      102649532;            25173;                   51783910;                                     0,504473;                      29677;                             50865622;                                     0,495527;               1079;                      1522342;                                     0,014155;             2373;                    3378045;                                     0,031409
       407;       545;         1;BR      ;30/10/2022 19:03:36;         472075;     156454011;           78;                 408211;                                     0,864716;       28198;             135341269;         22126;               107572045;                20907;                      102670439;             9807;                   51793717;                                     0,504466;                      11100;                             50876722;                                     0,495534;                397;                      1522739;                                     0,014156;              822;                    3378867;                                     0,031410
       407;       545;         1;BR      ;30/10/2022 19:03:37;         472075;     156454011;           74;                 408285;                                     0,864873;       25070;             135366339;         19343;               107591388;                18389;                      102688828;             6651;                   51800368;                                     0,504440;                      11738;                             50888460;                                     0,495560;                346;                      1523085;                                     0,014156;              608;                    3379475;                                     0,031410
       407;       545;         1;BR      ;30/10/2022 19:03:38;         472075;     156454011;          114;                 408399;                                     0,865115;       39285;             135405624;         31298;               107622686;                29497;                      102718325;            13811;                   51814179;                                     0,504430;                      15686;                             50904146;                                     0,495570;                580;                      1523665;                                     0,014157;             1221;                    3380696;                                     0,031412
       407;       545;         1;BR      ;30/10/2022 19:03:39;         472075;     156454011;           14;                 408413;                                     0,865144;        5197;             135410821;          4225;               107626911;                 3998;                      102722323;             1250;                   51815429;                                     0,504422;                       2748;                             50906894;                                     0,495578;                 74;                      1523739;                                     0,014158;              153;                    3380849;                                     0,031413
       407;       545;         1;BR      ;30/10/2022 19:03:41;         472075;     156454011;            5;                 408418;                                     0,865155;        1526;             135412347;          1199;               107628110;                 1180;                      102723503;              925;                   51816354;                                     0,504425;                        255;                             50907149;                                     0,495575;                  9;                      1523748;                                     0,014158;               10;                    3380859;                                     0,031412
       407;       545;         1;BR      ;30/10/2022 19:03:42;         472075;     156454011;           47;                 408465;                                     0,865254;       14517;             135426864;         11132;               107639242;                10850;                      102734353;             6472;                   51822826;                                     0,504435;                       4378;                             50911527;                                     0,495565;                 92;                      1523840;                                     0,014157;              190;                    3381049;                                     0,031411
       407;       545;         1;BR      ;30/10/2022 19:03:43;         472075;     156454011;           95;                 408560;                                     0,865456;       29632;             135456496;         23441;               107662683;                22461;                      102756814;            10758;                   51833584;                                     0,504430;                      11703;                             50923230;                                     0,495570;                388;                      1524228;                                     0,014157;              592;                    3381641;                                     0,031410
       407;       545;         1;BR      ;30/10/2022 19:03:45;         472075;     156454011;            9;                 408569;                                     0,865475;        2172;             135458668;          1854;               107664537;                 1785;                      102758599;              669;                   51834253;                                     0,504427;                       1116;                             50924346;                                     0,495573;                 29;                      1524257;                                     0,014157;               40;                    3381681;                                     0,031409
       407;       545;         1;BR      ;30/10/2022 19:03:46;         472075;     156454011;           56;                 408625;                                     0,865593;       15686;             135474354;         12457;               107676994;                11891;                      102770490;             8785;                   51843038;                                     0,504455;                       3106;                             50927452;                                     0,495545;                145;                      1524402;                                     0,014157;              421;                    3382102;                                     0,031410
       407;       545;         1;BR      ;30/10/2022 19:03:47;         472075;     156454011;           89;                 408714;                                     0,865782;       29230;             135503584;         23417;               107700411;                22117;                      102792607;            15205;                   51858243;                                     0,504494;                       6912;                             50934364;                                     0,495506;                348;                      1524750;                                     0,014157;              952;                    3383054;                                     0,031412
       407;       545;         1;BR      ;30/10/2022 19:03:48;         472075;     156454011;          117;                 408831;                                     0,866030;       37872;             135541456;         30252;               107730663;                28595;                      102821202;            18461;                   51876704;                                     0,504533;                      10134;                             50944498;                                     0,495467;                432;                      1525182;                                     0,014157;             1225;                    3384279;                                     0,031414
       407;       545;         1;BR      ;30/10/2022 19:03:49;         472075;     156454011;           41;                 408872;                                     0,866117;       12475;             135553931;          9504;               107740167;                 8994;                      102830196;             7000;                   51883704;                                     0,504557;                       1994;                             50946492;                                     0,495443;                127;                      1525309;                                     0,014157;              383;                    3384662;                                     0,031415
       407;       545;         1;BR      ;30/10/2022 19:03:50;         472075;     156454011;           11;                 408883;                                     0,866140;        3241;             135557172;          2359;               107742526;                 2241;                      102832437;             1586;                   51885290;                                     0,504562;                        655;                             50947147;                                     0,495438;                 32;                      1525341;                                     0,014157;               86;                    3384748;                                     0,031415
       407;       545;         1;BR      ;30/10/2022 19:03:51;         472075;     156454011;           33;                 408916;                                     0,866210;       10085;             135567257;          7603;               107750129;                 7361;                      102839798;             1731;                   51887021;                                     0,504542;                       5630;                             50952777;                                     0,495458;                 79;                      1525420;                                     0,014157;              163;                    3384911;                                     0,031414
       407;       545;         1;BR      ;30/10/2022 19:03:52;         472075;     156454011;          137;                 409053;                                     0,866500;       48087;             135615344;         39882;               107790011;                37472;                      102877270;            25764;                   51912785;                                     0,504609;                      11708;                             50964485;                                     0,495391;                490;                      1525910;                                     0,014156;             1920;                    3386831;                                     0,031421
       407;       545;         1;BR      ;30/10/2022 19:03:53;         472075;     156454011;           73;                 409126;                                     0,866655;       26555;             135641899;         22733;               107812744;                21324;                      102898594;            13102;                   51925887;                                     0,504632;                       8222;                             50972707;                                     0,495368;                289;                      1526199;                                     0,014156;             1120;                    3387951;                                     0,031424
       407;       545;         1;BR      ;30/10/2022 19:03:54;         472075;     156454011;            4;                 409130;                                     0,866663;        1417;             135643316;          1163;               107813907;                 1069;                      102899663;              840;                   51926727;                                     0,504635;                        229;                             50972936;                                     0,495365;                 18;                      1526217;                                     0,014156;               76;                    3388027;                                     0,031425
       407;       545;         1;BR      ;30/10/2022 19:03:55;         472075;     156454011;            8;                 409138;                                     0,866680;        2314;             135645630;          1826;               107815733;                 1705;                      102901368;             1335;                   51928062;                                     0,504639;                        370;                             50973306;                                     0,495361;                 21;                      1526238;                                     0,014156;              100;                    3388127;                                     0,031425
       407;       545;         1;BR      ;30/10/2022 19:03:56;         472075;     156454011;           23;                 409161;                                     0,866729;        7078;             135652708;          5790;               107821523;                 5518;                      102906886;             4012;                   51932074;                                     0,504651;                       1506;                             50974812;                                     0,495349;                 59;                      1526297;                                     0,014156;              213;                    3388340;                                     0,031425
       407;       545;         1;BR      ;30/10/2022 19:03:57;         472075;     156454011;           89;                 409250;                                     0,866917;       31234;             135683942;         25925;               107847448;                25075;                      102931961;             8150;                   51940224;                                     0,504607;                      16925;                             50991737;                                     0,495393;                327;                      1526624;                                     0,014155;              523;                    3388863;                                     0,031423
       407;       545;         1;BR      ;30/10/2022 19:03:58;         472075;     156454011;           59;                 409309;                                     0,867042;       18817;             135702759;         15482;               107862930;                14962;                      102946923;             5427;                   51945651;                                     0,504587;                       9535;                             51001272;                                     0,495413;                189;                      1526813;                                     0,014155;              331;                    3389194;                                     0,031421
       407;       545;         1;BR      ;30/10/2022 19:03:59;         472075;     156454011;           19;                 409328;                                     0,867083;        5410;             135708169;          4599;               107867529;                 4480;                      102951403;             1027;                   51946678;                                     0,504575;                       3453;                             51004725;                                     0,495425;                 52;                      1526865;                                     0,014155;               67;                    3389261;                                     0,031421
       407;       545;         1;BR      ;30/10/2022 19:04:00;         472075;     156454011;           14;                 409342;                                     0,867112;        4497;             135712666;          3691;               107871220;                 3604;                      102955007;             1058;                   51947736;                                     0,504567;                       2546;                             51007271;                                     0,495433;                 38;                      1526903;                                     0,014155;               49;                    3389310;                                     0,031420
       407;       545;         1;BR      ;30/10/2022 19:04:01;         472075;     156454011;            6;                 409348;                                     0,867125;        1773;             135714439;          1473;               107872693;                 1428;                      102956435;              407;                   51948143;                                     0,504564;                       1021;                             51008292;                                     0,495436;                 19;                      1526922;                                     0,014155;               26;                    3389336;                                     0,031420
       407;       545;         1;BR      ;30/10/2022 19:04:28;         472075;     156454011;          108;                 409456;                                     0,867354;       28784;             135743223;         23084;               107895777;                22346;                      102978781;            16066;                   51964209;                                     0,504611;                       6280;                             51014572;                                     0,495389;                249;                      1527171;                                     0,014154;              489;                    3389825;                                     0,031418
       407;       545;         1;BR      ;30/10/2022 19:04:29;         472075;     156454011;          129;                 409585;                                     0,867627;       40188;             135783411;         32329;               107928106;                31038;                      103009819;            16983;                   51981192;                                     0,504624;                      14055;                             51028627;                                     0,495376;                449;                      1527620;                                     0,014154;              842;                    3390667;                                     0,031416
       407;       545;         1;BR      ;30/10/2022 19:04:30;         472075;     156454011;          183;                 409768;                                     0,868015;       70765;             135854176;         55632;               107983738;                53352;                      103063171;            24862;                   52006054;                                     0,504604;                      28490;                             51057117;                                     0,495396;                719;                      1528339;                                     0,014153;             1561;                    3392228;                                     0,031414
       407;       545;         1;BR      ;30/10/2022 19:04:31;         472075;     156454011;          288;                 410056;                                     0,868625;      108675;             135962851;         86363;               108070101;                82836;                      103146007;            35485;                   52041539;                                     0,504542;                      47351;                             51104468;                                     0,495458;               1211;                      1529550;                                     0,014153;             2316;                    3394544;                                     0,031411
       407;       545;         1;BR      ;30/10/2022 19:04:32;         472075;     156454011;          191;                 410247;                                     0,869029;       61656;             136024507;         48890;               108118991;                46813;                      103192820;            23209;                   52064748;                                     0,504538;                      23604;                             51128072;                                     0,495462;                702;                      1530252;                                     0,014153;             1375;                    3395919;                                     0,031409
       407;       545;         1;BR      ;30/10/2022 19:04:33;         472075;     156454011;          182;                 410429;                                     0,869415;       56122;             136080629;         45053;               108164044;                43144;                      103235964;            21249;                   52085997;                                     0,504533;                      21895;                             51149967;                                     0,495467;                623;                      1530875;                                     0,014153;             1286;                    3397205;                                     0,031408
       407;       545;         1;BR      ;30/10/2022 19:04:34;         472075;     156454011;          103;                 410532;                                     0,869633;       30559;             136111188;         25252;               108189296;                24372;                      103260336;            15222;                   52101219;                                     0,504562;                       9150;                             51159117;                                     0,495438;                311;                      1531186;                                     0,014153;              569;                    3397774;                                     0,031406
       407;       545;         1;BR      ;30/10/2022 19:04:35;         472075;     156454011;           90;                 410622;                                     0,869824;       25293;             136136481;         20627;               108209923;                19887;                      103280223;            14471;                   52115690;                                     0,504605;                       5416;                             51164533;                                     0,495395;                219;                      1531405;                                     0,014152;              521;                    3398295;                                     0,031405
       407;       545;         1;BR      ;30/10/2022 19:04:36;         472075;     156454011;          110;                 410732;                                     0,870057;       36701;             136173182;         29588;               108239511;                28625;                      103308848;            13928;                   52129618;                                     0,504600;                      14697;                             51179230;                                     0,495400;                334;                      1531739;                                     0,014151;              629;                    3398924;                                     0,031402
       407;       545;         1;BR      ;30/10/2022 19:04:37;         472075;     156454011;           88;                 410820;                                     0,870243;       27062;             136200244;         21773;               108261284;                21070;                      103329918;            15154;                   52144772;                                     0,504644;                       5916;                             51185146;                                     0,495356;                204;                      1531943;                                     0,014150;              499;                    3399423;                                     0,031400
       407;       545;         1;BR      ;30/10/2022 19:04:38;         472075;     156454011;           97;                 410917;                                     0,870449;       29085;             136229329;         22796;               108284080;                22145;                      103352063;            14000;                   52158772;                                     0,504671;                       8145;                             51193291;                                     0,495329;                214;                      1532157;                                     0,014149;              437;                    3399860;                                     0,031398
       407;       545;         1;BR      ;30/10/2022 19:04:39;         472075;     156454011;           84;                 411001;                                     0,870626;       26143;             136255472;         20179;               108304259;                19499;                      103371562;            12592;                   52171364;                                     0,504697;                       6907;                             51200198;                                     0,495303;                203;                      1532360;                                     0,014149;              477;                    3400337;                                     0,031396
       407;       545;         1;BR      ;30/10/2022 19:04:40;         472075;     156454011;           80;                 411081;                                     0,870796;       26332;             136281804;         20710;               108324969;                19664;                      103391226;            10143;                   52181507;                                     0,504700;                       9521;                             51209719;                                     0,495300;                376;                      1532736;                                     0,014149;              670;                    3401007;                                     0,031396
       407;       545;         1;BR      ;30/10/2022 19:04:41;         472075;     156454011;          449;                 411530;                                     0,871747;      161144;             136442948;        127924;               108452893;               119687;                      103510913;            61812;                   52243319;                                     0,504713;                      57875;                             51267594;                                     0,495287;               2584;                      1535320;                                     0,014157;             5653;                    3406660;                                     0,031411
       407;       545;         1;BR      ;30/10/2022 19:04:42;         472075;     156454011;          133;                 411663;                                     0,872029;       45337;             136488285;         35965;               108488858;                33908;                      103544821;            14797;                   52258116;                                     0,504691;                      19111;                             51286705;                                     0,495309;                673;                      1535993;                                     0,014158;             1384;                    3408044;                                     0,031414
       407;       545;         1;BR      ;30/10/2022 19:04:43;         472075;     156454011;          204;                 411867;                                     0,872461;       69800;             136558085;         55678;               108544536;                52409;                      103597230;            24077;                   52282193;                                     0,504668;                      28332;                             51315037;                                     0,495332;               1028;                      1537021;                                     0,014160;             2241;                    3410285;                                     0,031418
       407;       545;         1;BR      ;30/10/2022 19:04:44;         472075;     156454011;          156;                 412023;                                     0,872791;       53739;             136611824;         42078;               108586614;                39934;                      103637164;            17662;                   52299855;                                     0,504644;                      22272;                             51337309;                                     0,495356;                701;                      1537722;                                     0,014161;             1443;                    3411728;                                     0,031419
       407;       545;         1;BR      ;30/10/2022 19:04:45;         472075;     156454011;           68;                 412091;                                     0,872935;       23329;             136635153;         18661;               108605275;                17509;                      103654673;             7892;                   52307747;                                     0,504635;                       9617;                             51346926;                                     0,495365;                369;                      1538091;                                     0,014162;              783;                    3412511;                                     0,031421
       407;       545;         1;BR      ;30/10/2022 19:04:46;         472075;     156454011;            9;                 412100;                                     0,872955;        2202;             136637355;          1700;               108606975;                 1677;                      103656350;             1241;                   52308988;                                     0,504639;                        436;                             51347362;                                     0,495361;                  9;                      1538100;                                     0,014162;               14;                    3412525;                                     0,031421
       407;       545;         1;BR      ;30/10/2022 19:04:47;         472075;     156454011;           19;                 412119;                                     0,872995;        5705;             136643060;          4522;               108611497;                 4412;                      103660762;             2603;                   52311591;                                     0,504642;                       1809;                             51349171;                                     0,495358;                 33;                      1538133;                                     0,014162;               77;                    3412602;                                     0,031420
       407;       545;         1;BR      ;30/10/2022 19:04:48;         472075;     156454011;           33;                 412152;                                     0,873065;        9998;             136653058;          7681;               108619178;                 7385;                      103668147;             3429;                   52315020;                                     0,504639;                       3956;                             51353127;                                     0,495361;                121;                      1538254;                                     0,014162;              175;                    3412777;                                     0,031420
       407;       545;         1;BR      ;30/10/2022 19:04:49;         472075;     156454011;           13;                 412165;                                     0,873092;        4023;             136657081;          2813;               108621991;                 2753;                      103670900;             1860;                   52316880;                                     0,504644;                        893;                             51354020;                                     0,495356;                 18;                      1538272;                                     0,014162;               42;                    3412819;                                     0,031419
       407;       545;         1;BR      ;30/10/2022 19:04:50;         472075;     156454011;           12;                 412177;                                     0,873118;        3921;             136661002;          3065;               108625056;                 2923;                      103673823;             2159;                   52319039;                                     0,504650;                        764;                             51354784;                                     0,495350;                 44;                      1538316;                                     0,014162;               98;                    3412917;                                     0,031419
       407;       545;         1;BR      ;30/10/2022 19:04:51;         472075;     156454011;           59;                 412236;                                     0,873243;       20335;             136681337;         15734;               108640790;                15057;                      103688880;             8228;                   52327267;                                     0,504656;                       6829;                             51361613;                                     0,495344;                204;                      1538520;                                     0,014162;              473;                    3413390;                                     0,031419
       407;       545;         1;BR      ;30/10/2022 19:04:52;         472075;     156454011;          101;                 412337;                                     0,873457;       29636;             136710973;         24460;               108665250;                23352;                      103712232;            10188;                   52337455;                                     0,504641;                      13164;                             51374777;                                     0,495359;                454;                      1538974;                                     0,014163;              654;                    3414044;                                     0,031418
       407;       545;         1;BR      ;30/10/2022 19:04:53;         472075;     156454011;           15;                 412352;                                     0,873488;        4469;             136715442;          3798;               108669048;                 3665;                      103715897;             1061;                   52338516;                                     0,504633;                       2604;                             51377381;                                     0,495367;                 54;                      1539028;                                     0,014163;               79;                    3414123;                                     0,031418
       407;       545;         1;BR      ;30/10/2022 19:04:54;         472075;     156454011;           67;                 412419;                                     0,873630;       18892;             136734334;         15228;               108684276;                14420;                      103730317;            10165;                   52348681;                                     0,504661;                       4255;                             51381636;                                     0,495339;                208;                      1539236;                                     0,014162;              600;                    3414723;                                     0,031419
       407;       545;         1;BR      ;30/10/2022 19:04:55;         472075;     156454011;          108;                 412527;                                     0,873859;       37161;             136771495;         29597;               108713873;                27727;                      103758044;            19176;                   52367857;                                     0,504711;                       8551;                             51390187;                                     0,495289;                424;                      1539660;                                     0,014162;             1446;                    3416169;                                     0,031423
       407;       545;         1;BR      ;30/10/2022 19:04:56;         472075;     156454011;           79;                 412606;                                     0,874026;       23316;             136794811;         17958;               108731831;                16952;                      103774996;            12970;                   52380827;                                     0,504754;                       3982;                             51394169;                                     0,495246;                250;                      1539910;                                     0,014162;              756;                    3416925;                                     0,031425
       407;       545;         1;BR      ;30/10/2022 19:04:57;         472075;     156454011;           80;                 412686;                                     0,874196;       22854;             136817665;         17365;               108749196;                16397;                      103791393;            12727;                   52393554;                                     0,504797;                       3670;                             51397839;                                     0,495203;                245;                      1540155;                                     0,014162;              723;                    3417648;                                     0,031427
       407;       545;         1;BR      ;30/10/2022 19:04:58;         472075;     156454011;            1;                 412687;                                     0,874198;         207;             136817872;           146;               108749342;                  137;                      103791530;               97;                   52393651;                                     0,504797;                         40;                             51397879;                                     0,495203;                  4;                      1540159;                                     0,014162;                5;                    3417653;                                     0,031427
       407;       545;         1;BR      ;30/10/2022 19:04:59;         472075;     156454011;            1;                 412688;                                     0,874200;         231;             136818103;           178;               108749520;                  170;                      103791700;               55;                   52393706;                                     0,504797;                        115;                             51397994;                                     0,495203;                  1;                      1540160;                                     0,014162;                7;                    3417660;                                     0,031427
       407;       545;         1;BR      ;30/10/2022 19:05:00;         472075;     156454011;           94;                 412782;                                     0,874399;       32795;             136850898;         26608;               108776128;                25061;                      103816761;            13705;                   52407411;                                     0,504807;                      11356;                             51409350;                                     0,495193;                351;                      1540511;                                     0,014162;             1196;                    3418856;                                     0,031430
       407;       545;         1;BR      ;30/10/2022 19:05:01;         472075;     156454011;          164;                 412946;                                     0,874747;       57117;             136908015;         48278;               108824406;                45437;                      103862198;            29808;                   52437219;                                     0,504873;                      15629;                             51424979;                                     0,495127;                576;                      1541087;                                     0,014161;             2265;                    3421121;                                     0,031437
       407;       545;         1;BR      ;30/10/2022 19:05:02;         472075;     156454011;           12;                 412958;                                     0,874772;        3580;             136911595;          2752;               108827158;                 2556;                      103864754;             2219;                   52439438;                                     0,504882;                        337;                             51425316;                                     0,495118;                 28;                      1541115;                                     0,014161;              168;                    3421289;                                     0,031438
       407;       545;         1;BR      ;30/10/2022 19:05:03;         472075;     156454011;           23;                 412981;                                     0,874821;        7634;             136919229;          6218;               108833376;                 5820;                      103870574;             4385;                   52443823;                                     0,504896;                       1435;                             51426751;                                     0,495104;                 89;                      1541204;                                     0,014161;              309;                    3421598;                                     0,031439
       407;       545;         1;BR      ;30/10/2022 19:05:04;         472075;     156454011;          109;                 413090;                                     0,875052;       39279;             136958508;         30795;               108864171;                28642;                      103899216;            14922;                   52458745;                                     0,504900;                      13720;                             51440471;                                     0,495100;                464;                      1541668;                                     0,014161;             1689;                    3423287;                                     0,031445
       407;       545;         1;BR      ;30/10/2022 19:05:05;         472075;     156454011;          110;                 413200;                                     0,875285;       38400;             136996908;         30915;               108895086;                29804;                      103929020;            11709;                   52470454;                                     0,504868;                      18095;                             51458566;                                     0,495132;                390;                      1542058;                                     0,014161;              721;                    3424008;                                     0,031443
       407;       545;         1;BR      ;30/10/2022 19:05:06;         472075;     156454011;           58;                 413258;                                     0,875408;       19787;             137016695;         16215;               108911301;                15703;                      103944723;             4408;                   52474862;                                     0,504834;                      11295;                             51469861;                                     0,495166;                196;                      1542254;                                     0,014161;              316;                    3424324;                                     0,031441
       407;       545;         1;BR      ;30/10/2022 19:05:07;         472075;     156454011;           57;                 413315;                                     0,875528;       18995;             137035690;         15596;               108926897;                15106;                      103959829;             4543;                   52479405;                                     0,504805;                      10563;                             51480424;                                     0,495195;                226;                      1542480;                                     0,014161;              264;                    3424588;                                     0,031439
       407;       545;         1;BR      ;30/10/2022 19:05:08;         472075;     156454011;           19;                 413334;                                     0,875569;        6210;             137041900;          5141;               108932038;                 4988;                      103964817;             1410;                   52480815;                                     0,504794;                       3578;                             51484002;                                     0,495206;                 52;                      1542532;                                     0,014160;              101;                    3424689;                                     0,031439
       407;       545;         1;BR      ;30/10/2022 19:05:09;         472075;     156454011;            1;                 413335;                                     0,875571;         302;             137042202;           267;               108932305;                  261;                      103965078;               73;                   52480888;                                     0,504793;                        188;                             51484190;                                     0,495207;                  1;                      1542533;                                     0,014160;                5;                    3424694;                                     0,031439
       407;       545;         1;BR      ;30/10/2022 19:05:10;         472075;     156454011;            5;                 413340;                                     0,875581;        1373;             137043575;          1037;               108933342;                  961;                      103966039;              807;                   52481695;                                     0,504797;                        154;                             51484344;                                     0,495203;                 13;                      1542546;                                     0,014160;               63;                    3424757;                                     0,031439
       407;       545;         1;BR      ;30/10/2022 19:05:34;         472075;     156454011;           53;                 413393;                                     0,875693;       19219;             137062794;         14825;               108948167;                13873;                      103979912;             7591;                   52489286;                                     0,504802;                       6282;                             51490626;                                     0,495198;                207;                      1542753;                                     0,014160;              745;                    3425502;                                     0,031442
       407;       545;         1;BR      ;30/10/2022 19:05:35;         472075;     156454011;          101;                 413494;                                     0,875907;       28319;             137091113;         22993;               108971160;                22173;                      104002085;            16954;                   52506240;                                     0,504858;                       5219;                             51495845;                                     0,495142;                248;                      1543001;                                     0,014160;              572;                    3426074;                                     0,031440
       407;       545;         1;BR      ;30/10/2022 19:05:36;         472075;     156454011;          165;                 413659;                                     0,876257;       50405;             137141518;         40083;               109011243;                38499;                      104040584;            21832;                   52528072;                                     0,504881;                      16667;                             51512512;                                     0,495119;                533;                      1543534;                                     0,014159;             1051;                    3427125;                                     0,031438
       407;       545;         1;BR      ;30/10/2022 19:05:37;         472075;     156454011;          323;                 413982;                                     0,876941;      115846;             137257364;         91888;               109103131;                88051;                      104128635;            38848;                   52566920;                                     0,504827;                      49203;                             51561715;                                     0,495173;               1309;                      1544843;                                     0,014159;             2528;                    3429653;                                     0,031435
       407;       545;         1;BR      ;30/10/2022 19:05:38;         472075;     156454011;          247;                 414229;                                     0,877464;       90360;             137347724;         71339;               109174470;                68400;                      104197035;            30907;                   52597827;                                     0,504792;                      37493;                             51599208;                                     0,495208;                888;                      1545731;                                     0,014158;             2051;                    3431704;                                     0,031433
       407;       545;         1;BR      ;30/10/2022 19:05:39;         472075;     156454011;          116;                 414345;                                     0,877710;       35321;             137383045;         28457;               109202927;                27391;                      104224426;            14902;                   52612729;                                     0,504802;                      12489;                             51611697;                                     0,495198;                359;                      1546090;                                     0,014158;              707;                    3432411;                                     0,031431
       407;       545;         1;BR      ;30/10/2022 19:05:40;         472075;     156454011;           91;                 414436;                                     0,877903;       28698;             137411743;         23386;               109226313;                22555;                      104246981;            12950;                   52625679;                                     0,504817;                       9605;                             51621302;                                     0,495183;                278;                      1546368;                                     0,014157;              553;                    3432964;                                     0,031430
       407;       545;         1;BR      ;30/10/2022 19:05:41;         472075;     156454011;           65;                 414501;                                     0,878041;       19894;             137431637;         16254;               109242567;                15732;                      104262713;            10446;                   52636125;                                     0,504841;                       5286;                             51626588;                                     0,495159;                150;                      1546518;                                     0,014157;              372;                    3433336;                                     0,031429
       407;       545;         1;BR      ;30/10/2022 19:05:42;         472075;     156454011;           60;                 414561;                                     0,878168;       17696;             137449333;         13733;               109256300;                13388;                      104276101;             7894;                   52644019;                                     0,504852;                       5494;                             51632082;                                     0,495148;                115;                      1546633;                                     0,014156;              230;                    3433566;                                     0,031427
       407;       545;         1;BR      ;30/10/2022 19:05:43;         472075;     156454011;           46;                 414607;                                     0,878265;       14187;             137463520;         10934;               109267234;                10647;                      104286748;             7771;                   52651790;                                     0,504875;                       2876;                             51634958;                                     0,495125;                 99;                      1546732;                                     0,014155;              188;                    3433754;                                     0,031425
       407;       545;         1;BR      ;30/10/2022 19:05:44;         472075;     156454011;           44;                 414651;                                     0,878358;       11891;             137475411;          8866;               109276100;                 8635;                      104295383;             6252;                   52658042;                                     0,504893;                       2383;                             51637341;                                     0,495107;                 83;                      1546815;                                     0,014155;              148;                    3433902;                                     0,031424
       407;       545;         1;BR      ;30/10/2022 19:05:45;         472075;     156454011;           77;                 414728;                                     0,878521;       22013;             137497424;         16438;               109292538;                15944;                      104311327;            10926;                   52668968;                                     0,504921;                       5018;                             51642359;                                     0,495079;                148;                      1546963;                                     0,014154;              346;                    3434248;                                     0,031423
       407;       545;         1;BR      ;30/10/2022 19:05:46;         472075;     156454011;          418;                 415146;                                     0,879407;      148359;             137645783;        116863;               109409401;               109380;                      104420707;            56837;                   52725805;                                     0,504936;                      52543;                             51694902;                                     0,495064;               2324;                      1549287;                                     0,014160;             5159;                    3439407;                                     0,031436
       407;       545;         1;BR      ;30/10/2022 19:05:47;         472075;     156454011;           38;                 415184;                                     0,879487;       13581;             137659364;         11014;               109420415;                10309;                      104431016;             5130;                   52730935;                                     0,504936;                       5179;                             51700081;                                     0,495064;                239;                      1549526;                                     0,014161;              466;                    3439873;                                     0,031437
       407;       545;         1;BR      ;30/10/2022 19:05:48;         472075;     156454011;           38;                 415222;                                     0,879568;       12257;             137671621;          9555;               109429970;                 9109;                      104440125;             5195;                   52736130;                                     0,504941;                       3914;                             51703995;                                     0,495059;                127;                      1549653;                                     0,014161;              319;                    3440192;                                     0,031437
       407;       545;         1;BR      ;30/10/2022 19:05:49;         472075;     156454011;           13;                 415235;                                     0,879595;        4390;             137676011;          3271;               109433241;                 3106;                      104443231;             1472;                   52737602;                                     0,504940;                       1634;                             51705629;                                     0,495060;                 51;                      1549704;                                     0,014161;              114;                    3440306;                                     0,031437
       407;       545;         1;BR      ;30/10/2022 19:05:50;         472075;     156454011;          195;                 415430;                                     0,880008;       66128;             137742139;         53754;               109486995;                50444;                      104493675;            22735;                   52760337;                                     0,504914;                      27709;                             51733338;                                     0,495086;               1094;                      1550798;                                     0,014164;             2216;                    3442522;                                     0,031442
       407;       545;         1;BR      ;30/10/2022 19:05:51;         472075;     156454011;           76;                 415506;                                     0,880169;       25329;             137767468;         20040;               109507035;                18979;                      104512654;             7914;                   52768251;                                     0,504898;                      11065;                             51744403;                                     0,495102;                323;                      1551121;                                     0,014165;              738;                    3443260;                                     0,031443
       407;       545;         1;BR      ;30/10/2022 19:05:52;         472075;     156454011;          153;                 415659;                                     0,880494;       50880;             137818348;         39994;               109547029;                37934;                      104550588;            15406;                   52783657;                                     0,504862;                      22528;                             51766931;                                     0,495138;                690;                      1551811;                                     0,014166;             1370;                    3444630;                                     0,031444
       407;       545;         1;BR      ;30/10/2022 19:05:53;         472075;     156454011;          175;                 415834;                                     0,880864;       60836;             137879184;         47925;               109594954;                45210;                      104595798;            21289;                   52804946;                                     0,504848;                      23921;                             51790852;                                     0,495152;                872;                      1552683;                                     0,014167;             1843;                    3446473;                                     0,031447
       407;       545;         1;BR      ;30/10/2022 19:05:57;         472075;     156454011;            2;                 415836;                                     0,880869;         623;             137879807;           508;               109595462;                  473;                      104596271;              325;                   52805271;                                     0,504849;                        148;                             51791000;                                     0,495151;                  4;                      1552687;                                     0,014167;               31;                    3446504;                                     0,031448
       407;       545;         1;BR      ;30/10/2022 19:05:58;         472075;     156454011;           80;                 415916;                                     0,881038;       24172;             137903979;         18972;               109614434;                18134;                      104614405;             8643;                   52813914;                                     0,504844;                       9491;                             51800491;                                     0,495156;                345;                      1553032;                                     0,014168;              493;                    3446997;                                     0,031447
       407;       545;         1;BR      ;30/10/2022 19:05:59;         472075;     156454011;           47;                 415963;                                     0,881138;       14907;             137918886;         12150;               109626584;                11652;                      104626057;             4089;                   52818003;                                     0,504826;                       7563;                             51808054;                                     0,495174;                187;                      1553219;                                     0,014168;              311;                    3447308;                                     0,031446
       407;       545;         1;BR      ;30/10/2022 19:06:00;         472075;     156454011;            8;                 415971;                                     0,881154;        2206;             137921092;          1841;               109628425;                 1735;                      104627792;              785;                   52818788;                                     0,504826;                        950;                             51809004;                                     0,495174;                 47;                      1553266;                                     0,014168;               59;                    3447367;                                     0,031446
       407;       545;         1;BR      ;30/10/2022 19:06:01;         472075;     156454011;           18;                 415989;                                     0,881193;        4050;             137925142;          3478;               109631903;                 3314;                      104631106;             1351;                   52820139;                                     0,504823;                       1963;                             51810967;                                     0,495177;                 80;                      1553346;                                     0,014169;               84;                    3447451;                                     0,031446
       407;       545;         1;BR      ;30/10/2022 19:06:02;         472075;     156454011;          128;                 416117;                                     0,881464;       40937;             137966079;         32368;               109664271;                30536;                      104661642;            20283;                   52840422;                                     0,504869;                      10253;                             51821220;                                     0,495131;                483;                      1553829;                                     0,014169;             1349;                    3448800;                                     0,031449
       407;       545;         1;BR      ;30/10/2022 19:06:03;         472075;     156454011;          102;                 416219;                                     0,881680;       32358;             137998437;         25928;               109690199;                24303;                      104685945;            16999;                   52857421;                                     0,504914;                       7304;                             51828524;                                     0,495086;                385;                      1554214;                                     0,014169;             1240;                    3450040;                                     0,031453
       407;       545;         1;BR      ;30/10/2022 19:06:04;         472075;     156454011;           69;                 416288;                                     0,881826;       20316;             138018753;         15739;               109705938;                14908;                      104700853;            11947;                   52869368;                                     0,504956;                       2961;                             51831485;                                     0,495044;                200;                      1554414;                                     0,014169;              631;                    3450671;                                     0,031454
       407;       545;         1;BR      ;30/10/2022 19:06:05;         472075;     156454011;           24;                 416312;                                     0,881877;        6624;             138025377;          4861;               109710799;                 4593;                      104705446;             3484;                   52872852;                                     0,504968;                       1109;                             51832594;                                     0,495032;                 58;                      1554472;                                     0,014169;              210;                    3450881;                                     0,031454
       407;       545;         1;BR      ;30/10/2022 19:06:07;         472075;     156454011;           12;                 416324;                                     0,881902;        3711;             138029088;          2772;               109713571;                 2679;                      104708125;              715;                   52873567;                                     0,504961;                       1964;                             51834558;                                     0,495039;                 32;                      1554504;                                     0,014169;               61;                    3450942;                                     0,031454
       407;       545;         1;BR      ;30/10/2022 19:06:08;         472075;     156454011;           98;                 416422;                                     0,882110;       34518;             138063606;         28924;               109742495;                27150;                      104735275;            16853;                   52890420;                                     0,504991;                      10297;                             51844855;                                     0,495009;                389;                      1554893;                                     0,014169;             1385;                    3452327;                                     0,031458
       407;       545;         1;BR      ;30/10/2022 19:06:09;         472075;     156454011;          100;                 416522;                                     0,882322;       34031;             138097637;         27948;               109770443;                26133;                      104761408;            18452;                   52908872;                                     0,505042;                       7681;                             51852536;                                     0,494958;                389;                      1555282;                                     0,014168;             1426;                    3453753;                                     0,031463
       407;       545;         1;BR      ;30/10/2022 19:06:10;         472075;     156454011;           82;                 416604;                                     0,882495;       29250;             138126887;         24957;               109795400;                23435;                      104784843;            14077;                   52922949;                                     0,505063;                       9358;                             51861894;                                     0,494937;                314;                      1555596;                                     0,014168;             1208;                    3454961;                                     0,031467
       407;       545;         1;BR      ;30/10/2022 19:06:11;         472075;     156454011;            2;                 416606;                                     0,882500;         777;             138127664;           595;               109795995;                  542;                      104785385;              412;                   52923361;                                     0,505064;                        130;                             51862024;                                     0,494936;                  6;                      1555602;                                     0,014168;               47;                    3455008;                                     0,031468
       407;       545;         1;BR      ;30/10/2022 19:06:12;         472075;     156454011;           35;                 416641;                                     0,882574;       12648;             138140312;         10341;               109806336;                 9967;                      104795352;             4615;                   52927976;                                     0,505060;                       5352;                             51867376;                                     0,494940;                128;                      1555730;                                     0,014168;              246;                    3455254;                                     0,031467
       407;       545;         1;BR      ;30/10/2022 19:06:13;         472075;     156454011;           33;                 416674;                                     0,882644;       11449;             138151761;          9400;               109815736;                 9119;                      104804471;             3157;                   52931133;                                     0,505047;                       5962;                             51873338;                                     0,494953;                103;                      1555833;                                     0,014168;              178;                    3455432;                                     0,031466
       407;       545;         1;BR      ;30/10/2022 19:06:14;         472075;     156454011;           80;                 416754;                                     0,882813;       26404;             138178165;         21842;               109837578;                21176;                      104825647;             7508;                   52938641;                                     0,505016;                      13668;                             51887006;                                     0,494984;                256;                      1556089;                                     0,014167;              410;                    3455842;                                     0,031463
       407;       545;         1;BR      ;30/10/2022 19:06:15;         472075;     156454011;           93;                 416847;                                     0,883010;       30536;             138208701;         25356;               109862934;                24457;                      104850104;             8011;                   52946652;                                     0,504975;                      16446;                             51903452;                                     0,495025;                312;                      1556401;                                     0,014167;              587;                    3456429;                                     0,031461
       407;       545;         1;BR      ;30/10/2022 19:06:16;         472075;     156454011;            6;                 416853;                                     0,883023;        1497;             138210198;          1301;               109864235;                 1267;                      104851371;              311;                   52946963;                                     0,504972;                        956;                             51904408;                                     0,495028;                 15;                      1556416;                                     0,014167;               19;                    3456448;                                     0,031461
       407;       545;         1;BR      ;30/10/2022 19:06:17;         472075;     156454011;            5;                 416858;                                     0,883033;        1362;             138211560;          1166;               109865401;                 1127;                      104852498;              290;                   52947253;                                     0,504969;                        837;                             51905245;                                     0,495031;                 13;                      1556429;                                     0,014167;               26;                    3456474;                                     0,031461
       407;       545;         1;BR      ;30/10/2022 19:06:18;         472075;     156454011;           17;                 416875;                                     0,883069;        5461;             138217021;          4365;               109869766;                 4237;                      104856735;             1392;                   52948645;                                     0,504962;                       2845;                             51908090;                                     0,495038;                 61;                      1556490;                                     0,014167;               67;                    3456541;                                     0,031460
       407;       545;         1;BR      ;30/10/2022 19:06:42;         472075;     156454011;          137;                 417012;                                     0,883360;       40324;             138257345;         33008;               109902774;                31828;                      104888563;            22223;                   52970868;                                     0,505020;                       9605;                             51917695;                                     0,494980;                387;                      1556877;                                     0,014166;              793;                    3457334;                                     0,031458
       407;       545;         1;BR      ;30/10/2022 19:06:43;         472075;     156454011;          232;                 417244;                                     0,883851;       80762;             138338107;         64792;               109967566;                62115;                      104950678;            30789;                   53001657;                                     0,505015;                      31326;                             51949021;                                     0,494985;                902;                      1557779;                                     0,014166;             1775;                    3459109;                                     0,031456
       407;       545;         1;BR      ;30/10/2022 19:06:44;         472075;     156454011;          248;                 417492;                                     0,884376;       78221;             138416328;         63011;               110030577;                60436;                      105011114;            30624;                   53032281;                                     0,505016;                      29812;                             51978833;                                     0,494984;                882;                      1558661;                                     0,014166;             1693;                    3460802;                                     0,031453
       407;       545;         1;BR      ;30/10/2022 19:06:45;         472075;     156454011;          336;                 417828;                                     0,885088;      125832;             138542160;         97691;               110128268;                93633;                      105104747;            42139;                   53074420;                                     0,504967;                      51494;                             52030327;                                     0,495033;               1219;                      1559880;                                     0,014164;             2839;                    3463641;                                     0,031451
       407;       545;         1;BR      ;30/10/2022 19:06:46;         472075;     156454011;          193;                 418021;                                     0,885497;       62538;             138604698;         50080;               110178348;                47892;                      105152639;            23094;                   53097514;                                     0,504957;                      24798;                             52055125;                                     0,495043;                737;                      1560617;                                     0,014164;             1451;                    3465092;                                     0,031450
       407;       545;         1;BR      ;30/10/2022 19:06:47;         472075;     156454011;           71;                 418092;                                     0,885647;       21579;             138626277;         17210;               110195558;                16576;                      105169215;             9559;                   53107073;                                     0,504968;                       7017;                             52062142;                                     0,495032;                199;                      1560816;                                     0,014164;              435;                    3465527;                                     0,031449
       407;       545;         1;BR      ;30/10/2022 19:06:48;         472075;     156454011;          121;                 418213;                                     0,885904;       35571;             138661848;         29043;               110224601;                27965;                      105197180;            19650;                   53126723;                                     0,505020;                       8315;                             52070457;                                     0,494980;                350;                      1561166;                                     0,014163;              728;                    3466255;                                     0,031447
       407;       545;         1;BR      ;30/10/2022 19:06:49;         472075;     156454011;          135;                 418348;                                     0,886190;       38674;             138700522;         31403;               110256004;                30275;                      105227455;            21085;                   53147808;                                     0,505075;                       9190;                             52079647;                                     0,494925;                341;                      1561507;                                     0,014163;              787;                    3467042;                                     0,031445
       407;       545;         1;BR      ;30/10/2022 19:06:50;         472075;     156454011;           95;                 418443;                                     0,886391;       29916;             138730438;         23487;               110279491;                22850;                      105250305;            13137;                   53160945;                                     0,505091;                       9713;                             52089360;                                     0,494909;                187;                      1561694;                                     0,014161;              450;                    3467492;                                     0,031443
       407;       545;         1;BR      ;30/10/2022 19:06:51;         472075;     156454011;           23;                 418466;                                     0,886440;        6464;             138736902;          5099;               110284590;                 4975;                      105255280;             3675;                   53164620;                                     0,505102;                       1300;                             52090660;                                     0,494898;                 43;                      1561737;                                     0,014161;               81;                    3467573;                                     0,031442
       407;       545;         1;BR      ;30/10/2022 19:06:52;         472075;     156454011;            2;                 418468;                                     0,886444;         536;             138737438;           337;               110284927;                  322;                      105255602;              274;                   53164894;                                     0,505103;                         48;                             52090708;                                     0,494897;                  3;                      1561740;                                     0,014161;               12;                    3467585;                                     0,031442
       407;       545;         1;BR      ;30/10/2022 19:06:53;         472075;     156454011;           38;                 418506;                                     0,886524;       11390;             138748828;          8673;               110293600;                 8458;                      105264060;             5815;                   53170709;                                     0,505117;                       2643;                             52093351;                                     0,494883;                 61;                      1561801;                                     0,014160;              154;                    3467739;                                     0,031441
       407;       545;         1;BR      ;30/10/2022 19:06:54;         472075;     156454011;          112;                 418618;                                     0,886762;       31523;             138780351;         23650;               110317250;                23062;                      105287122;            18070;                   53188779;                                     0,505178;                       4992;                             52098343;                                     0,494822;                159;                      1561960;                                     0,014159;              429;                    3468168;                                     0,031438
       407;       545;         1;BR      ;30/10/2022 19:06:55;         472075;     156454011;           18;                 418636;                                     0,886800;        5651;             138786002;          4403;               110321653;                 4313;                      105291435;             3061;                   53191840;                                     0,505187;                       1252;                             52099595;                                     0,494813;                 29;                      1561989;                                     0,014158;               61;                    3468229;                                     0,031437
       407;       545;         1;BR      ;30/10/2022 19:06:56;         472075;     156454011;           10;                 418646;                                     0,886821;        3223;             138789225;          2531;               110324184;                 2484;                      105293919;             1443;                   53193283;                                     0,505189;                       1041;                             52100636;                                     0,494811;                 15;                      1562004;                                     0,014158;               32;                    3468261;                                     0,031437
       407;       545;         1;BR      ;30/10/2022 19:06:57;         472075;     156454011;           70;                 418716;                                     0,886969;       23236;             138812461;         18132;               110342316;                17239;                      105311158;             8101;                   53201384;                                     0,505183;                       9138;                             52109774;                                     0,494817;                290;                      1562294;                                     0,014159;              603;                    3468864;                                     0,031437
       407;       545;         1;BR      ;30/10/2022 19:06:58;         472075;     156454011;          100;                 418816;                                     0,887181;       33580;             138846041;         26615;               110368931;                25208;                      105336366;            10845;                   53212229;                                     0,505165;                      14363;                             52124137;                                     0,494835;                467;                      1562761;                                     0,014159;              940;                    3469804;                                     0,031438
       407;       545;         1;BR      ;30/10/2022 19:06:59;         472075;     156454011;          490;                 419306;                                     0,888219;      175224;             139021265;        139509;               110508440;               130538;                      105466904;            65785;                   53278014;                                     0,505163;                      64753;                             52188890;                                     0,494837;               2770;                      1565531;                                     0,014167;             6201;                    3476005;                                     0,031455
       407;       545;         1;BR      ;30/10/2022 19:07:00;         472075;     156454011;          182;                 419488;                                     0,888605;       61760;             139083025;         50160;               110558600;                47056;                      105513960;            20941;                   53298955;                                     0,505137;                      26115;                             52215005;                                     0,494863;                926;                      1566457;                                     0,014169;             2178;                    3478183;                                     0,031460
       407;       545;         1;BR      ;30/10/2022 19:07:01;         472075;     156454011;          109;                 419597;                                     0,888835;       37621;             139120646;         29450;               110588050;                27758;                      105541718;            12151;                   53311106;                                     0,505119;                      15607;                             52230612;                                     0,494881;                576;                      1567033;                                     0,014170;             1116;                    3479299;                                     0,031462
       407;       545;         1;BR      ;30/10/2022 19:07:02;         472075;     156454011;          152;                 419749;                                     0,889157;       52014;             139172660;         40441;               110628491;                38109;                      105579827;            15485;                   53326591;                                     0,505083;                      22624;                             52253236;                                     0,494917;                765;                      1567798;                                     0,014172;             1567;                    3480866;                                     0,031464
       407;       545;         1;BR      ;30/10/2022 19:07:03;         472075;     156454011;           47;                 419796;                                     0,889257;       16445;             139189105;         12966;               110641457;                12212;                      105592039;             5858;                   53332449;                                     0,505080;                       6354;                             52259590;                                     0,494920;                223;                      1568021;                                     0,014172;              531;                    3481397;                                     0,031466
       407;       545;         1;BR      ;30/10/2022 19:07:06;         472075;     156454011;            4;                 419800;                                     0,889265;        1254;             139190359;          1019;               110642476;                  948;                      105592987;              772;                   53333221;                                     0,505083;                        176;                             52259766;                                     0,494917;                 15;                      1568036;                                     0,014172;               56;                    3481453;                                     0,031466
       407;       545;         1;BR      ;30/10/2022 19:07:07;         472075;     156454011;           87;                 419887;                                     0,889450;       27070;             139217429;         21043;               110663519;                20151;                      105613138;            10487;                   53343708;                                     0,505086;                       9664;                             52269430;                                     0,494914;                283;                      1568319;                                     0,014172;              609;                    3482062;                                     0,031465
       407;       545;         1;BR      ;30/10/2022 19:07:08;         472075;     156454011;           48;                 419935;                                     0,889551;       13659;             139231088;         11421;               110674940;                10897;                      105624035;             4149;                   53347857;                                     0,505073;                       6748;                             52276178;                                     0,494927;                209;                      1568528;                                     0,014172;              315;                    3482377;                                     0,031465
       407;       545;         1;BR      ;30/10/2022 19:07:09;         472075;     156454011;           21;                 419956;                                     0,889596;        5973;             139237061;          4955;               110679895;                 4751;                      105628786;             2686;                   53350543;                                     0,505076;                       2065;                             52278243;                                     0,494924;                 74;                      1568602;                                     0,014172;              130;                    3482507;                                     0,031465
       407;       545;         1;BR      ;30/10/2022 19:07:10;         472075;     156454011;          101;                 420057;                                     0,889810;       33747;             139270808;         27219;               110707114;                25681;                      105654467;            17013;                   53367556;                                     0,505114;                       8668;                             52286911;                                     0,494886;                392;                      1568994;                                     0,014172;             1146;                    3483653;                                     0,031467
       407;       545;         1;BR      ;30/10/2022 19:07:11;         472075;     156454011;           91;                 420148;                                     0,890003;       29190;             139299998;         23569;               110730683;                22224;                      105676691;            15325;                   53382881;                                     0,505153;                       6899;                             52293810;                                     0,494847;                304;                      1569298;                                     0,014172;             1041;                    3484694;                                     0,031470
       407;       545;         1;BR      ;30/10/2022 19:07:12;         472075;     156454011;            9;                 420157;                                     0,890022;        2464;             139302462;          1815;               110732498;                 1729;                      105678420;             1450;                   53384331;                                     0,505158;                        279;                             52294089;                                     0,494842;                 18;                      1569316;                                     0,014172;               68;                    3484762;                                     0,031470
       407;       545;         1;BR      ;30/10/2022 19:07:13;         472075;     156454011;            2;                 420159;                                     0,890026;         563;             139303025;           461;               110732959;                  433;                      105678853;              326;                   53384657;                                     0,505159;                        107;                             52294196;                                     0,494841;                  6;                      1569322;                                     0,014172;               22;                    3484784;                                     0,031470
       407;       545;         1;BR      ;30/10/2022 19:07:14;         472075;     156454011;           10;                 420169;                                     0,890047;        3135;             139306160;          2268;               110735227;                 2133;                      105680986;             1580;                   53386237;                                     0,505164;                        553;                             52294749;                                     0,494836;                 19;                      1569341;                                     0,014172;              116;                    3484900;                                     0,031471
       407;       545;         1;BR      ;30/10/2022 19:07:15;         472075;     156454011;           25;                 420194;                                     0,890100;        7110;             139313270;          5371;               110740598;                 5109;                      105686095;             2723;                   53388960;                                     0,505165;                       2386;                             52297135;                                     0,494835;                 70;                      1569411;                                     0,014172;              192;                    3485092;                                     0,031471
       407;       545;         1;BR      ;30/10/2022 19:07:16;         472075;     156454011;           94;                 420288;                                     0,890299;       31662;             139344932;         26505;               110767103;                24915;                      105711010;            16690;                   53405650;                                     0,505204;                       8225;                             52305360;                                     0,494796;                320;                      1569731;                                     0,014171;             1270;                    3486362;                                     0,031475
       407;       545;         1;BR      ;30/10/2022 19:07:17;         472075;     156454011;           56;                 420344;                                     0,890418;       20130;             139365062;         17254;               110784357;                16098;                      105727108;             9493;                   53415143;                                     0,505217;                       6605;                             52311965;                                     0,494783;                249;                      1569980;                                     0,014171;              907;                    3487269;                                     0,031478
       407;       545;         1;BR      ;30/10/2022 19:07:18;         472075;     156454011;           11;                 420355;                                     0,890441;        3431;             139368493;          2795;               110787152;                 2620;                      105729728;             2115;                   53417258;                                     0,505225;                        505;                             52312470;                                     0,494775;                 40;                      1570020;                                     0,014171;              135;                    3487404;                                     0,031478
       407;       545;         1;BR      ;30/10/2022 19:07:19;         472075;     156454011;            6;                 420361;                                     0,890454;        1838;             139370331;          1380;               110788532;                 1308;                      105731036;             1023;                   53418281;                                     0,505228;                        285;                             52312755;                                     0,494772;                 14;                      1570034;                                     0,014171;               58;                    3487462;                                     0,031479
       407;       545;         1;BR      ;30/10/2022 19:07:20;         472075;     156454011;            4;                 420365;                                     0,890462;        1032;             139371363;           810;               110789342;                  758;                      105731794;              680;                   53418961;                                     0,505231;                         78;                             52312833;                                     0,494769;                  9;                      1570043;                                     0,014171;               43;                    3487505;                                     0,031479
       407;       545;         1;BR      ;30/10/2022 19:07:21;         472075;     156454011;          108;                 420473;                                     0,890691;       39019;             139410382;         30602;               110819944;                28541;                      105760335;            15591;                   53434552;                                     0,505242;                      12950;                             52325783;                                     0,494758;                394;                      1570437;                                     0,014171;             1667;                    3489172;                                     0,031485
       407;       545;         1;BR      ;30/10/2022 19:07:22;         472075;     156454011;           95;                 420568;                                     0,890892;       33530;             139443912;         26866;               110846810;                25863;                      105786198;             9805;                   53444357;                                     0,505211;                      16058;                             52341841;                                     0,494789;                336;                      1570773;                                     0,014171;              667;                    3489839;                                     0,031483
       407;       545;         1;BR      ;30/10/2022 19:07:23;         472075;     156454011;           70;                 420638;                                     0,891041;       23385;             139467297;         19559;               110866369;                18896;                      105805094;             5338;                   53449695;                                     0,505171;                      13558;                             52355399;                                     0,494829;                230;                      1571003;                                     0,014170;              433;                    3490272;                                     0,031482
       407;       545;         1;BR      ;30/10/2022 19:07:24;         472075;     156454011;           27;                 420665;                                     0,891098;        9192;             139476489;          7532;               110873901;                 7325;                      105812419;             2019;                   53451714;                                     0,505155;                       5306;                             52360705;                                     0,494845;                 95;                      1571098;                                     0,014170;              112;                    3490384;                                     0,031481
       407;       545;         1;BR      ;30/10/2022 19:07:25;         472075;     156454011;           26;                 420691;                                     0,891153;        8494;             139484983;          7124;               110881025;                 6897;                      105819316;             2647;                   53454361;                                     0,505147;                       4250;                             52364955;                                     0,494853;                 76;                      1571174;                                     0,014170;              151;                    3490535;                                     0,031480
       407;       545;         1;BR      ;30/10/2022 19:07:29;         472075;     156454011;            2;                 420693;                                     0,891157;         620;             139485603;           525;               110881550;                  512;                      105819828;              178;                   53454539;                                     0,505147;                        334;                             52365289;                                     0,494853;                  7;                      1571181;                                     0,014170;                6;                    3490541;                                     0,031480
       407;       545;         1;BR      ;30/10/2022 19:07:48;         472075;     156454011;           32;                 420725;                                     0,891225;       10392;             139495995;          7906;               110889456;                 7577;                      105827405;             5077;                   53459616;                                     0,505159;                       2500;                             52367789;                                     0,494841;                 69;                      1571250;                                     0,014170;              260;                    3490801;                                     0,031480
       407;       545;         1;BR      ;30/10/2022 19:07:49;         472075;     156454011;           49;                 420774;                                     0,891329;       14605;             139510600;         11513;               110900969;                11119;                      105838524;             6601;                   53466217;                                     0,505168;                       4518;                             52372307;                                     0,494832;                119;                      1571369;                                     0,014169;              275;                    3491076;                                     0,031479
       407;       545;         1;BR      ;30/10/2022 19:07:50;         472075;     156454011;          187;                 420961;                                     0,891725;       64389;             139574989;         51543;               110952512;                49348;                      105887872;            25001;                   53491218;                                     0,505169;                      24347;                             52396654;                                     0,494831;                760;                      1572129;                                     0,014169;             1435;                    3492511;                                     0,031478
       407;       545;         1;BR      ;30/10/2022 19:07:51;         472075;     156454011;           67;                 421028;                                     0,891867;       20245;             139595234;         16094;               110968606;                15498;                      105903370;             7135;                   53498353;                                     0,505162;                       8363;                             52405017;                                     0,494838;                214;                      1572343;                                     0,014169;              382;                    3492893;                                     0,031476
       407;       545;         1;BR      ;30/10/2022 19:07:52;         472075;     156454011;          209;                 421237;                                     0,892309;       77078;             139672312;         61241;               111029847;                58637;                      105962007;            26889;                   53525242;                                     0,505136;                      31748;                             52436765;                                     0,494864;                773;                      1573116;                                     0,014168;             1831;                    3494724;                                     0,031476
       407;       545;         1;BR      ;30/10/2022 19:07:53;         472075;     156454011;           59;                 421296;                                     0,892434;       17806;             139690118;         14596;               111044443;                14029;                      105976036;             8406;                   53533648;                                     0,505149;                       5623;                             52442388;                                     0,494851;                195;                      1573311;                                     0,014168;              372;                    3495096;                                     0,031475
       407;       545;         1;BR      ;30/10/2022 19:07:54;         472075;     156454011;            2;                 421298;                                     0,892439;         684;             139690802;           599;               111045042;                  582;                      105976618;              540;                   53534188;                                     0,505151;                         42;                             52442430;                                     0,494849;                  3;                      1573314;                                     0,014168;               14;                    3495110;                                     0,031475
       407;       545;         1;BR      ;30/10/2022 19:07:55;         472075;     156454011;            6;                 421304;                                     0,892451;        1926;             139692728;          1594;               111046636;                 1538;                      105978156;              923;                   53535111;                                     0,505152;                        615;                             52443045;                                     0,494848;                 15;                      1573329;                                     0,014168;               41;                    3495151;                                     0,031475
       407;       545;         1;BR      ;30/10/2022 19:07:56;         472075;     156454011;           61;                 421365;                                     0,892581;       17630;             139710358;         14105;               111060741;                13624;                      105991780;             8718;                   53543829;                                     0,505170;                       4906;                             52447951;                                     0,494830;                167;                      1573496;                                     0,014168;              314;                    3495465;                                     0,031473
       407;       545;         1;BR      ;30/10/2022 19:07:57;         472075;     156454011;           47;                 421412;                                     0,892680;       12988;             139723346;         10469;               111071210;                10144;                      106001924;             7609;                   53551438;                                     0,505193;                       2535;                             52450486;                                     0,494807;                110;                      1573606;                                     0,014168;              215;                    3495680;                                     0,031472
       407;       545;         1;BR      ;30/10/2022 19:07:58;         472075;     156454011;           97;                 421509;                                     0,892886;       28090;             139751436;         21799;               111093009;                21176;                      106023100;            15672;                   53567110;                                     0,505240;                       5504;                             52455990;                                     0,494760;                183;                      1573789;                                     0,014166;              440;                    3496120;                                     0,031470
       407;       545;         1;BR      ;30/10/2022 19:07:59;         472075;     156454011;           31;                 421540;                                     0,892951;        8606;             139760042;          6594;               111099603;                 6424;                      106029524;             3822;                   53570932;                                     0,505245;                       2602;                             52458592;                                     0,494755;                 63;                      1573852;                                     0,014166;              107;                    3496227;                                     0,031469
       407;       545;         1;BR      ;30/10/2022 19:08:00;         472075;     156454011;           25;                 421565;                                     0,893004;        7814;             139767856;          6085;               111105688;                 5957;                      106035481;             4115;                   53575047;                                     0,505256;                       1842;                             52460434;                                     0,494744;                 33;                      1573885;                                     0,014166;               95;                    3496322;                                     0,031468
       407;       545;         1;BR      ;30/10/2022 19:08:01;         472075;     156454011;          218;                 421783;                                     0,893466;       77664;             139845520;         61388;               111167076;                57434;                      106092915;            27965;                   53603012;                                     0,505246;                      29469;                             52489903;                                     0,494754;               1188;                      1575073;                                     0,014169;             2766;                    3499088;                                     0,031476
       407;       545;         1;BR      ;30/10/2022 19:08:02;         472075;     156454011;           68;                 421851;                                     0,893610;       23378;             139868898;         18510;               111185586;                17542;                      106110457;             8093;                   53611105;                                     0,505239;                       9449;                             52499352;                                     0,494761;                350;                      1575423;                                     0,014169;              618;                    3499706;                                     0,031476
       407;       545;         1;BR      ;30/10/2022 19:08:03;         472075;     156454011;          110;                 421961;                                     0,893843;       37631;             139906529;         30642;               111216228;                28641;                      106139098;            12615;                   53623720;                                     0,505221;                      16026;                             52515378;                                     0,494779;                621;                      1576044;                                     0,014171;             1380;                    3501086;                                     0,031480
       407;       545;         1;BR      ;30/10/2022 19:08:04;         472075;     156454011;           83;                 422044;                                     0,894019;       28707;             139935236;         22325;               111238553;                21073;                      106160171;             8286;                   53632006;                                     0,505199;                      12787;                             52528165;                                     0,494801;                416;                      1576460;                                     0,014172;              836;                    3501922;                                     0,031481
       407;       545;         1;BR      ;30/10/2022 19:08:05;         472075;     156454011;           78;                 422122;                                     0,894184;       26396;             139961632;         20978;               111259531;                19743;                      106179914;             9081;                   53641087;                                     0,505191;                      10662;                             52538827;                                     0,494809;                399;                      1576859;                                     0,014173;              836;                    3502758;                                     0,031483
       407;       545;         1;BR      ;30/10/2022 19:08:06;         472075;     156454011;            3;                 422125;                                     0,894191;         853;             139962485;           641;               111260172;                  621;                      106180535;              352;                   53641439;                                     0,505191;                        269;                             52539096;                                     0,494809;                 10;                      1576869;                                     0,014173;               10;                    3502768;                                     0,031483
       407;       545;         1;BR      ;30/10/2022 19:08:07;         472075;     156454011;            3;                 422128;                                     0,894197;        1120;             139963605;           855;               111261027;                  809;                      106181344;              286;                   53641725;                                     0,505190;                        523;                             52539619;                                     0,494810;                 13;                      1576882;                                     0,014173;               33;                    3502801;                                     0,031483
       407;       545;         1;BR      ;30/10/2022 19:08:09;         472075;     156454011;           75;                 422203;                                     0,894356;       23838;             139987443;         19268;               111280295;                18399;                      106199743;             8284;                   53650009;                                     0,505180;                      10115;                             52549734;                                     0,494820;                340;                      1577222;                                     0,014173;              529;                    3503330;                                     0,031482
       407;       545;         1;BR      ;30/10/2022 19:08:12;         472075;     156454011;           26;                 422229;                                     0,894411;        6948;             139994391;          5666;               111285961;                 5386;                      106205129;             2770;                   53652779;                                     0,505181;                       2616;                             52552350;                                     0,494819;                109;                      1577331;                                     0,014174;              171;                    3503501;                                     0,031482
       407;       545;         1;BR      ;30/10/2022 19:08:13;         472075;     156454011;           92;                 422321;                                     0,894606;       30859;             140025250;         24824;               111310785;                23447;                      106228576;            14379;                   53667158;                                     0,505205;                       9068;                             52561418;                                     0,494795;                389;                      1577720;                                     0,014174;              988;                    3504489;                                     0,031484
       407;       545;         1;BR      ;30/10/2022 19:08:14;         472075;     156454011;           59;                 422380;                                     0,894731;       18820;             140044070;         15042;               111325827;                14258;                      106242834;            10427;                   53677585;                                     0,505235;                       3831;                             52565249;                                     0,494765;                175;                      1577895;                                     0,014174;              609;                    3505098;                                     0,031485
       407;       545;         1;BR      ;30/10/2022 19:08:15;         472075;     156454011;            2;                 422382;                                     0,894735;         588;             140044658;           457;               111326284;                  434;                      106243268;              370;                   53677955;                                     0,505236;                         64;                             52565313;                                     0,494764;                  6;                      1577901;                                     0,014174;               17;                    3505115;                                     0,031485
       407;       545;         1;BR      ;30/10/2022 19:08:16;         472075;     156454011;           21;                 422403;                                     0,894779;        6825;             140051483;          5184;               111331468;                 4937;                      106248205;             2557;                   53680512;                                     0,505237;                       2380;                             52567693;                                     0,494763;                 59;                      1577960;                                     0,014174;              188;                    3505303;                                     0,031485
       407;       545;         1;BR      ;30/10/2022 19:08:17;         472075;     156454011;           88;                 422491;                                     0,894966;       30009;             140081492;         24632;               111356100;                23053;                      106271258;            15668;                   53696180;                                     0,505275;                       7385;                             52575078;                                     0,494725;                327;                      1578287;                                     0,014173;             1252;                    3506555;                                     0,031490
       407;       545;         1;BR      ;30/10/2022 19:08:19;         472075;     156454011;            3;                 422494;                                     0,894972;        1012;             140082504;           748;               111356848;                  713;                      106271971;              561;                   53696741;                                     0,505277;                        152;                             52575230;                                     0,494723;                  9;                      1578296;                                     0,014173;               26;                    3506581;                                     0,031490
       407;       545;         1;BR      ;30/10/2022 19:08:20;         472075;     156454011;           29;                 422523;                                     0,895034;       10405;             140092909;          7901;               111364749;                 7294;                      106279265;             4420;                   53701161;                                     0,505284;                       2874;                             52578104;                                     0,494716;                 99;                      1578395;                                     0,014173;              508;                    3507089;                                     0,031492
       407;       545;         1;BR      ;30/10/2022 19:08:21;         472075;     156454011;           51;                 422574;                                     0,895142;       16762;             140109671;         13815;               111378564;                13238;                      106292503;             6026;                   53707187;                                     0,505277;                       7212;                             52585316;                                     0,494723;                194;                      1578589;                                     0,014173;              383;                    3507472;                                     0,031491
       407;       545;         1;BR      ;30/10/2022 19:08:22;         472075;     156454011;           31;                 422605;                                     0,895207;       10322;             140119993;          8553;               111387117;                 8292;                      106300795;             2361;                   53709548;                                     0,505260;                       5931;                             52591247;                                     0,494740;                116;                      1578705;                                     0,014173;              145;                    3507617;                                     0,031490
       407;       545;         1;BR      ;30/10/2022 19:08:25;         472075;     156454011;           35;                 422640;                                     0,895281;       10639;             140130632;          8805;               111395922;                 8588;                      106309383;             2771;                   53712319;                                     0,505245;                       5817;                             52597064;                                     0,494755;                 89;                      1578794;                                     0,014173;              128;                    3507745;                                     0,031489
       407;       545;         1;BR      ;30/10/2022 19:08:26;         472075;     156454011;            9;                 422649;                                     0,895301;        2760;             140133392;          2360;               111398282;                 2313;                      106311696;              513;                   53712832;                                     0,505239;                       1800;                             52598864;                                     0,494761;                 13;                      1578807;                                     0,014173;               34;                    3507779;                                     0,031489
       407;       545;         1;BR      ;30/10/2022 19:08:56;         472075;     156454011;          107;                 422756;                                     0,895527;       31875;             140165267;         25491;               111423773;                24643;                      106336339;            15094;                   53727926;                                     0,505264;                       9549;                             52608413;                                     0,494736;                278;                      1579085;                                     0,014172;              570;                    3508349;                                     0,031487
       407;       545;         1;BR      ;30/10/2022 19:08:57;         472075;     156454011;          147;                 422903;                                     0,895839;       51705;             140216972;         41359;               111465132;                39485;                      106375824;            19924;                   53747850;                                     0,505264;                      19561;                             52627974;                                     0,494736;                674;                      1579759;                                     0,014173;             1200;                    3509549;                                     0,031486
       407;       545;         1;BR      ;30/10/2022 19:08:58;         472075;     156454011;          125;                 423028;                                     0,896103;       39150;             140256122;         31640;               111496772;                30488;                      106406312;            14962;                   53762812;                                     0,505260;                      15526;                             52643500;                                     0,494740;                381;                      1580140;                                     0,014172;              771;                    3510320;                                     0,031484
       407;       545;         1;BR      ;30/10/2022 19:08:59;         472075;     156454011;          139;                 423167;                                     0,896398;       52077;             140308199;         40602;               111537374;                38860;                      106445172;            17301;                   53780113;                                     0,505238;                      21559;                             52665059;                                     0,494762;                532;                      1580672;                                     0,014172;             1210;                    3511530;                                     0,031483
       407;       545;         1;BR      ;30/10/2022 19:09:00;         472075;     156454011;          159;                 423326;                                     0,896735;       53041;             140361240;         42443;               111579817;                40799;                      106485971;            19354;                   53799467;                                     0,505226;                      21445;                             52686504;                                     0,494774;                517;                      1581189;                                     0,014171;             1127;                    3512657;                                     0,031481
       407;       545;         1;BR      ;30/10/2022 19:09:01;         472075;     156454011;           92;                 423418;                                     0,896930;       28904;             140390144;         23946;               111603763;                22877;                      106508848;            12447;                   53811914;                                     0,505234;                      10430;                             52696934;                                     0,494766;                363;                      1581552;                                     0,014171;              706;                    3513363;                                     0,031481
       407;       545;         1;BR      ;30/10/2022 19:09:02;         472075;     156454011;           55;                 423473;                                     0,897046;       15775;             140405919;         12076;               111615839;                11704;                      106520552;             7667;                   53819581;                                     0,505251;                       4037;                             52700971;                                     0,494749;                119;                      1581671;                                     0,014171;              253;                    3513616;                                     0,031480
       407;       545;         1;BR      ;30/10/2022 19:09:03;         472075;     156454011;           10;                 423483;                                     0,897067;        3018;             140408937;          2064;               111617903;                 2011;                      106522563;             1555;                   53821136;                                     0,505256;                        456;                             52701427;                                     0,494744;                 15;                      1581686;                                     0,014171;               38;                    3513654;                                     0,031479
       407;       545;         1;BR      ;30/10/2022 19:09:04;         472075;     156454011;           20;                 423503;                                     0,897110;        5270;             140414207;          4187;               111622090;                 4074;                      106526637;             2817;                   53823953;                                     0,505263;                       1257;                             52702684;                                     0,494737;                 43;                      1581729;                                     0,014170;               70;                    3513724;                                     0,031479
       407;       545;         1;BR      ;30/10/2022 19:09:05;         472075;     156454011;          119;                 423622;                                     0,897362;       33557;             140447764;         25693;               111647783;                24979;                      106551616;            18350;                   53842303;                                     0,505317;                       6629;                             52709313;                                     0,494683;                226;                      1581955;                                     0,014169;              488;                    3514212;                                     0,031476
       407;       545;         1;BR      ;30/10/2022 19:09:06;         472075;     156454011;           63;                 423685;                                     0,897495;       18631;             140466395;         14376;               111662159;                14038;                      106565654;             9086;                   53851389;                                     0,505335;                       4952;                             52714265;                                     0,494665;                130;                      1582085;                                     0,014168;              208;                    3514420;                                     0,031474
       407;       545;         1;BR      ;30/10/2022 19:09:09;         472075;     156454011;            5;                 423690;                                     0,897506;        1175;             140467570;           852;               111663011;                  836;                      106566490;              462;                   53851851;                                     0,505336;                        374;                             52714639;                                     0,494664;                  5;                      1582090;                                     0,014168;               11;                    3514431;                                     0,031474
       407;       545;         1;BR      ;30/10/2022 19:09:10;         472075;     156454011;           70;                 423760;                                     0,897654;       23186;             140490756;         18151;               111681162;                17206;                      106583696;             7822;                   53859673;                                     0,505328;                       9384;                             52724023;                                     0,494672;                298;                      1582388;                                     0,014169;              647;                    3515078;                                     0,031474
       407;       545;         1;BR      ;30/10/2022 19:09:11;         472075;     156454011;          352;                 424112;                                     0,898400;      124448;             140615204;         99309;               111780471;                93073;                      106676769;            43363;                   53903036;                                     0,505293;                      49710;                             52773733;                                     0,494707;               1993;                      1584381;                                     0,014174;             4243;                    3519321;                                     0,031484
       407;       545;         1;BR      ;30/10/2022 19:09:12;         472075;     156454011;          158;                 424270;                                     0,898734;       53774;             140668978;         43917;               111824388;                41151;                      106717920;            18567;                   53921603;                                     0,505272;                      22584;                             52796317;                                     0,494728;                839;                      1585220;                                     0,014176;             1927;                    3521248;                                     0,031489
       407;       545;         1;BR      ;30/10/2022 19:09:13;         472075;     156454011;          126;                 424396;                                     0,899001;       43702;             140712680;         34049;               111858437;                32188;                      106750108;            13675;                   53935278;                                     0,505248;                      18513;                             52814830;                                     0,494752;                633;                      1585853;                                     0,014177;             1228;                    3522476;                                     0,031490
       407;       545;         1;BR      ;30/10/2022 19:09:14;         472075;     156454011;          113;                 424509;                                     0,899241;       39231;             140751911;         31097;               111889534;                29307;                      106779415;            13121;                   53948399;                                     0,505232;                      16186;                             52831016;                                     0,494768;                571;                      1586424;                                     0,014178;             1219;                    3523695;                                     0,031493
       407;       545;         1;BR      ;30/10/2022 19:09:17;         472075;     156454011;            8;                 424517;                                     0,899258;        2797;             140754708;          2138;               111891672;                 1977;                      106781392;             1573;                   53949972;                                     0,505238;                        404;                             52831420;                                     0,494762;                 20;                      1586444;                                     0,014178;              141;                    3523836;                                     0,031493
       407;       545;         1;BR      ;30/10/2022 19:09:18;         472075;     156454011;           72;                 424589;                                     0,899410;       23351;             140778059;         18608;               111910280;                17832;                      106799224;             8467;                   53958439;                                     0,505233;                       9365;                             52840785;                                     0,494767;                278;                      1586722;                                     0,014179;              498;                    3524334;                                     0,031492
       407;       545;         1;BR      ;30/10/2022 19:09:19;         472075;     156454011;           26;                 424615;                                     0,899465;        7533;             140785592;          6364;               111916644;                 6104;                      106805328;             2186;                   53960625;                                     0,505224;                       3918;                             52844703;                                     0,494776;                103;                      1586825;                                     0,014179;              157;                    3524491;                                     0,031492
       407;       545;         1;BR      ;30/10/2022 19:09:20;         472075;     156454011;           32;                 424647;                                     0,899533;        9985;             140795577;          7590;               111924234;                 7184;                      106812512;             4694;                   53965319;                                     0,505234;                       2490;                             52847193;                                     0,494766;                109;                      1586934;                                     0,014179;              297;                    3524788;                                     0,031493
       407;       545;         1;BR      ;30/10/2022 19:09:21;         472075;     156454011;           96;                 424743;                                     0,899736;       30365;             140825942;         24562;               111948796;                23068;                      106835580;            16617;                   53981936;                                     0,505281;                       6451;                             52853644;                                     0,494719;                337;                      1587271;                                     0,014179;             1157;                    3525945;                                     0,031496
       407;       545;         1;BR      ;30/10/2022 19:09:22;         472075;     156454011;           65;                 424808;                                     0,899874;       19366;             140845308;         14970;               111963766;                14133;                      106849713;            10548;                   53992484;                                     0,505312;                       3585;                             52857229;                                     0,494688;                195;                      1587466;                                     0,014178;              642;                    3526587;                                     0,031498
       407;       545;         1;BR      ;30/10/2022 19:09:23;         472075;     156454011;            1;                 424809;                                     0,899876;         258;             140845566;           188;               111963954;                  179;                      106849892;              157;                   53992641;                                     0,505313;                         22;                             52857251;                                     0,494687;                  1;                      1587467;                                     0,014178;                8;                    3526595;                                     0,031498
       407;       545;         1;BR      ;30/10/2022 19:09:24;         472075;     156454011;           13;                 424822;                                     0,899904;        4112;             140849678;          2986;               111966940;                 2913;                      106852805;              862;                   53993503;                                     0,505307;                       2051;                             52859302;                                     0,494693;                 19;                      1587486;                                     0,014178;               54;                    3526649;                                     0,031497
       407;       545;         1;BR      ;30/10/2022 19:09:25;         472075;     156454011;           31;                 424853;                                     0,899969;       10657;             140860335;          8907;               111975847;                 8330;                      106861135;             5252;                   53998755;                                     0,505317;                       3078;                             52862380;                                     0,494683;                117;                      1587603;                                     0,014178;              460;                    3527109;                                     0,031499
       407;       545;         1;BR      ;30/10/2022 19:09:26;         472075;     156454011;           28;                 424881;                                     0,900029;        9454;             140869789;          7750;               111983597;                 7270;                      106868405;             5518;                   54004273;                                     0,505334;                       1752;                             52864132;                                     0,494666;                 82;                      1587685;                                     0,014178;              398;                    3527507;                                     0,031500
       407;       545;         1;BR      ;30/10/2022 19:09:27;         472075;     156454011;           67;                 424948;                                     0,900171;       22720;             140892509;         19146;               112002743;                17935;                      106886340;            11905;                   54016178;                                     0,505361;                       6030;                             52870162;                                     0,494639;                263;                      1587948;                                     0,014178;              948;                    3528455;                                     0,031503
       407;       545;         1;BR      ;30/10/2022 19:09:28;         472075;     156454011;           48;                 424996;                                     0,900272;       17111;             140909620;         14538;               112017281;                13563;                      106899903;             8223;                   54024401;                                     0,505374;                       5340;                             52875502;                                     0,494626;                193;                      1588141;                                     0,014178;              782;                    3529237;                                     0,031506
       407;       545;         1;BR      ;30/10/2022 19:09:29;         472075;     156454011;           57;                 425053;                                     0,900393;       20128;             140929748;         15952;               112033233;                14826;                      106914729;             7726;                   54032127;                                     0,505376;                       7100;                             52882602;                                     0,494624;                226;                      1588367;                                     0,014178;              900;                    3530137;                                     0,031510
       407;       545;         1;BR      ;30/10/2022 19:09:30;         472075;     156454011;           76;                 425129;                                     0,900554;       27027;             140956775;         21988;               112055221;                21167;                      106935896;             8183;                   54040310;                                     0,505352;                      12984;                             52895586;                                     0,494648;                273;                      1588640;                                     0,014177;              548;                    3530685;                                     0,031508
       407;       545;         1;BR      ;30/10/2022 19:09:31;         472075;     156454011;           74;                 425203;                                     0,900711;       24697;             140981472;         20275;               112075496;                19670;                      106955566;             5850;                   54046160;                                     0,505314;                      13820;                             52909406;                                     0,494686;                235;                      1588875;                                     0,014177;              370;                    3531055;                                     0,031506
       407;       545;         1;BR      ;30/10/2022 19:09:32;         472075;     156454011;            2;                 425205;                                     0,900715;         727;             140982199;           674;               112076170;                  651;                      106956217;               94;                   54046254;                                     0,505312;                        557;                             52909963;                                     0,494688;                  8;                      1588883;                                     0,014177;               15;                    3531070;                                     0,031506
       407;       545;         1;BR      ;30/10/2022 19:09:33;         472075;     156454011;            1;                 425206;                                     0,900717;         385;             140982584;           308;               112076478;                  294;                      106956511;               66;                   54046320;                                     0,505311;                        228;                             52910191;                                     0,494689;                  6;                      1588889;                                     0,014177;                8;                    3531078;                                     0,031506
       407;       545;         1;BR      ;30/10/2022 19:09:34;         472075;     156454011;            8;                 425214;                                     0,900734;        2827;             140985411;          2176;               112078654;                 2085;                      106958596;             1139;                   54047459;                                     0,505312;                        946;                             52911137;                                     0,494688;                 26;                      1588915;                                     0,014177;               65;                    3531143;                                     0,031506
       407;       545;         1;BR      ;30/10/2022 19:09:35;         472075;     156454011;            3;                 425217;                                     0,900740;         874;             140986285;           737;               112079391;                  713;                      106959309;              322;                   54047781;                                     0,505312;                        391;                             52911528;                                     0,494688;                  9;                      1588924;                                     0,014177;               15;                    3531158;                                     0,031506
       407;       545;         1;BR      ;30/10/2022 19:09:36;         472075;     156454011;            5;                 425222;                                     0,900751;        1472;             140987757;          1191;               112080582;                 1165;                      106960474;              575;                   54048356;                                     0,505311;                        590;                             52912118;                                     0,494689;                 13;                      1588937;                                     0,014177;               13;                    3531171;                                     0,031506
       407;       545;         1;BR      ;30/10/2022 19:09:37;         472075;     156454011;           12;                 425234;                                     0,900776;        3436;             140991193;          2933;               112083515;                 2856;                      106963330;              650;                   54049006;                                     0,505304;                       2206;                             52914324;                                     0,494696;                 24;                      1588961;                                     0,014177;               53;                    3531224;                                     0,031505
       407;       545;         1;BR      ;30/10/2022 19:10:03;         472075;     156454011;           77;                 425311;                                     0,900939;       21690;             141012883;         17373;               112100888;                16690;                      106980020;            12320;                   54061326;                                     0,505340;                       4370;                             52918694;                                     0,494660;                194;                      1589155;                                     0,014176;              489;                    3531713;                                     0,031505
       407;       545;         1;BR      ;30/10/2022 19:10:04;         472075;     156454011;           68;                 425379;                                     0,901084;       22084;             141034967;         17692;               112118580;                16953;                      106996973;             9417;                   54070743;                                     0,505348;                       7536;                             52926230;                                     0,494652;                246;                      1589401;                                     0,014176;              493;                    3532206;                                     0,031504
       407;       545;         1;BR      ;30/10/2022 19:10:05;         472075;     156454011;           31;                 425410;                                     0,901149;        9476;             141044443;          7690;               112126270;                 7436;                      107004409;             3185;                   54073928;                                     0,505343;                       4251;                             52930481;                                     0,494657;                120;                      1589521;                                     0,014176;              134;                    3532340;                                     0,031503
       407;       545;         1;BR      ;30/10/2022 19:10:06;         472075;     156454011;          148;                 425558;                                     0,901463;       54308;             141098751;         42788;               112169058;                41027;                      107045436;            20025;                   54093953;                                     0,505336;                      21002;                             52951483;                                     0,494664;                519;                      1590040;                                     0,014175;             1242;                    3533582;                                     0,031502
       407;       545;         1;BR      ;30/10/2022 19:10:07;         472075;     156454011;          204;                 425762;                                     0,901895;       74647;             141173398;         59350;               112228408;                56886;                      107102322;            25175;                   54119128;                                     0,505303;                      31711;                             52983194;                                     0,494697;                817;                      1590857;                                     0,014175;             1647;                    3535229;                                     0,031500
       407;       545;         1;BR      ;30/10/2022 19:10:08;         472075;     156454011;          173;                 425935;                                     0,902261;       53524;             141226922;         42799;               112271207;                41041;                      107143363;            20371;                   54139499;                                     0,505300;                      20670;                             53003864;                                     0,494700;                605;                      1591462;                                     0,014175;             1153;                    3536382;                                     0,031499
       407;       545;         1;BR      ;30/10/2022 19:10:09;         472075;     156454011;           94;                 426029;                                     0,902460;       29558;             141256480;         23403;               112294610;                22473;                      107165836;            11269;                   54150768;                                     0,505299;                      11204;                             53015068;                                     0,494701;                322;                      1591784;                                     0,014175;              608;                    3536990;                                     0,031497
       407;       545;         1;BR      ;30/10/2022 19:10:10;         472075;     156454011;           83;                 426112;                                     0,902636;       25440;             141281920;         21185;               112315795;                20421;                      107186257;            12455;                   54163223;                                     0,505319;                       7966;                             53023034;                                     0,494681;                264;                      1592048;                                     0,014175;              500;                    3537490;                                     0,031496
       407;       545;         1;BR      ;30/10/2022 19:10:11;         472075;     156454011;           69;                 426181;                                     0,902782;       20098;             141302018;         16145;               112331940;                15574;                      107201831;             9692;                   54172915;                                     0,505336;                       5882;                             53028916;                                     0,494664;                205;                      1592253;                                     0,014175;              366;                    3537856;                                     0,031495
       407;       545;         1;BR      ;30/10/2022 19:10:12;         472075;     156454011;          138;                 426319;                                     0,903075;       41432;             141343450;         32965;               112364905;                32016;                      107233847;            18036;                   54190951;                                     0,505353;                      13980;                             53042896;                                     0,494647;                328;                      1592581;                                     0,014173;              621;                    3538477;                                     0,031491
       407;       545;         1;BR      ;30/10/2022 19:10:13;         472075;     156454011;           70;                 426389;                                     0,903223;       20394;             141363844;         15372;               112380277;                14939;                      107248786;            11538;                   54202489;                                     0,505390;                       3401;                             53046297;                                     0,494610;                136;                      1592717;                                     0,014173;              297;                    3538774;                                     0,031489
       407;       545;         1;BR      ;30/10/2022 19:10:14;         472075;     156454011;           55;                 426444;                                     0,903340;       14683;             141378527;         10932;               112391209;                10666;                      107259452;             7908;                   54210397;                                     0,505414;                       2758;                             53049055;                                     0,494586;                 84;                      1592801;                                     0,014172;              182;                    3538956;                                     0,031488
       407;       545;         1;BR      ;30/10/2022 19:10:15;         472075;     156454011;           75;                 426519;                                     0,903498;       22269;             141400796;         17247;               112408456;                16660;                      107276112;            10029;                   54220426;                                     0,505429;                       6631;                             53055686;                                     0,494571;                196;                      1592997;                                     0,014172;              391;                    3539347;                                     0,031486
       407;       545;         1;BR      ;30/10/2022 19:10:16;         472075;     156454011;          167;                 426686;                                     0,903852;       59279;             141460075;         47527;               112455983;                44790;                      107320902;            17249;                   54237675;                                     0,505378;                      27541;                             53083227;                                     0,494622;                903;                      1593900;                                     0,014174;             1834;                    3541181;                                     0,031489
       407;       545;         1;BR      ;30/10/2022 19:10:17;         472075;     156454011;          278;                 426964;                                     0,904441;       98350;             141558425;         77593;               112533576;                72428;                      107393330;            38528;                   54276203;                                     0,505396;                      33900;                             53117127;                                     0,494604;               1560;                      1595460;                                     0,014178;             3605;                    3544786;                                     0,031500
       407;       545;         1;BR      ;30/10/2022 19:10:18;         472075;     156454011;           13;                 426977;                                     0,904469;        4480;             141562905;          3553;               112537129;                 3342;                      107396672;             1506;                   54277709;                                     0,505395;                       1836;                             53118963;                                     0,494605;                 71;                      1595531;                                     0,014178;              140;                    3544926;                                     0,031500
       407;       545;         1;BR      ;30/10/2022 19:10:19;         472075;     156454011;          153;                 427130;                                     0,904793;       51733;             141614638;         41165;               112578294;                38684;                      107435356;            18525;                   54296234;                                     0,505385;                      20159;                             53139122;                                     0,494615;                775;                      1596306;                                     0,014180;             1706;                    3546632;                                     0,031504
       407;       545;         1;BR      ;30/10/2022 19:10:20;         472075;     156454011;          204;                 427334;                                     0,905225;       71396;             141686034;         56197;               112634491;                52980;                      107488336;            23913;                   54320147;                                     0,505359;                      29067;                             53168189;                                     0,494641;               1039;                      1597345;                                     0,014182;             2178;                    3548810;                                     0,031507
       407;       545;         1;BR      ;30/10/2022 19:10:21;         472075;     156454011;           37;                 427371;                                     0,905303;       12006;             141698040;          9353;               112643844;                 8810;                      107497146;             3560;                   54323707;                                     0,505350;                       5250;                             53173439;                                     0,494650;                183;                      1597528;                                     0,014182;              360;                    3549170;                                     0,031508
       407;       545;         1;BR      ;30/10/2022 19:10:24;         472075;     156454011;            9;                 427380;                                     0,905322;        2701;             141700741;          2122;               112645966;                 2014;                      107499160;             1411;                   54325118;                                     0,505354;                        603;                             53174042;                                     0,494646;                 34;                      1597562;                                     0,014182;               74;                    3549244;                                     0,031508
       407;       545;         1;BR      ;30/10/2022 19:10:25;         472075;     156454011;           23;                 427403;                                     0,905371;        6782;             141707523;          5359;               112651325;                 5088;                      107504248;             2529;                   54327647;                                     0,505353;                       2559;                             53176601;                                     0,494647;                114;                      1597676;                                     0,014182;              157;                    3549401;                                     0,031508
       407;       545;         1;BR      ;30/10/2022 19:10:26;         472075;     156454011;           37;                 427440;                                     0,905449;       10579;             141718102;          8828;               112660153;                 8440;                      107512688;             3219;                   54330866;                                     0,505344;                       5221;                             53181822;                                     0,494656;                161;                      1597837;                                     0,014183;              227;                    3549628;                                     0,031507
       407;       545;         1;BR      ;30/10/2022 19:10:27;         472075;     156454011;           16;                 427456;                                     0,905483;        3677;             141721779;          3125;               112663278;                 2983;                      107515671;             1418;                   54332284;                                     0,505343;                       1565;                             53183387;                                     0,494657;                 51;                      1597888;                                     0,014183;               91;                    3549719;                                     0,031507
       407;       545;         1;BR      ;30/10/2022 19:10:28;         472075;     156454011;           74;                 427530;                                     0,905640;       26868;             141748647;         21774;               112685052;                20572;                      107536243;            13688;                   54345972;                                     0,505374;                       6884;                             53190271;                                     0,494626;                299;                      1598187;                                     0,014183;              903;                    3550622;                                     0,031509
       407;       545;         1;BR      ;30/10/2022 19:10:29;         472075;     156454011;           54;                 427584;                                     0,905754;       17488;             141766135;         13767;               112698819;                12909;                      107549152;             9809;                   54355781;                                     0,505404;                       3100;                             53193371;                                     0,494596;                185;                      1598372;                                     0,014183;              673;                    3551295;                                     0,031511
       407;       545;         1;BR      ;30/10/2022 19:10:30;         472075;     156454011;           37;                 427621;                                     0,905833;       11160;             141777295;          8804;               112707623;                 8353;                      107557505;             6252;                   54362033;                                     0,505423;                       2101;                             53195472;                                     0,494577;                119;                      1598491;                                     0,014183;              332;                    3551627;                                     0,031512
       407;       545;         1;BR      ;30/10/2022 19:10:31;         472075;     156454011;            4;                 427625;                                     0,905841;        1067;             141778362;           830;               112708453;                  775;                      107558280;              613;                   54362646;                                     0,505425;                        162;                             53195634;                                     0,494575;                 13;                      1598504;                                     0,014183;               42;                    3551669;                                     0,031512
       407;       545;         1;BR      ;30/10/2022 19:10:32;         472075;     156454011;            4;                 427629;                                     0,905850;        1293;             141779655;          1011;               112709464;                  973;                      107559253;              681;                   54363327;                                     0,505427;                        292;                             53195926;                                     0,494573;                 16;                      1598520;                                     0,014183;               22;                    3551691;                                     0,031512
       407;       545;         1;BR      ;30/10/2022 19:10:33;         472075;     156454011;           60;                 427689;                                     0,905977;       20891;             141800546;         17174;               112726638;                16233;                      107575486;             9471;                   54372798;                                     0,505439;                       6762;                             53202688;                                     0,494561;                202;                      1598722;                                     0,014182;              739;                    3552430;                                     0,031514
       407;       545;         1;BR      ;30/10/2022 19:10:34;         472075;     156454011;          113;                 427802;                                     0,906216;       38323;             141838869;         32513;               112759151;                30394;                      107605880;            19070;                   54391868;                                     0,505473;                      11324;                             53214012;                                     0,494527;                413;                      1599135;                                     0,014182;             1706;                    3554136;                                     0,031520
       407;       545;         1;BR      ;30/10/2022 19:10:35;         472075;     156454011;            5;                 427807;                                     0,906227;        1382;             141840251;          1044;               112760195;                  957;                      107606837;              789;                   54392657;                                     0,505476;                        168;                             53214180;                                     0,494524;                 12;                      1599147;                                     0,014182;               75;                    3554211;                                     0,031520
       407;       545;         1;BR      ;30/10/2022 19:10:36;         472075;     156454011;           97;                 427904;                                     0,906432;       33019;             141873270;         25986;               112786181;                24341;                      107631178;            14470;                   54407127;                                     0,505496;                       9871;                             53224051;                                     0,494504;                347;                      1599494;                                     0,014182;             1298;                    3555509;                                     0,031524
       407;       545;         1;BR      ;30/10/2022 19:10:37;         472075;     156454011;           83;                 427987;                                     0,906608;       29415;             141902685;         24301;               112810482;                23513;                      107654691;             7223;                   54414350;                                     0,505453;                      16290;                             53240341;                                     0,494547;                295;                      1599789;                                     0,014181;              493;                    3556002;                                     0,031522
       407;       545;         1;BR      ;30/10/2022 19:10:38;         472075;     156454011;           32;                 428019;                                     0,906676;       11238;             141913923;          9218;               112819700;                 8898;                      107663589;             2831;                   54417181;                                     0,505437;                       6067;                             53246408;                                     0,494563;                111;                      1599900;                                     0,014181;              209;                    3556211;                                     0,031521
       407;       545;         1;BR      ;30/10/2022 19:10:39;         472075;     156454011;           10;                 428029;                                     0,906697;        3012;             141916935;          2496;               112822196;                 2398;                      107665987;             1318;                   54418499;                                     0,505438;                       1080;                             53247488;                                     0,494562;                 25;                      1599925;                                     0,014181;               73;                    3556284;                                     0,031521
       407;       545;         1;BR      ;30/10/2022 19:10:40;         472075;     156454011;           19;                 428048;                                     0,906737;        6134;             141923069;          5151;               112827347;                 4994;                      107670981;             1649;                   54420148;                                     0,505430;                       3345;                             53250833;                                     0,494570;                 69;                      1599994;                                     0,014181;               88;                    3556372;                                     0,031520
       407;       545;         1;BR      ;30/10/2022 19:10:41;         472075;     156454011;            2;                 428050;                                     0,906742;         534;             141923603;           489;               112827836;                  483;                      107671464;               68;                   54420216;                                     0,505428;                        415;                             53251248;                                     0,494572;                  3;                      1599997;                                     0,014181;                3;                    3556375;                                     0,031520
       407;       545;         1;BR      ;30/10/2022 19:10:42;         472075;     156454011;            6;                 428056;                                     0,906754;        1997;             141925600;          1595;               112829431;                 1547;                      107673011;              810;                   54421026;                                     0,505429;                        737;                             53251985;                                     0,494571;                 19;                      1600016;                                     0,014181;               29;                    3556404;                                     0,031520
       407;       545;         1;BR      ;30/10/2022 19:10:44;         472075;     156454011;            5;                 428061;                                     0,906765;        1529;             141927129;          1207;               112830638;                 1145;                      107674156;              987;                   54422013;                                     0,505432;                        158;                             53252143;                                     0,494568;                 20;                      1600036;                                     0,014181;               42;                    3556446;                                     0,031520
       407;       545;         1;BR      ;30/10/2022 19:10:46;         472075;     156454011;            3;                 428064;                                     0,906771;        1077;             141928206;           872;               112831510;                  834;                      107674990;              273;                   54422286;                                     0,505431;                        561;                             53252704;                                     0,494569;                 18;                      1600054;                                     0,014181;               20;                    3556466;                                     0,031520
       407;       545;         1;BR      ;30/10/2022 19:10:47;         472075;     156454011;            1;                 428065;                                     0,906773;         200;             141928406;           169;               112831679;                  166;                      107675156;              144;                   54422430;                                     0,505432;                         22;                             53252726;                                     0,494568;                  1;                      1600055;                                     0,014181;                2;                    3556468;                                     0,031520
       407;       545;         1;BR      ;30/10/2022 19:11:09;         472075;     156454011;           30;                 428095;                                     0,906837;       10461;             141938867;          8064;               112839743;                 7559;                      107682715;             3919;                   54426349;                                     0,505433;                       3640;                             53256366;                                     0,494567;                 86;                      1600141;                                     0,014181;              419;                    3556887;                                     0,031522
       407;       545;         1;BR      ;30/10/2022 19:11:10;         472075;     156454011;          123;                 428218;                                     0,907097;       38449;             141977316;         30351;               112870094;                29127;                      107711842;            15159;                   54441508;                                     0,505437;                      13968;                             53270334;                                     0,494563;                410;                      1600551;                                     0,014180;              814;                    3557701;                                     0,031520
       407;       545;         1;BR      ;30/10/2022 19:11:11;         472075;     156454011;          120;                 428338;                                     0,907352;       42464;             142019780;         33469;               112903563;                32172;                      107744014;            15242;                   54456750;                                     0,505427;                      16930;                             53287264;                                     0,494573;                472;                      1601023;                                     0,014180;              825;                    3558526;                                     0,031518
       407;       545;         1;BR      ;30/10/2022 19:11:12;         472075;     156454011;          125;                 428463;                                     0,907616;       44466;             142064246;         35701;               112939264;                34162;                      107778176;            16818;                   54473568;                                     0,505423;                      17344;                             53304608;                                     0,494577;                499;                      1601522;                                     0,014180;             1040;                    3559566;                                     0,031518
       407;       545;         1;BR      ;30/10/2022 19:11:13;         472075;     156454011;          100;                 428563;                                     0,907828;       31753;             142095999;         24708;               112963972;                23667;                      107801843;            11215;                   54484783;                                     0,505416;                      12452;                             53317060;                                     0,494584;                367;                      1601889;                                     0,014181;              674;                    3560240;                                     0,031517
       407;       545;         1;BR      ;30/10/2022 19:11:14;         472075;     156454011;           38;                 428601;                                     0,907909;       10253;             142106252;          7829;               112971801;                 7479;                      107809322;             5469;                   54490252;                                     0,505432;                       2010;                             53319070;                                     0,494568;                 96;                      1601985;                                     0,014180;              254;                    3560494;                                     0,031517
       407;       545;         1;BR      ;30/10/2022 19:11:15;         472075;     156454011;           41;                 428642;                                     0,907996;       12195;             142118447;         10054;               112981855;                 9736;                      107819058;             6838;                   54497090;                                     0,505450;                       2898;                             53321968;                                     0,494550;                111;                      1602096;                                     0,014180;              207;                    3560701;                                     0,031516
       407;       545;         1;BR      ;30/10/2022 19:11:16;         472075;     156454011;           71;                 428713;                                     0,908146;       21185;             142139632;         17429;               112999284;                16802;                      107835860;            11090;                   54508180;                                     0,505474;                       5712;                             53327680;                                     0,494526;                207;                      1602303;                                     0,014180;              420;                    3561121;                                     0,031515
       407;       545;         1;BR      ;30/10/2022 19:11:17;         472075;     156454011;           67;                 428780;                                     0,908288;       18495;             142158127;         14880;               113014164;                14395;                      107850255;            10515;                   54518695;                                     0,505504;                       3880;                             53331560;                                     0,494496;                122;                      1602425;                                     0,014179;              363;                    3561484;                                     0,031514
       407;       545;         1;BR      ;30/10/2022 19:11:18;         472075;     156454011;           75;                 428855;                                     0,908447;       22921;             142181048;         17178;               113031342;                16798;                      107867053;            12157;                   54530852;                                     0,505538;                       4641;                             53336201;                                     0,494462;                135;                      1602560;                                     0,014178;              245;                    3561729;                                     0,031511
       407;       545;         1;BR      ;30/10/2022 19:11:19;         472075;     156454011;           34;                 428889;                                     0,908519;       11331;             142192379;          9030;               113040372;                 8522;                      107875575;             3407;                   54534259;                                     0,505529;                       5115;                             53341316;                                     0,494471;                157;                      1602717;                                     0,014178;              351;                    3562080;                                     0,031512
       407;       545;         1;BR      ;30/10/2022 19:11:20;         472075;     156454011;          204;                 429093;                                     0,908951;       70210;             142262589;         55767;               113096139;                52358;                      107927933;            27784;                   54562043;                                     0,505541;                      24574;                             53365890;                                     0,494459;               1046;                      1603763;                                     0,014181;             2363;                    3564443;                                     0,031517
       407;       545;         1;BR      ;30/10/2022 19:11:21;         472075;     156454011;          140;                 429233;                                     0,909247;       47401;             142309990;         38042;               113134181;                35799;                      107963732;            16668;                   54578711;                                     0,505528;                      19131;                             53385021;                                     0,494472;                749;                      1604512;                                     0,014182;             1494;                    3565937;                                     0,031520
       407;       545;         1;BR      ;30/10/2022 19:11:22;         472075;     156454011;          119;                 429352;                                     0,909500;       40861;             142350851;         32638;               113166819;                30827;                      107994559;            13854;                   54592565;                                     0,505512;                      16973;                             53401994;                                     0,494488;                619;                      1605131;                                     0,014184;             1192;                    3567129;                                     0,031521
       407;       545;         1;BR      ;30/10/2022 19:11:23;         472075;     156454011;            2;                 429354;                                     0,909504;         672;             142351523;           556;               113167375;                  530;                      107995089;              282;                   54592847;                                     0,505512;                        248;                             53402242;                                     0,494488;                  6;                      1605137;                                     0,014184;               20;                    3567149;                                     0,031521
       407;       545;         1;BR      ;30/10/2022 19:11:25;         472075;     156454011;            2;                 429356;                                     0,909508;         579;             142352102;           482;               113167857;                  437;                      107995526;              275;                   54593122;                                     0,505513;                        162;                             53402404;                                     0,494487;                 10;                      1605147;                                     0,014184;               35;                    3567184;                                     0,031521
       407;       545;         1;BR      ;30/10/2022 19:11:26;         472075;     156454011;           36;                 429392;                                     0,909584;       10966;             142363068;          8839;               113176696;                 8473;                      108003999;             4159;                   54597281;                                     0,505512;                       4314;                             53406718;                                     0,494488;                158;                      1605305;                                     0,014184;              208;                    3567392;                                     0,031521
       407;       545;         1;BR      ;30/10/2022 19:11:29;         472075;     156454011;           12;                 429404;                                     0,909610;        2845;             142365913;          2246;               113178942;                 2127;                      108006126;             1416;                   54598697;                                     0,505515;                        711;                             53407429;                                     0,494485;                 34;                      1605339;                                     0,014184;               85;                    3567477;                                     0,031521
       407;       545;         1;BR      ;30/10/2022 19:11:30;         472075;     156454011;           79;                 429483;                                     0,909777;       27092;             142393005;         21469;               113200411;                20326;                      108026452;            13817;                   54612514;                                     0,505548;                       6509;                             53413938;                                     0,494452;                303;                      1605642;                                     0,014184;              840;                    3568317;                                     0,031522
       407;       545;         1;BR      ;30/10/2022 19:11:31;         472075;     156454011;           40;                 429523;                                     0,909862;       12309;             142405314;          9623;               113210034;                 9064;                      108035516;             6410;                   54618924;                                     0,505565;                       2654;                             53416592;                                     0,494435;                128;                      1605770;                                     0,014184;              431;                    3568748;                                     0,031523
       407;       545;         1;BR      ;30/10/2022 19:11:32;         472075;     156454011;            4;                 429527;                                     0,909870;        1193;             142406507;           924;               113210958;                  905;                      108036421;              234;                   54619158;                                     0,505562;                        671;                             53417263;                                     0,494438;                  9;                      1605779;                                     0,014184;               10;                    3568758;                                     0,031523
       407;       545;         1;BR      ;30/10/2022 19:11:33;         472075;     156454011;           45;                 429572;                                     0,909966;       14422;             142420929;         11748;               113222706;                11027;                      108047448;             7520;                   54626678;                                     0,505580;                       3507;                             53420770;                                     0,494420;                149;                      1605928;                                     0,014184;              572;                    3569330;                                     0,031525
       407;       545;         1;BR      ;30/10/2022 19:11:34;         472075;     156454011;           37;                 429609;                                     0,910044;       12709;             142433638;         10762;               113233468;                10016;                      108057464;             6784;                   54633462;                                     0,505596;                       3232;                             53424002;                                     0,494404;                152;                      1606080;                                     0,014184;              594;                    3569924;                                     0,031527
       407;       545;         1;BR      ;30/10/2022 19:11:35;         472075;     156454011;            6;                 429615;                                     0,910057;        1884;             142435522;          1359;               113234827;                 1270;                      108058734;             1049;                   54634511;                                     0,505600;                        221;                             53424223;                                     0,494400;                 21;                      1606101;                                     0,014184;               68;                    3569992;                                     0,031527
       407;       545;         1;BR      ;30/10/2022 19:11:36;         472075;     156454011;           18;                 429633;                                     0,910095;        5552;             142441074;          4521;               113239348;                 4331;                      108063065;             2286;                   54636797;                                     0,505601;                       2045;                             53426268;                                     0,494399;                 59;                      1606160;                                     0,014184;              131;                    3570123;                                     0,031527
       407;       545;         1;BR      ;30/10/2022 19:11:37;         472075;     156454011;           53;                 429686;                                     0,910207;       16563;             142457637;         13558;               113252906;                13115;                      108076180;             4961;                   54641758;                                     0,505586;                       8154;                             53434422;                                     0,494414;                171;                      1606331;                                     0,014184;              272;                    3570395;                                     0,031526
       407;       545;         1;BR      ;30/10/2022 19:11:38;         472075;     156454011;            7;                 429693;                                     0,910222;        2331;             142459968;          1881;               113254787;                 1817;                      108077997;              542;                   54642300;                                     0,505582;                       1275;                             53435697;                                     0,494418;                 31;                      1606362;                                     0,014184;               33;                    3570428;                                     0,031526
       407;       545;         1;BR      ;30/10/2022 19:11:43;         472075;     156454011;            6;                 429699;                                     0,910235;        2282;             142462250;          1823;               113256610;                 1764;                      108079761;              419;                   54642719;                                     0,505578;                       1345;                             53437042;                                     0,494422;                 14;                      1606376;                                     0,014184;               45;                    3570473;                                     0,031526
       407;       545;         1;BR      ;30/10/2022 19:12:15;         472075;     156454011;           46;                 429745;                                     0,910332;       13314;             142475564;         10136;               113266746;                 9710;                      108089471;             6915;                   54649634;                                     0,505596;                       2795;                             53439837;                                     0,494404;                 95;                      1606471;                                     0,014183;              331;                    3570804;                                     0,031526
       407;       545;         1;BR      ;30/10/2022 19:12:16;         472075;     156454011;          132;                 429877;                                     0,910612;       45892;             142521456;         35998;               113302744;                34545;                      108124016;            16952;                   54666586;                                     0,505592;                      17593;                             53457430;                                     0,494408;                507;                      1606978;                                     0,014183;              946;                    3571750;                                     0,031524
       407;       545;         1;BR      ;30/10/2022 19:12:17;         472075;     156454011;          129;                 430006;                                     0,910885;       41718;             142563174;         33632;               113336376;                32395;                      108156411;            15898;                   54682484;                                     0,505587;                      16497;                             53473927;                                     0,494413;                450;                      1607428;                                     0,014183;              787;                    3572537;                                     0,031522
       407;       545;         1;BR      ;30/10/2022 19:12:18;         472075;     156454011;          157;                 430163;                                     0,911217;       57100;             142620274;         44673;               113381049;                42929;                      108199340;            19094;                   54701578;                                     0,505563;                      23835;                             53497762;                                     0,494437;                550;                      1607978;                                     0,014182;             1194;                    3573731;                                     0,031520
       407;       545;         1;BR      ;30/10/2022 19:12:19;         472075;     156454011;          134;                 430297;                                     0,911501;       43141;             142663415;         34839;               113415888;                33490;                      108232830;            18594;                   54720172;                                     0,505578;                      14896;                             53512658;                                     0,494422;                435;                      1608413;                                     0,014182;              914;                    3574645;                                     0,031518
       407;       545;         1;BR      ;30/10/2022 19:12:20;         472075;     156454011;           47;                 430344;                                     0,911601;       14125;             142677540;         11935;               113427823;                11526;                      108244356;             8127;                   54728299;                                     0,505600;                       3399;                             53516057;                                     0,494400;                143;                      1608556;                                     0,014181;              266;                    3574911;                                     0,031517
       407;       545;         1;BR      ;30/10/2022 19:12:21;         472075;     156454011;            9;                 430353;                                     0,911620;        2269;             142679809;          1817;               113429640;                 1752;                      108246108;             1312;                   54729611;                                     0,505603;                        440;                             53516497;                                     0,494397;                 16;                      1608572;                                     0,014181;               49;                    3574960;                                     0,031517
       407;       545;         1;BR      ;30/10/2022 19:12:22;         472075;     156454011;            8;                 430361;                                     0,911637;        2344;             142682153;          1935;               113431575;                 1877;                      108247985;             1262;                   54730873;                                     0,505606;                        615;                             53517112;                                     0,494394;                 22;                      1608594;                                     0,014181;               36;                    3574996;                                     0,031517
       407;       545;         1;BR      ;30/10/2022 19:12:23;         472075;     156454011;           66;                 430427;                                     0,911777;       19098;             142701251;         15193;               113446768;                14699;                      108262684;             9719;                   54740592;                                     0,505628;                       4980;                             53522092;                                     0,494372;                165;                      1608759;                                     0,014181;              329;                    3575325;                                     0,031515
       407;       545;         1;BR      ;30/10/2022 19:12:24;         472075;     156454011;           59;                 430486;                                     0,911902;       17426;             142718677;         13820;               113460588;                13400;                      108276084;            10046;                   54750638;                                     0,505658;                       3354;                             53525446;                                     0,494342;                116;                      1608875;                                     0,014180;              304;                    3575629;                                     0,031514
       407;       545;         1;BR      ;30/10/2022 19:12:25;         472075;     156454011;           20;                 430506;                                     0,911944;        6293;             142724970;          4732;               113465320;                 4589;                      108280673;             3437;                   54754075;                                     0,505668;                       1152;                             53526598;                                     0,494332;                 37;                      1608912;                                     0,014180;              106;                    3575735;                                     0,031514
       407;       545;         1;BR      ;30/10/2022 19:12:26;         472075;     156454011;           11;                 430517;                                     0,911967;        2801;             142727771;          2198;               113467518;                 2135;                      108282808;             1771;                   54755846;                                     0,505674;                        364;                             53526962;                                     0,494326;                 23;                      1608935;                                     0,014180;               40;                    3575775;                                     0,031514
       407;       545;         1;BR      ;30/10/2022 19:12:27;         472075;     156454011;           49;                 430566;                                     0,912071;       14850;             142742621;         10753;               113478271;                10531;                      108293339;             7138;                   54762984;                                     0,505691;                       3393;                             53530355;                                     0,494309;                 89;                      1609024;                                     0,014179;              133;                    3575908;                                     0,031512
       407;       545;         1;BR      ;30/10/2022 19:12:28;         472075;     156454011;          175;                 430741;                                     0,912442;       60683;             142803304;         47965;               113526236;                44806;                      108338145;            22674;                   54785658;                                     0,505691;                      22132;                             53552487;                                     0,494309;                949;                      1609973;                                     0,014182;             2210;                    3578118;                                     0,031518
       407;       545;         1;BR      ;30/10/2022 19:12:29;         472075;     156454011;          108;                 430849;                                     0,912671;       36636;             142839940;         29090;               113555326;                27423;                      108365568;            12123;                   54797781;                                     0,505675;                      15300;                             53567787;                                     0,494325;                501;                      1610474;                                     0,014182;             1166;                    3579284;                                     0,031520
       407;       545;         1;BR      ;30/10/2022 19:12:30;         472075;     156454011;           74;                 430923;                                     0,912827;       24711;             142864651;         20169;               113575495;                18901;                      108384469;             8679;                   54806460;                                     0,505667;                      10222;                             53578009;                                     0,494333;                400;                      1610874;                                     0,014183;              868;                    3580152;                                     0,031522
       407;       545;         1;BR      ;30/10/2022 19:12:31;         472075;     156454011;           88;                 431011;                                     0,913014;       29919;             142894570;         23690;               113599185;                22502;                      108406971;            10948;                   54817408;                                     0,505663;                      11554;                             53589563;                                     0,494337;                435;                      1611309;                                     0,014184;              753;                    3580905;                                     0,031522
       407;       545;         1;BR      ;30/10/2022 19:12:32;         472075;     156454011;           87;                 431098;                                     0,913198;       31052;             142925622;         24343;               113623528;                22922;                      108429893;            10169;                   54827577;                                     0,505650;                      12753;                             53602316;                                     0,494350;                506;                      1611815;                                     0,014186;              915;                    3581820;                                     0,031524
       407;       545;         1;BR      ;30/10/2022 19:12:35;         472075;     156454011;           15;                 431113;                                     0,913230;        4249;             142929871;          3320;               113626848;                 3145;                      108433038;             1482;                   54829059;                                     0,505649;                       1663;                             53603979;                                     0,494351;                 75;                      1611890;                                     0,014186;              100;                    3581920;                                     0,031524
       407;       545;         1;BR      ;30/10/2022 19:12:36;         472075;     156454011;           17;                 431130;                                     0,913266;        4597;             142934468;          3744;               113630592;                 3538;                      108436576;             2177;                   54831236;                                     0,505653;                       1361;                             53605340;                                     0,494347;                 69;                      1611959;                                     0,014186;              137;                    3582057;                                     0,031524
       407;       545;         1;BR      ;30/10/2022 19:12:37;         472075;     156454011;           39;                 431169;                                     0,913349;       11869;             142946337;          9622;               113640214;                 9241;                      108445817;             3924;                   54835160;                                     0,505646;                       5317;                             53610657;                                     0,494354;                147;                      1612106;                                     0,014186;              234;                    3582291;                                     0,031523
       407;       545;         1;BR      ;30/10/2022 19:12:38;         472075;     156454011;            2;                 431171;                                     0,913353;         520;             142946857;           410;               113640624;                  384;                      108446201;              323;                   54835483;                                     0,505647;                         61;                             53610718;                                     0,494353;                 10;                      1612116;                                     0,014186;               16;                    3582307;                                     0,031523
       407;       545;         1;BR      ;30/10/2022 19:12:39;         472075;     156454011;            3;                 431174;                                     0,913359;         979;             142947836;           810;               113641434;                  794;                      108446995;              427;                   54835910;                                     0,505647;                        367;                             53611085;                                     0,494353;                  2;                      1612118;                                     0,014186;               14;                    3582321;                                     0,031523
       407;       545;         1;BR      ;30/10/2022 19:12:40;         472075;     156454011;           32;                 431206;                                     0,913427;       10913;             142958749;          8881;               113650315;                 8366;                      108455361;             5300;                   54841210;                                     0,505657;                       3066;                             53614151;                                     0,494343;                152;                      1612270;                                     0,014186;              363;                    3582684;                                     0,031524
       407;       545;         1;BR      ;30/10/2022 19:12:41;         472075;     156454011;           85;                 431291;                                     0,913607;       27269;             142986018;         22180;               113672495;                21012;                      108476373;            14944;                   54856154;                                     0,505697;                       6068;                             53620219;                                     0,494303;                287;                      1612557;                                     0,014186;              881;                    3583565;                                     0,031525
       407;       545;         1;BR      ;30/10/2022 19:12:42;         472075;     156454011;           10;                 431301;                                     0,913628;        2910;             142988928;          2229;               113674724;                 2122;                      108478495;             1639;                   54857793;                                     0,505702;                        483;                             53620702;                                     0,494298;                 19;                      1612576;                                     0,014186;               88;                    3583653;                                     0,031526
       407;       545;         1;BR      ;30/10/2022 19:12:43;         472075;     156454011;            2;                 431303;                                     0,913632;         565;             142989493;           494;               113675218;                  467;                      108478962;              171;                   54857964;                                     0,505701;                        296;                             53620998;                                     0,494299;                  9;                      1612585;                                     0,014186;               18;                    3583671;                                     0,031526
       407;       545;         1;BR      ;30/10/2022 19:12:44;         472075;     156454011;           39;                 431342;                                     0,913715;       12519;             143002012;         10282;               113685500;                 9737;                      108488699;             5223;                   54863187;                                     0,505704;                       4514;                             53625512;                                     0,494296;                144;                      1612729;                                     0,014186;              401;                    3584072;                                     0,031526
       407;       545;         1;BR      ;30/10/2022 19:12:45;         472075;     156454011;           31;                 431373;                                     0,913781;       10270;             143012282;          8314;               113693814;                 7794;                      108496493;             5692;                   54868879;                                     0,505720;                       2102;                             53627614;                                     0,494280;                109;                      1612838;                                     0,014186;              411;                    3584483;                                     0,031528
       407;       545;         1;BR      ;30/10/2022 19:12:46;         472075;     156454011;           69;                 431442;                                     0,913927;       24318;             143036600;         20812;               113714626;                19533;                      108516026;            12212;                   54881091;                                     0,505742;                       7321;                             53634935;                                     0,494258;                270;                      1613108;                                     0,014186;             1009;                    3585492;                                     0,031531
       407;       545;         1;BR      ;30/10/2022 19:12:47;         472075;     156454011;           49;                 431491;                                     0,914031;       16604;             143053204;         12585;               113727211;                11757;                      108527783;             6301;                   54887392;                                     0,505745;                       5456;                             53640391;                                     0,494255;                171;                      1613279;                                     0,014186;              657;                    3586149;                                     0,031533
       407;       545;         1;BR      ;30/10/2022 19:12:48;         472075;     156454011;           27;                 431518;                                     0,914088;        8833;             143062037;          7202;               113734413;                 6910;                      108534693;             3176;                   54890568;                                     0,505742;                       3734;                             53644125;                                     0,494258;                 95;                      1613374;                                     0,014185;              197;                    3586346;                                     0,031533
       407;       545;         1;BR      ;30/10/2022 19:12:49;         472075;     156454011;            6;                 431524;                                     0,914101;        2120;             143064157;          1698;               113736111;                 1640;                      108536333;              551;                   54891119;                                     0,505740;                       1089;                             53645214;                                     0,494260;                 23;                      1613397;                                     0,014185;               35;                    3586381;                                     0,031532
       407;       545;         1;BR      ;30/10/2022 19:12:50;         472075;     156454011;            4;                 431528;                                     0,914109;        1491;             143065648;          1207;               113737318;                 1163;                      108537496;              282;                   54891401;                                     0,505737;                        881;                             53646095;                                     0,494263;                 18;                      1613415;                                     0,014185;               26;                    3586407;                                     0,031532
       407;       545;         1;BR      ;30/10/2022 19:12:51;         472075;     156454011;           18;                 431546;                                     0,914147;        6017;             143071665;          4953;               113742271;                 4782;                      108542278;             1523;                   54892924;                                     0,505729;                       3259;                             53649354;                                     0,494271;                 66;                      1613481;                                     0,014185;              105;                    3586512;                                     0,031532
       407;       545;         1;BR      ;30/10/2022 19:12:52;         472075;     156454011;           44;                 431590;                                     0,914240;       14898;             143086563;         12398;               113754669;                11969;                      108554247;             3364;                   54896288;                                     0,505704;                       8605;                             53657959;                                     0,494296;                151;                      1613632;                                     0,014185;              278;                    3586790;                                     0,031531
       407;       545;         1;BR      ;30/10/2022 19:12:53;         472075;     156454011;            1;                 431591;                                     0,914242;         269;             143086832;           213;               113754882;                  206;                      108554453;              104;                   54896392;                                     0,505704;                        102;                             53658061;                                     0,494296;                  2;                      1613634;                                     0,014185;                5;                    3586795;                                     0,031531
       407;       545;         1;BR      ;30/10/2022 19:12:55;         472075;     156454011;           15;                 431606;                                     0,914274;        4728;             143091560;          3885;               113758767;                 3781;                      108558234;             1105;                   54897497;                                     0,505696;                       2676;                             53660737;                                     0,494304;                 49;                      1613683;                                     0,014185;               55;                    3586850;                                     0,031530
       407;       545;         1;BR      ;30/10/2022 19:12:59;         472075;     156454011;           11;                 431617;                                     0,914298;        3321;             143094881;          2646;               113761413;                 2574;                      108560808;              898;                   54898395;                                     0,505693;                       1676;                             53662413;                                     0,494307;                 40;                      1613723;                                     0,014185;               32;                    3586882;                                     0,031530
       407;       545;         1;BR      ;30/10/2022 19:13:22;         472075;     156454011;           34;                 431651;                                     0,914370;        9733;             143104614;          7240;               113768653;                 6880;                      108567688;             4777;                   54903172;                                     0,505705;                       2103;                             53664516;                                     0,494295;                 72;                      1613795;                                     0,014185;              288;                    3587170;                                     0,031530
       407;       545;         1;BR      ;30/10/2022 19:13:23;         472075;     156454011;           95;                 431746;                                     0,914571;       29179;             143133793;         23582;               113792235;                22668;                      108590356;            14128;                   54917300;                                     0,505729;                       8540;                             53673056;                                     0,494271;                336;                      1614131;                                     0,014185;              578;                    3587748;                                     0,031529
       407;       545;         1;BR      ;30/10/2022 19:13:24;         472075;     156454011;           70;                 431816;                                     0,914719;       22846;             143156639;         18337;               113810572;                17577;                      108607933;             8429;                   54925729;                                     0,505725;                       9148;                             53682204;                                     0,494275;                284;                      1614415;                                     0,014185;              476;                    3588224;                                     0,031528
       407;       545;         1;BR      ;30/10/2022 19:13:25;         472075;     156454011;          119;                 431935;                                     0,914971;       45443;             143202082;         35808;               113846380;                34314;                      108642247;            15060;                   54940789;                                     0,505704;                      19254;                             53701458;                                     0,494296;                446;                      1614861;                                     0,014185;             1048;                    3589272;                                     0,031527
       407;       545;         1;BR      ;30/10/2022 19:13:26;         472075;     156454011;          124;                 432059;                                     0,915234;       43752;             143245834;         32811;               113879191;                31394;                      108673641;            18094;                   54958883;                                     0,505724;                      13300;                             53714758;                                     0,494276;                453;                      1615314;                                     0,014184;              964;                    3590236;                                     0,031527
       407;       545;         1;BR      ;30/10/2022 19:13:27;         472075;     156454011;          112;                 432171;                                     0,915471;       40645;             143286479;         31549;               113910740;                30198;                      108703839;            14260;                   54973143;                                     0,505715;                      15938;                             53730696;                                     0,494285;                486;                      1615800;                                     0,014185;              865;                    3591101;                                     0,031526
       407;       545;         1;BR      ;30/10/2022 19:13:28;         472075;     156454011;           11;                 432182;                                     0,915494;        3359;             143289838;          2670;               113913410;                 2587;                      108706426;             1164;                   54974307;                                     0,505713;                       1423;                             53732119;                                     0,494287;                 28;                      1615828;                                     0,014185;               55;                    3591156;                                     0,031525
       407;       545;         1;BR      ;30/10/2022 19:13:29;         472075;     156454011;            7;                 432189;                                     0,915509;        1759;             143291597;          1396;               113914806;                 1341;                      108707767;              715;                   54975022;                                     0,505714;                        626;                             53732745;                                     0,494286;                 15;                      1615843;                                     0,014185;               40;                    3591196;                                     0,031525
       407;       545;         1;BR      ;30/10/2022 19:13:30;         472075;     156454011;           28;                 432217;                                     0,915569;        8722;             143300319;          7237;               113922043;                 6931;                      108714698;             3316;                   54978338;                                     0,505712;                       3615;                             53736360;                                     0,494288;                101;                      1615944;                                     0,014185;              205;                    3591401;                                     0,031525
       407;       545;         1;BR      ;30/10/2022 19:13:31;         472075;     156454011;           55;                 432272;                                     0,915685;       17722;             143318041;         13862;               113935905;                13283;                      108727981;             6751;                   54985089;                                     0,505712;                       6532;                             53742892;                                     0,494288;                191;                      1616135;                                     0,014185;              388;                    3591789;                                     0,031525
       407;       545;         1;BR      ;30/10/2022 19:13:32;         472075;     156454011;           94;                 432366;                                     0,915884;       27296;             143345337;         21782;               113957687;                21009;                      108748990;            12071;                   54997160;                                     0,505726;                       8938;                             53751830;                                     0,494274;                269;                      1616404;                                     0,014184;              504;                    3592293;                                     0,031523
       407;       545;         1;BR      ;30/10/2022 19:13:33;         472075;     156454011;           90;                 432456;                                     0,916075;       27492;             143372829;         21907;               113979594;                21277;                      108770267;            14026;                   55011186;                                     0,505756;                       7251;                             53759081;                                     0,494244;                197;                      1616601;                                     0,014183;              433;                    3592726;                                     0,031521
       407;       545;         1;BR      ;30/10/2022 19:13:34;         472075;     156454011;           25;                 432481;                                     0,916128;        6300;             143379129;          4685;               113984279;                 4585;                      108774852;             3853;                   55015039;                                     0,505770;                        732;                             53759813;                                     0,494230;                 31;                      1616632;                                     0,014183;               69;                    3592795;                                     0,031520
       407;       545;         1;BR      ;30/10/2022 19:13:35;         472075;     156454011;            5;                 432486;                                     0,916138;        1730;             143380859;          1295;               113985574;                 1269;                      108776121;              908;                   55015947;                                     0,505772;                        361;                             53760174;                                     0,494228;                 11;                      1616643;                                     0,014183;               15;                    3592810;                                     0,031520
       407;       545;         1;BR      ;30/10/2022 19:13:36;         472075;     156454011;           40;                 432526;                                     0,916223;       11625;             143392484;          8408;               113993982;                 8181;                      108784302;             6303;                   55022250;                                     0,505792;                       1878;                             53762052;                                     0,494208;                 67;                      1616710;                                     0,014182;              160;                    3592970;                                     0,031519
       407;       545;         1;BR      ;30/10/2022 19:13:37;         472075;     156454011;           62;                 432588;                                     0,916354;       18344;             143410828;         14331;               114008313;                13807;                      108798109;             8373;                   55030623;                                     0,505805;                       5434;                             53767486;                                     0,494195;                170;                      1616880;                                     0,014182;              354;                    3593324;                                     0,031518
       407;       545;         1;BR      ;30/10/2022 19:13:38;         472075;     156454011;          366;                 432954;                                     0,917130;      127259;             143538087;        100583;               114108896;                94447;                      108892556;            47427;                   55078050;                                     0,505802;                      47020;                             53814506;                                     0,494198;               2013;                      1618893;                                     0,014187;             4123;                    3597447;                                     0,031526
       407;       545;         1;BR      ;30/10/2022 19:13:39;         472075;     156454011;          166;                 433120;                                     0,917481;       57318;             143595405;         46295;               114155191;                43425;                      108935981;            18539;                   55096589;                                     0,505770;                      24886;                             53839392;                                     0,494230;                869;                      1619762;                                     0,014189;             2001;                    3599448;                                     0,031531
       407;       545;         1;BR      ;30/10/2022 19:13:40;         472075;     156454011;          150;                 433270;                                     0,917799;       52169;             143647574;         40901;               114196092;                38549;                      108974530;            16505;                   55113094;                                     0,505743;                      22044;                             53861436;                                     0,494257;                760;                      1620522;                                     0,014191;             1592;                    3601040;                                     0,031534
       407;       545;         1;BR      ;30/10/2022 19:13:41;         472075;     156454011;            5;                 433275;                                     0,917810;        1714;             143649288;          1375;               114197467;                 1263;                      108975793;              565;                   55113659;                                     0,505742;                        698;                             53862134;                                     0,494258;                 38;                      1620560;                                     0,014191;               74;                    3601114;                                     0,031534
       407;       545;         1;BR      ;30/10/2022 19:13:43;         472075;     156454011;            2;                 433277;                                     0,917814;         512;             143649800;           412;               114197879;                  388;                      108976181;              168;                   55113827;                                     0,505742;                        220;                             53862354;                                     0,494258;                  8;                      1620568;                                     0,014191;               16;                    3601130;                                     0,031534
       407;       545;         1;BR      ;30/10/2022 19:13:44;         472075;     156454011;           15;                 433292;                                     0,917846;        4296;             143654096;          3461;               114201340;                 3295;                      108979476;             1686;                   55115513;                                     0,505742;                       1609;                             53863963;                                     0,494258;                 57;                      1620625;                                     0,014191;              109;                    3601239;                                     0,031534
       407;       545;         1;BR      ;30/10/2022 19:13:45;         472075;     156454011;           50;                 433342;                                     0,917952;       14517;             143668613;         11921;               114213261;                11354;                      108990830;             4747;                   55120260;                                     0,505733;                       6607;                             53870570;                                     0,494267;                232;                      1620857;                                     0,014191;              335;                    3601574;                                     0,031534
       407;       545;         1;BR      ;30/10/2022 19:13:46;         472075;     156454011;           19;                 433361;                                     0,917992;        5699;             143674312;          4571;               114217832;                 4347;                      108995177;             3668;                   55123928;                                     0,505746;                        679;                             53871249;                                     0,494254;                 49;                      1620906;                                     0,014191;              175;                    3601749;                                     0,031534
       407;       545;         1;BR      ;30/10/2022 19:13:47;         472075;     156454011;            5;                 433366;                                     0,918002;        1138;             143675450;           848;               114218680;                  788;                      108995965;              592;                   55124520;                                     0,505748;                        196;                             53871445;                                     0,494252;                  8;                      1620914;                                     0,014191;               52;                    3601801;                                     0,031534
       407;       545;         1;BR      ;30/10/2022 19:13:48;         472075;     156454011;           25;                 433391;                                     0,918055;        8533;             143683983;          6956;               114225636;                 6426;                      109002391;             4291;                   55128811;                                     0,505758;                       2135;                             53873580;                                     0,494242;                125;                      1621039;                                     0,014192;              405;                    3602206;                                     0,031536
       407;       545;         1;BR      ;30/10/2022 19:13:49;         472075;     156454011;           75;                 433466;                                     0,918214;       24108;             143708091;         19045;               114244681;                18046;                      109020437;            13113;                   55141924;                                     0,505794;                       4933;                             53878513;                                     0,494206;                223;                      1621262;                                     0,014191;              776;                    3602982;                                     0,031537
       407;       545;         1;BR      ;30/10/2022 19:13:50;         472075;     156454011;           20;                 433486;                                     0,918257;        6556;             143714647;          5118;               114249799;                 4838;                      109025275;             3415;                   55145339;                                     0,505803;                       1423;                             53879936;                                     0,494197;                 91;                      1621353;                                     0,014191;              189;                    3603171;                                     0,031538
       407;       545;         1;BR      ;30/10/2022 19:13:51;         472075;     156454011;           10;                 433496;                                     0,918278;        2974;             143717621;          2616;               114252415;                 2483;                      109027758;             1121;                   55146460;                                     0,505802;                       1362;                             53881298;                                     0,494198;                 48;                      1621401;                                     0,014191;               85;                    3603256;                                     0,031538
       407;       545;         1;BR      ;30/10/2022 19:13:52;         472075;     156454011;           10;                 433506;                                     0,918299;        3212;             143720833;          2481;               114254896;                 2408;                      109030166;              664;                   55147124;                                     0,505797;                       1744;                             53883042;                                     0,494203;                 31;                      1621432;                                     0,014191;               42;                    3603298;                                     0,031537
       407;       545;         1;BR      ;30/10/2022 19:13:53;         472075;     156454011;           50;                 433556;                                     0,918405;       16504;             143737337;         13451;               114268347;                12599;                      109042765;             8651;                   55155775;                                     0,505818;                       3948;                             53886990;                                     0,494182;                175;                      1621607;                                     0,014191;              677;                    3603975;                                     0,031540
       407;       545;         1;BR      ;30/10/2022 19:13:54;         472075;     156454011;           78;                 433634;                                     0,918570;       25998;             143763335;         21542;               114289889;                20253;                      109063018;            13681;                   55169456;                                     0,505849;                       6572;                             53893562;                                     0,494151;                251;                      1621858;                                     0,014191;             1038;                    3605013;                                     0,031543
       407;       545;         1;BR      ;30/10/2022 19:13:55;         472075;     156454011;           32;                 433666;                                     0,918638;       11472;             143774807;          9119;               114299008;                 8504;                      109071522;             4197;                   55173653;                                     0,505848;                       4307;                             53897869;                                     0,494152;                149;                      1622007;                                     0,014191;              466;                    3605479;                                     0,031544
       407;       545;         1;BR      ;30/10/2022 19:13:56;         472075;     156454011;           62;                 433728;                                     0,918769;       19868;             143794675;         16061;               114315069;                15331;                      109086853;             8037;                   55181690;                                     0,505851;                       7294;                             53905163;                                     0,494149;                225;                      1622232;                                     0,014191;              505;                    3605984;                                     0,031544
       407;       545;         1;BR      ;30/10/2022 19:13:57;         472075;     156454011;           56;                 433784;                                     0,918888;       18820;             143813495;         15447;               114330516;                14914;                      109101767;             4282;                   55185972;                                     0,505821;                      10632;                             53915795;                                     0,494179;                180;                      1622412;                                     0,014191;              353;                    3606337;                                     0,031543
       407;       545;         1;BR      ;30/10/2022 19:13:58;         472075;     156454011;            2;                 433786;                                     0,918892;         730;             143814225;           643;               114331159;                  623;                      109102390;              181;                   55186153;                                     0,505820;                        442;                             53916237;                                     0,494180;                  9;                      1622421;                                     0,014191;               11;                    3606348;                                     0,031543
       407;       545;         1;BR      ;30/10/2022 19:13:59;         472075;     156454011;            4;                 433790;                                     0,918901;        1405;             143815630;          1130;               114332289;                 1102;                      109103492;              310;                   55186463;                                     0,505818;                        792;                             53917029;                                     0,494182;                 14;                      1622435;                                     0,014191;               14;                    3606362;                                     0,031543
       407;       545;         1;BR      ;30/10/2022 19:14:00;         472075;     156454011;           36;                 433826;                                     0,918977;       12178;             143827808;         10039;               114342328;                 9739;                      109113231;             3155;                   55189618;                                     0,505801;                       6584;                             53923613;                                     0,494199;                127;                      1622562;                                     0,014190;              173;                    3606535;                                     0,031542
       407;       545;         1;BR      ;30/10/2022 19:14:28;         472075;     156454011;            1;                 433827;                                     0,918979;         281;             143828089;           211;               114342539;                  205;                      109113436;               57;                   55189675;                                     0,505801;                        148;                             53923761;                                     0,494199;                  3;                      1622565;                                     0,014190;                3;                    3606538;                                     0,031542
       407;       545;         1;BR      ;30/10/2022 19:14:29;         472075;     156454011;           78;                 433905;                                     0,919144;       27247;             143855336;         21935;               114364474;                21056;                      109134492;            10140;                   55199815;                                     0,505796;                      10916;                             53934677;                                     0,494204;                300;                      1622865;                                     0,014190;              579;                    3607117;                                     0,031541
       407;       545;         1;BR      ;30/10/2022 19:14:30;         472075;     156454011;          119;                 434024;                                     0,919396;       37422;             143892758;         29733;               114394207;                28486;                      109162978;            15022;                   55214837;                                     0,505802;                      13464;                             53948141;                                     0,494198;                468;                      1623333;                                     0,014191;              779;                    3607896;                                     0,031539
       407;       545;         1;BR      ;30/10/2022 19:14:31;         472075;     156454011;          132;                 434156;                                     0,919676;       48545;             143941303;         38087;               114432294;                36471;                      109199449;            15344;                   55230181;                                     0,505773;                      21127;                             53969268;                                     0,494227;                514;                      1623847;                                     0,014190;             1102;                    3608998;                                     0,031538
       407;       545;         1;BR      ;30/10/2022 19:14:32;         472075;     156454011;          129;                 434285;                                     0,919949;       44295;             143985598;         33906;               114466200;                32447;                      109231896;            15701;                   55245882;                                     0,505767;                      16746;                             53986014;                                     0,494233;                523;                      1624370;                                     0,014191;              936;                    3609934;                                     0,031537
       407;       545;         1;BR      ;30/10/2022 19:14:33;         472075;     156454011;           64;                 434349;                                     0,920085;       19956;             144005554;         15675;               114481875;                14995;                      109246891;             7989;                   55253871;                                     0,505771;                       7006;                             53993020;                                     0,494229;                219;                      1624589;                                     0,014191;              461;                    3610395;                                     0,031537
       407;       545;         1;BR      ;30/10/2022 19:14:34;         472075;     156454011;           22;                 434371;                                     0,920131;        6317;             144011871;          5232;               114487107;                 5036;                      109251927;             3680;                   55257551;                                     0,505781;                       1356;                             53994376;                                     0,494219;                 62;                      1624651;                                     0,014191;              134;                    3610529;                                     0,031537
       407;       545;         1;BR      ;30/10/2022 19:14:35;         472075;     156454011;           46;                 434417;                                     0,920229;       13805;             144025676;         11445;               114498552;                11062;                      109262989;             7632;                   55265183;                                     0,505800;                       3430;                             53997806;                                     0,494200;                137;                      1624788;                                     0,014190;              246;                    3610775;                                     0,031536
       407;       545;         1;BR      ;30/10/2022 19:14:36;         472075;     156454011;           83;                 434500;                                     0,920405;       23173;             144048849;         18695;               114517247;                18047;                      109281036;            12115;                   55277298;                                     0,505827;                       5932;                             54003738;                                     0,494173;                221;                      1625009;                                     0,014190;              427;                    3611202;                                     0,031534
       407;       545;         1;BR      ;30/10/2022 19:14:37;         472075;     156454011;           91;                 434591;                                     0,920597;       26144;             144074993;         20235;               114537482;                19679;                      109300715;            13674;                   55290972;                                     0,505861;                       6005;                             54009743;                                     0,494139;                172;                      1625181;                                     0,014189;              384;                    3611586;                                     0,031532
       407;       545;         1;BR      ;30/10/2022 19:14:38;         472075;     156454011;           14;                 434605;                                     0,920627;        3293;             144078286;          2469;               114539951;                 2414;                      109303129;             1742;                   55292714;                                     0,505866;                        672;                             54010415;                                     0,494134;                 22;                      1625203;                                     0,014189;               33;                    3611619;                                     0,031532
       407;       545;         1;BR      ;30/10/2022 19:14:39;         472075;     156454011;            4;                 434609;                                     0,920635;         688;             144078974;           491;               114540442;                  484;                      109303613;              338;                   55293052;                                     0,505867;                        146;                             54010561;                                     0,494133;                  1;                      1625204;                                     0,014189;                6;                    3611625;                                     0,031531
       407;       545;         1;BR      ;30/10/2022 19:14:40;         472075;     156454011;           17;                 434626;                                     0,920672;        5103;             144084077;          3623;               114544065;                 3524;                      109307137;             2900;                   55295952;                                     0,505877;                        624;                             54011185;                                     0,494123;                 28;                      1625232;                                     0,014189;               71;                    3611696;                                     0,031531
       407;       545;         1;BR      ;30/10/2022 19:14:41;         472075;     156454011;           20;                 434646;                                     0,920714;        6383;             144090460;          5005;               114549070;                 4905;                      109312042;             3581;                   55299533;                                     0,505887;                       1324;                             54012509;                                     0,494113;                 44;                      1625276;                                     0,014188;               56;                    3611752;                                     0,031530
       407;       545;         1;BR      ;30/10/2022 19:14:42;         472075;     156454011;           18;                 434664;                                     0,920752;        5812;             144096272;          4334;               114553404;                 4239;                      109316281;             2646;                   55302179;                                     0,505892;                       1593;                             54014102;                                     0,494108;                 34;                      1625310;                                     0,014188;               61;                    3611813;                                     0,031530
       407;       545;         1;BR      ;30/10/2022 19:14:43;         472075;     156454011;          106;                 434770;                                     0,920977;       32283;             144128555;         25076;               114578480;                23903;                      109340184;            13218;                   55315397;                                     0,505902;                      10685;                             54024787;                                     0,494098;                363;                      1625673;                                     0,014188;              810;                    3612623;                                     0,031530
       407;       545;         1;BR      ;30/10/2022 19:14:44;         472075;     156454011;          401;                 435171;                                     0,921826;      142190;             144270745;        114020;               114692500;               106368;                      109446552;            53041;                   55368438;                                     0,505895;                      53327;                             54078114;                                     0,494105;               2332;                      1628005;                                     0,014195;             5320;                    3617943;                                     0,031545
       407;       545;         1;BR      ;30/10/2022 19:14:45;         472075;     156454011;           48;                 435219;                                     0,921928;       16919;             144287664;         13270;               114705770;                12530;                      109459082;             4927;                   55373365;                                     0,505882;                       7603;                             54085717;                                     0,494118;                249;                      1628254;                                     0,014195;              491;                    3618434;                                     0,031545
       407;       545;         1;BR      ;30/10/2022 19:14:46;         472075;     156454011;           99;                 435318;                                     0,922137;       34863;             144322527;         27216;               114732986;                25672;                      109484754;            10708;                   55384073;                                     0,505861;                      14964;                             54100681;                                     0,494139;                511;                      1628765;                                     0,014196;             1033;                    3619467;                                     0,031547
       407;       545;         1;BR      ;30/10/2022 19:14:47;         472075;     156454011;          150;                 435468;                                     0,922455;       52221;             144374748;         40908;               114773894;                38568;                      109523322;            17383;                   55401456;                                     0,505842;                      21185;                             54121866;                                     0,494158;                793;                      1629558;                                     0,014198;             1547;                    3621014;                                     0,031549
       407;       545;         1;BR      ;30/10/2022 19:14:48;         472075;     156454011;           13;                 435481;                                     0,922483;        4616;             144379364;          3651;               114777545;                 3399;                      109526721;             1641;                   55403097;                                     0,505841;                       1758;                             54123624;                                     0,494159;                 70;                      1629628;                                     0,014198;              182;                    3621196;                                     0,031550
       407;       545;         1;BR      ;30/10/2022 19:14:51;         472075;     156454011;            8;                 435489;                                     0,922500;        2428;             144381792;          1906;               114779451;                 1784;                      109528505;             1083;                   55404180;                                     0,505843;                        701;                             54124325;                                     0,494157;                 15;                      1629643;                                     0,014198;              107;                    3621303;                                     0,031550
       407;       545;         1;BR      ;30/10/2022 19:14:52;         472075;     156454011;           81;                 435570;                                     0,922671;       25548;             144407340;         20756;               114800207;                19923;                      109548428;             8637;                   55412817;                                     0,505829;                      11286;                             54135611;                                     0,494171;                309;                      1629952;                                     0,014198;              524;                    3621827;                                     0,031549
       407;       545;         1;BR      ;30/10/2022 19:14:53;         472075;     156454011;            9;                 435579;                                     0,922690;        2451;             144409791;          1985;               114802192;                 1902;                      109550330;             1339;                   55414156;                                     0,505833;                        563;                             54136174;                                     0,494167;                 21;                      1629973;                                     0,014198;               62;                    3621889;                                     0,031549
       407;       545;         1;BR      ;30/10/2022 19:14:54;         472075;     156454011;           95;                 435674;                                     0,922891;       31743;             144441534;         25260;               114827452;                23819;                      109574149;            16897;                   55431053;                                     0,505877;                       6922;                             54143096;                                     0,494123;                333;                      1630306;                                     0,014198;             1108;                    3622997;                                     0,031552
       407;       545;         1;BR      ;30/10/2022 19:14:55;         472075;     156454011;           74;                 435748;                                     0,923048;       23625;             144465159;         18997;               114846449;                17871;                      109592020;            12971;                   55444024;                                     0,505913;                       4900;                             54147996;                                     0,494087;                294;                      1630600;                                     0,014198;              832;                    3623829;                                     0,031554
       407;       545;         1;BR      ;30/10/2022 19:14:56;         472075;     156454011;           14;                 435762;                                     0,923078;        3831;             144468990;          2992;               114849441;                 2816;                      109594836;             2138;                   55446162;                                     0,505919;                        678;                             54148674;                                     0,494081;                 45;                      1630645;                                     0,014198;              131;                    3623960;                                     0,031554
       407;       545;         1;BR      ;30/10/2022 19:14:57;         472075;     156454011;            6;                 435768;                                     0,923091;        1847;             144470837;          1395;               114850836;                 1316;                      109596152;             1013;                   55447175;                                     0,505923;                        303;                             54148977;                                     0,494077;                 19;                      1630664;                                     0,014198;               60;                    3624020;                                     0,031554
       407;       545;         1;BR      ;30/10/2022 19:14:59;         472075;     156454011;           18;                 435786;                                     0,923129;        5165;             144476002;          4127;               114854963;                 3949;                      109600101;             2803;                   55449978;                                     0,505930;                       1146;                             54150123;                                     0,494070;                 45;                      1630709;                                     0,014198;              133;                    3624153;                                     0,031554
       407;       545;         1;BR      ;30/10/2022 19:15:00;         472075;     156454011;           49;                 435835;                                     0,923233;       17415;             144493417;         14065;               114869028;                13279;                      109613380;             8461;                   55458439;                                     0,505946;                       4818;                             54154941;                                     0,494054;                169;                      1630878;                                     0,014198;              617;                    3624770;                                     0,031556
       407;       545;         1;BR      ;30/10/2022 19:15:01;         472075;     156454011;           70;                 435905;                                     0,923381;       24034;             144517451;         20444;               114889472;                19144;                      109632524;            12222;                   55470661;                                     0,505969;                       6922;                             54161863;                                     0,494031;                259;                      1631137;                                     0,014197;             1041;                    3625811;                                     0,031559
       407;       545;         1;BR      ;30/10/2022 19:15:02;         472075;     156454011;           28;                 435933;                                     0,923440;        9651;             144527102;          7123;               114896595;                 6661;                      109639185;             4295;                   55474956;                                     0,505977;                       2366;                             54164229;                                     0,494023;                111;                      1631248;                                     0,014198;              351;                    3626162;                                     0,031560
       407;       545;         1;BR      ;30/10/2022 19:15:03;         472075;     156454011;           68;                 436001;                                     0,923584;       24677;             144551779;         20010;               114916605;                19144;                      109658329;             8267;                   55483223;                                     0,505965;                      10877;                             54175106;                                     0,494035;                247;                      1631495;                                     0,014197;              619;                    3626781;                                     0,031560
       407;       545;         1;BR      ;30/10/2022 19:15:04;         472075;     156454011;           64;                 436065;                                     0,923720;       21222;             144573001;         17416;               114934021;                16885;                      109675214;             5007;                   55488230;                                     0,505932;                      11878;                             54186984;                                     0,494068;                201;                      1631696;                                     0,014197;              330;                    3627111;                                     0,031558
       407;       545;         1;BR      ;30/10/2022 19:15:05;         472075;     156454011;            2;                 436067;                                     0,923724;         651;             144573652;           523;               114934544;                  508;                      109675722;              127;                   55488357;                                     0,505931;                        381;                             54187365;                                     0,494069;                  3;                      1631699;                                     0,014197;               12;                    3627123;                                     0,031558
       407;       545;         1;BR      ;30/10/2022 19:15:07;         472075;     156454011;           13;                 436080;                                     0,923752;        4522;             144578174;          3764;               114938308;                 3632;                      109679354;             1387;                   55489744;                                     0,505927;                       2245;                             54189610;                                     0,494073;                 40;                      1631739;                                     0,014197;               92;                    3627215;                                     0,031558
       407;       545;         1;BR      ;30/10/2022 19:15:08;         472075;     156454011;            2;                 436082;                                     0,923756;         687;             144578861;           580;               114938888;                  550;                      109679904;              329;                   55490073;                                     0,505927;                        221;                             54189831;                                     0,494073;                  8;                      1631747;                                     0,014197;               22;                    3627237;                                     0,031558
       407;       545;         1;BR      ;30/10/2022 19:15:36;         472075;     156454011;           84;                 436166;                                     0,923934;       26226;             144605087;         21329;               114960217;                20533;                      109700437;            12875;                   55502948;                                     0,505950;                       7658;                             54197489;                                     0,494050;                302;                      1632049;                                     0,014197;              494;                    3627731;                                     0,031556
       407;       545;         1;BR      ;30/10/2022 19:15:37;         472075;     156454011;           48;                 436214;                                     0,924035;       15669;             144620756;         12741;               114972958;                12206;                      109712643;             6171;                   55509119;                                     0,505950;                       6035;                             54203524;                                     0,494050;                191;                      1632240;                                     0,014197;              344;                    3628075;                                     0,031556
       407;       545;         1;BR      ;30/10/2022 19:15:38;         472075;     156454011;           92;                 436306;                                     0,924230;       35747;             144656503;         27379;               115000337;                26218;                      109738861;            13550;                   55522669;                                     0,505953;                      12668;                             54216192;                                     0,494047;                357;                      1632597;                                     0,014196;              804;                    3628879;                                     0,031555
       407;       545;         1;BR      ;30/10/2022 19:15:39;         472075;     156454011;          111;                 436417;                                     0,924465;       35520;             144692023;         28271;               115028608;                27159;                      109766020;            13760;                   55536429;                                     0,505953;                      13399;                             54229591;                                     0,494047;                365;                      1632962;                                     0,014196;              747;                    3629626;                                     0,031554
       407;       545;         1;BR      ;30/10/2022 19:15:40;         472075;     156454011;          159;                 436576;                                     0,924802;       60688;             144752711;         48468;               115077076;                46376;                      109812396;            21454;                   55557883;                                     0,505935;                      24922;                             54254513;                                     0,494065;                716;                      1633678;                                     0,014196;             1376;                    3631002;                                     0,031553
       407;       545;         1;BR      ;30/10/2022 19:15:41;         472075;     156454011;           34;                 436610;                                     0,924874;       10257;             144762968;          8228;               115085304;                 7879;                      109820275;             4017;                   55561900;                                     0,505935;                       3862;                             54258375;                                     0,494065;                123;                      1633801;                                     0,014196;              226;                    3631228;                                     0,031552
       407;       545;         1;BR      ;30/10/2022 19:15:42;         472075;     156454011;           55;                 436665;                                     0,924991;       16939;             144779907;         13429;               115098733;                12895;                      109833170;             6120;                   55568020;                                     0,505931;                       6775;                             54265150;                                     0,494069;                177;                      1633978;                                     0,014196;              357;                    3631585;                                     0,031552
       407;       545;         1;BR      ;30/10/2022 19:15:43;         472075;     156454011;           27;                 436692;                                     0,925048;        7698;             144787605;          6218;               115104951;                 6002;                      109839172;             3627;                   55571647;                                     0,505937;                       2375;                             54267525;                                     0,494063;                 60;                      1634038;                                     0,014196;              156;                    3631741;                                     0,031552
       407;       545;         1;BR      ;30/10/2022 19:15:44;         472075;     156454011;           44;                 436736;                                     0,925141;       13365;             144800970;         10737;               115115688;                10305;                      109849477;             6142;                   55577789;                                     0,505945;                       4163;                             54271688;                                     0,494055;                151;                      1634189;                                     0,014196;              281;                    3632022;                                     0,031551
       407;       545;         1;BR      ;30/10/2022 19:15:45;         472075;     156454011;           49;                 436785;                                     0,925245;       14014;             144814984;         11245;               115126933;                10890;                      109860367;             6673;                   55584462;                                     0,505956;                       4217;                             54275905;                                     0,494044;                114;                      1634303;                                     0,014196;              241;                    3632263;                                     0,031550
       407;       545;         1;BR      ;30/10/2022 19:15:46;         472075;     156454011;           67;                 436852;                                     0,925387;       19542;             144834526;         14915;               115141848;                14549;                      109874916;            10767;                   55595229;                                     0,505987;                       3782;                             54279687;                                     0,494013;                109;                      1634412;                                     0,014195;              257;                    3632520;                                     0,031548
       407;       545;         1;BR      ;30/10/2022 19:15:47;         472075;     156454011;           69;                 436921;                                     0,925533;       20431;             144854957;         15294;               115157142;                14893;                      109889809;            10156;                   55605385;                                     0,506010;                       4737;                             54284424;                                     0,493990;                109;                      1634521;                                     0,014194;              292;                    3632812;                                     0,031547
       407;       545;         1;BR      ;30/10/2022 19:15:48;         472075;     156454011;          170;                 437091;                                     0,925893;       59656;             144914613;         47404;               115204546;                44389;                      109934198;            20928;                   55626313;                                     0,505996;                      23461;                             54307885;                                     0,494004;                964;                      1635485;                                     0,014196;             2051;                    3634863;                                     0,031551
       407;       545;         1;BR      ;30/10/2022 19:15:49;         472075;     156454011;           23;                 437114;                                     0,925942;        8324;             144922937;          6447;               115210993;                 6060;                      109940258;             2595;                   55628908;                                     0,505992;                       3465;                             54311350;                                     0,494008;                137;                      1635622;                                     0,014197;              250;                    3635113;                                     0,031552
       407;       545;         1;BR      ;30/10/2022 19:15:50;         472075;     156454011;           72;                 437186;                                     0,926094;       24338;             144947275;         19545;               115230538;                18689;                      109958947;             9378;                   55638286;                                     0,505991;                       9311;                             54320661;                                     0,494009;                272;                      1635894;                                     0,014197;              584;                    3635697;                                     0,031552
       407;       545;         1;BR      ;30/10/2022 19:15:51;         472075;     156454011;          105;                 437291;                                     0,926317;       35701;             144982976;         28862;               115259400;                27061;                      109986008;            12080;                   55650366;                                     0,505977;                      14981;                             54335642;                                     0,494023;                579;                      1636473;                                     0,014198;             1222;                    3636919;                                     0,031554
       407;       545;         1;BR      ;30/10/2022 19:15:52;         472075;     156454011;           32;                 437323;                                     0,926385;       11008;             144993984;          8433;               115267833;                 7992;                      109994000;             3392;                   55653758;                                     0,505971;                       4600;                             54340242;                                     0,494029;                130;                      1636603;                                     0,014198;              311;                    3637230;                                     0,031555
       407;       545;         1;BR      ;30/10/2022 19:15:53;         472075;     156454011;          131;                 437454;                                     0,926662;       47821;             145041805;         38275;               115306108;                36230;                      110030230;            16741;                   55670499;                                     0,505956;                      19489;                             54359731;                                     0,494044;                665;                      1637268;                                     0,014199;             1380;                    3638610;                                     0,031556
       407;       545;         1;BR      ;30/10/2022 19:15:54;         472075;     156454011;           38;                 437492;                                     0,926743;       13302;             145055107;         10360;               115316468;                 9735;                      110039965;             4021;                   55674520;                                     0,505948;                       5714;                             54365445;                                     0,494052;                207;                      1637475;                                     0,014200;              418;                    3639028;                                     0,031557
       407;       545;         1;BR      ;30/10/2022 19:15:55;         472075;     156454011;            9;                 437501;                                     0,926762;        2736;             145057843;          2189;               115318657;                 2061;                      110042026;              902;                   55675422;                                     0,505947;                       1159;                             54366604;                                     0,494053;                 39;                      1637514;                                     0,014200;               89;                    3639117;                                     0,031557
       407;       545;         1;BR      ;30/10/2022 19:15:57;         472075;     156454011;            7;                 437508;                                     0,926776;        2115;             145059958;          1663;               115320320;                 1596;                      110043622;             1247;                   55676669;                                     0,505951;                        349;                             54366953;                                     0,494049;                 13;                      1637527;                                     0,014200;               54;                    3639171;                                     0,031557
       407;       545;         1;BR      ;30/10/2022 19:15:58;         472075;     156454011;           57;                 437565;                                     0,926897;       17936;             145077894;         14498;               115334818;                13850;                      110057472;             5967;                   55682636;                                     0,505941;                       7883;                             54374836;                                     0,494059;                249;                      1637776;                                     0,014200;              399;                    3639570;                                     0,031557
       407;       545;         1;BR      ;30/10/2022 19:16:00;         472075;     156454011;           23;                 437588;                                     0,926946;        6706;             145084600;          5235;               115340053;                 4991;                      110062463;             3954;                   55686590;                                     0,505954;                       1037;                             54375873;                                     0,494046;                 36;                      1637812;                                     0,014200;              208;                    3639778;                                     0,031557
       407;       545;         1;BR      ;30/10/2022 19:16:01;         472075;     156454011;           84;                 437672;                                     0,927124;       27048;             145111648;         21765;               115361818;                20515;                      110082978;            13964;                   55700554;                                     0,505987;                       6551;                             54382424;                                     0,494013;                323;                      1638135;                                     0,014200;              927;                    3640705;                                     0,031559
       407;       545;         1;BR      ;30/10/2022 19:16:02;         472075;     156454011;           25;                 437697;                                     0,927177;        7915;             145119563;          6321;               115368139;                 5972;                      110088950;             4055;                   55704609;                                     0,505996;                       1917;                             54384341;                                     0,494004;                 86;                      1638221;                                     0,014200;              263;                    3640968;                                     0,031560
       407;       545;         1;BR      ;30/10/2022 19:16:04;         472075;     156454011;           46;                 437743;                                     0,927274;       15297;             145134860;         11997;               115380136;                11450;                      110100400;             6001;                   55710610;                                     0,505998;                       5449;                             54389790;                                     0,494002;                128;                      1638349;                                     0,014200;              419;                    3641387;                                     0,031560
       407;       545;         1;BR      ;30/10/2022 19:16:05;         472075;     156454011;          108;                 437851;                                     0,927503;       34178;             145169038;         28432;               115408568;                26802;                      110127202;            18227;                   55728837;                                     0,506041;                       8575;                             54398365;                                     0,493959;                378;                      1638727;                                     0,014199;             1252;                    3642639;                                     0,031563
       407;       545;         1;BR      ;30/10/2022 19:16:06;         472075;     156454011;           25;                 437876;                                     0,927556;        8319;             145177357;          6362;               115414930;                 5887;                      110133089;             3353;                   55732190;                                     0,506044;                       2534;                             54400899;                                     0,493956;                 95;                      1638822;                                     0,014199;              380;                    3643019;                                     0,031565
       407;       545;         1;BR      ;30/10/2022 19:16:07;         472075;     156454011;           39;                 437915;                                     0,927639;       13647;             145191004;         11055;               115425985;                10514;                      110143603;             4698;                   55736888;                                     0,506038;                       5816;                             54406715;                                     0,493962;                141;                      1638963;                                     0,014199;              400;                    3643419;                                     0,031565
       407;       545;         1;BR      ;30/10/2022 19:16:08;         472075;     156454011;           18;                 437933;                                     0,927677;        6704;             145197708;          5558;               115431543;                 5346;                      110148949;             1378;                   55738266;                                     0,506026;                       3968;                             54410683;                                     0,493974;                 70;                      1639033;                                     0,014199;              142;                    3643561;                                     0,031565
       407;       545;         1;BR      ;30/10/2022 19:16:09;         472075;     156454011;           12;                 437945;                                     0,927702;        3539;             145201247;          2888;               115434431;                 2807;                      110151756;              923;                   55739189;                                     0,506022;                       1884;                             54412567;                                     0,493978;                 30;                      1639063;                                     0,014199;               51;                    3643612;                                     0,031564
       407;       545;         1;BR      ;30/10/2022 19:16:10;         472075;     156454011;            5;                 437950;                                     0,927713;        1863;             145203110;          1396;               115435827;                 1364;                      110153120;              378;                   55739567;                                     0,506019;                        986;                             54413553;                                     0,493981;                 15;                      1639078;                                     0,014199;               17;                    3643629;                                     0,031564
       407;       545;         1;BR      ;30/10/2022 19:16:11;         472075;     156454011;           16;                 437966;                                     0,927747;        4537;             145207647;          3733;               115439560;                 3609;                      110156729;             1371;                   55740938;                                     0,506015;                       2238;                             54415791;                                     0,493985;                 57;                      1639135;                                     0,014199;               67;                    3643696;                                     0,031564
       407;       545;         1;BR      ;30/10/2022 19:16:12;         472075;     156454011;           16;                 437982;                                     0,927781;        4982;             145212629;          4246;               115443806;                 4102;                      110160831;             1412;                   55742350;                                     0,506009;                       2690;                             54418481;                                     0,493991;                 51;                      1639186;                                     0,014199;               93;                    3643789;                                     0,031563
       407;       545;         1;BR      ;30/10/2022 19:16:15;         472075;     156454011;            4;                 437986;                                     0,927789;        1531;             145214160;          1309;               115445115;                 1269;                      110162100;              325;                   55742675;                                     0,506006;                        944;                             54419425;                                     0,493994;                 10;                      1639196;                                     0,014199;               30;                    3643819;                                     0,031563
       407;       545;         1;BR      ;30/10/2022 19:16:16;         472075;     156454011;            2;                 437988;                                     0,927793;         643;             145214803;           553;               115445668;                  529;                      110162629;              147;                   55742822;                                     0,506005;                        382;                             54419807;                                     0,493995;                  8;                      1639204;                                     0,014199;               16;                    3643835;                                     0,031563
       407;       545;         1;BR      ;30/10/2022 19:16:42;         472075;     156454011;           89;                 438077;                                     0,927982;       24360;             145239163;         19676;               115465344;                19045;                      110181674;            13360;                   55756182;                                     0,506039;                       5685;                             54425492;                                     0,493961;                210;                      1639414;                                     0,014198;              421;                    3644256;                                     0,031561
       407;       545;         1;BR      ;30/10/2022 19:16:43;         472075;     156454011;          171;                 438248;                                     0,928344;       60738;             145299901;         48423;               115513767;                46399;                      110228073;            23162;                   55779344;                                     0,506036;                      23237;                             54448729;                                     0,493964;                675;                      1640089;                                     0,014198;             1349;                    3645605;                                     0,031560
       407;       545;         1;BR      ;30/10/2022 19:16:44;         472075;     156454011;          117;                 438365;                                     0,928592;       37362;             145337263;         30118;               115543885;                28872;                      110256945;            14332;                   55793676;                                     0,506033;                      14540;                             54463269;                                     0,493967;                408;                      1640497;                                     0,014198;              838;                    3646443;                                     0,031559
       407;       545;         1;BR      ;30/10/2022 19:16:45;         472075;     156454011;          163;                 438528;                                     0,928937;       55632;             145392895;         44153;               115588038;                42343;                      110299288;            20551;                   55814227;                                     0,506025;                      21792;                             54485061;                                     0,493975;                577;                      1641074;                                     0,014198;             1233;                    3647676;                                     0,031558
       407;       545;         1;BR      ;30/10/2022 19:16:46;         472075;     156454011;           61;                 438589;                                     0,929066;       18530;             145411425;         14398;               115602436;                14030;                      110313318;            10051;                   55824278;                                     0,506052;                       3979;                             54489040;                                     0,493948;                121;                      1641195;                                     0,014197;              247;                    3647923;                                     0,031556
       407;       545;         1;BR      ;30/10/2022 19:16:47;         472075;     156454011;           56;                 438645;                                     0,929185;       15697;             145427122;         11484;               115613920;                11264;                      110324582;             8045;                   55832323;                                     0,506073;                       3219;                             54492259;                                     0,493927;                 82;                      1641277;                                     0,014196;              138;                    3648061;                                     0,031554
       407;       545;         1;BR      ;30/10/2022 19:16:48;         472075;     156454011;           63;                 438708;                                     0,929318;       18185;             145445307;         14315;               115628235;                13880;                      110338462;             7876;                   55840199;                                     0,506081;                       6004;                             54498263;                                     0,493919;                150;                      1641427;                                     0,014196;              285;                    3648346;                                     0,031552
       407;       545;         1;BR      ;30/10/2022 19:16:49;         472075;     156454011;          189;                 438897;                                     0,929719;       67792;             145513099;         54054;               115682289;                50540;                      110389002;            25903;                   55866102;                                     0,506084;                      24637;                             54522900;                                     0,493916;               1128;                      1642555;                                     0,014199;             2386;                    3650732;                                     0,031558
       407;       545;         1;BR      ;30/10/2022 19:16:50;         472075;     156454011;           95;                 438992;                                     0,929920;       34156;             145547255;         27483;               115709772;                25808;                      110414810;            11412;                   55877514;                                     0,506069;                      14396;                             54537296;                                     0,493931;                512;                      1643067;                                     0,014200;             1163;                    3651895;                                     0,031561
       407;       545;         1;BR      ;30/10/2022 19:16:51;         472075;     156454011;            2;                 438994;                                     0,929924;         652;             145547907;           523;               115710295;                  487;                      110415297;              220;                   55877734;                                     0,506069;                        267;                             54537563;                                     0,493931;                 10;                      1643077;                                     0,014200;               26;                    3651921;                                     0,031561
       407;       545;         1;BR      ;30/10/2022 19:16:53;         472075;     156454011;           10;                 439004;                                     0,929945;        3731;             145551638;          2855;               115713150;                 2719;                      110418016;             1078;                   55878812;                                     0,506066;                       1641;                             54539204;                                     0,493934;                 48;                      1643125;                                     0,014200;               88;                    3652009;                                     0,031561
       407;       545;         1;BR      ;30/10/2022 19:16:54;         472075;     156454011;           48;                 439052;                                     0,930047;       17396;             145569034;         14024;               115727174;                13176;                      110431192;             5579;                   55884391;                                     0,506056;                       7597;                             54546801;                                     0,493944;                263;                      1643388;                                     0,014201;              585;                    3652594;                                     0,031562
       407;       545;         1;BR      ;30/10/2022 19:16:55;         472075;     156454011;           85;                 439137;                                     0,930227;       30420;             145599454;         24501;               115751675;                23081;                      110454273;            10701;                   55895092;                                     0,506047;                      12380;                             54559181;                                     0,493953;                506;                      1643894;                                     0,014202;              914;                    3653508;                                     0,031563
       407;       545;         1;BR      ;30/10/2022 19:16:56;         472075;     156454011;           40;                 439177;                                     0,930312;       12924;             145612378;         10027;               115761702;                 9440;                      110463713;             4120;                   55899212;                                     0,506041;                       5320;                             54564501;                                     0,493959;                184;                      1644078;                                     0,014202;              403;                    3653911;                                     0,031564
       407;       545;         1;BR      ;30/10/2022 19:16:59;         472075;     156454011;           35;                 439212;                                     0,930386;       10824;             145623202;          8786;               115770488;                 8382;                      110472095;             4087;                   55903299;                                     0,506040;                       4295;                             54568796;                                     0,493960;                147;                      1644225;                                     0,014202;              257;                    3654168;                                     0,031564
       407;       545;         1;BR      ;30/10/2022 19:17:00;         472075;     156454011;            9;                 439221;                                     0,930405;        2684;             145625886;          1955;               115772443;                 1872;                      110473967;             1251;                   55904550;                                     0,506043;                        621;                             54569417;                                     0,493957;                 11;                      1644236;                                     0,014202;               72;                    3654240;                                     0,031564
       407;       545;         1;BR      ;30/10/2022 19:17:01;         472075;     156454011;           39;                 439260;                                     0,930488;       12191;             145638077;          9546;               115781989;                 9008;                      110482975;             6510;                   55911060;                                     0,506060;                       2498;                             54571915;                                     0,493940;                122;                      1644358;                                     0,014202;              416;                    3654656;                                     0,031565
       407;       545;         1;BR      ;30/10/2022 19:17:02;         472075;     156454011;           44;                 439304;                                     0,930581;       14105;             145652182;         11437;               115793426;                10795;                      110493770;             7199;                   55918259;                                     0,506076;                       3596;                             54575511;                                     0,493924;                171;                      1644529;                                     0,014202;              471;                    3655127;                                     0,031566
       407;       545;         1;BR      ;30/10/2022 19:17:03;         472075;     156454011;           32;                 439336;                                     0,930649;        9541;             145661723;          7465;               115800891;                 7116;                      110500886;             4219;                   55922478;                                     0,506082;                       2897;                             54578408;                                     0,493918;                102;                      1644631;                                     0,014202;              247;                    3655374;                                     0,031566
       407;       545;         1;BR      ;30/10/2022 19:17:04;         472075;     156454011;           20;                 439356;                                     0,930691;        6337;             145668060;          5293;               115806184;                 4961;                      110505847;             3668;                   55926146;                                     0,506092;                       1293;                             54579701;                                     0,493908;                 61;                      1644692;                                     0,014202;              271;                    3655645;                                     0,031567
       407;       545;         1;BR      ;30/10/2022 19:17:06;         472075;     156454011;            2;                 439358;                                     0,930695;         592;             145668652;           485;               115806669;                  464;                      110506311;              421;                   55926567;                                     0,506094;                         43;                             54579744;                                     0,493906;                  2;                      1644694;                                     0,014202;               19;                    3655664;                                     0,031567
       407;       545;         1;BR      ;30/10/2022 19:17:07;         472075;     156454011;           28;                 439386;                                     0,930755;        9744;             145678396;          8352;               115815021;                 7825;                      110514136;             4727;                   55931294;                                     0,506101;                       3098;                             54582842;                                     0,493899;                 95;                      1644789;                                     0,014202;              432;                    3656096;                                     0,031568
       407;       545;         1;BR      ;30/10/2022 19:17:08;         472075;     156454011;           31;                 439417;                                     0,930820;       10580;             145688976;          7827;               115822848;                 7338;                      110521474;             4236;                   55935530;                                     0,506106;                       3102;                             54585944;                                     0,493894;                106;                      1644895;                                     0,014202;              383;                    3656479;                                     0,031570
       407;       545;         1;BR      ;30/10/2022 19:17:09;         472075;     156454011;           35;                 439452;                                     0,930894;       12262;             145701238;          9892;               115832740;                 9523;                      110530997;             3838;                   55939368;                                     0,506097;                       5685;                             54591629;                                     0,493903;                118;                      1645013;                                     0,014202;              251;                    3656730;                                     0,031569
       407;       545;         1;BR      ;30/10/2022 19:17:10;         472075;     156454011;           24;                 439476;                                     0,930945;        8390;             145709628;          6977;               115839717;                 6762;                      110537759;             1674;                   55941042;                                     0,506081;                       5088;                             54596717;                                     0,493919;                 76;                      1645089;                                     0,014201;              139;                    3656869;                                     0,031568
       407;       545;         1;BR      ;30/10/2022 19:17:11;         472075;     156454011;           30;                 439506;                                     0,931009;       10655;             145720283;          8548;               115848265;                 8227;                      110545986;             2714;                   55943756;                                     0,506068;                       5513;                             54602230;                                     0,493932;                121;                      1645210;                                     0,014201;              200;                    3657069;                                     0,031568
       407;       545;         1;BR      ;30/10/2022 19:17:12;         472075;     156454011;           10;                 439516;                                     0,931030;        2776;             145723059;          2350;               115850615;                 2293;                      110548279;              577;                   55944333;                                     0,506062;                       1716;                             54603946;                                     0,493938;                 24;                      1645234;                                     0,014201;               33;                    3657102;                                     0,031567
       407;       545;         1;BR      ;30/10/2022 19:17:13;         472075;     156454011;           13;                 439529;                                     0,931058;        3644;             145726703;          2980;               115853595;                 2836;                      110551115;             1665;                   55945998;                                     0,506065;                       1171;                             54605117;                                     0,493935;                 33;                      1645267;                                     0,014201;              111;                    3657213;                                     0,031568
       407;       545;         1;BR      ;30/10/2022 19:17:49;         472075;     156454011;           96;                 439625;                                     0,931261;       28140;             145754843;         22308;               115875903;                21565;                      110572680;            14092;                   55960090;                                     0,506093;                       7473;                             54612590;                                     0,493907;                235;                      1645502;                                     0,014201;              508;                    3657721;                                     0,031566
       407;       545;         1;BR      ;30/10/2022 19:17:50;         472075;     156454011;           80;                 439705;                                     0,931430;       30727;             145785570;         24685;               115900588;                23667;                      110596347;            11040;                   55971130;                                     0,506085;                      12627;                             54625217;                                     0,493915;                345;                      1645847;                                     0,014201;              673;                    3658394;                                     0,031565
       407;       545;         1;BR      ;30/10/2022 19:17:51;         472075;     156454011;            3;                 439708;                                     0,931437;         997;             145786567;           815;               115901403;                  784;                      110597131;              277;                   55971407;                                     0,506084;                        507;                             54625724;                                     0,493916;                 12;                      1645859;                                     0,014201;               19;                    3658413;                                     0,031565
       407;       545;         1;BR      ;30/10/2022 19:17:52;         472075;     156454011;           25;                 439733;                                     0,931490;       10095;             145796662;          7729;               115909132;                 7433;                      110604564;             3520;                   55974927;                                     0,506082;                       3913;                             54629637;                                     0,493918;                 76;                      1645935;                                     0,014200;              220;                    3658633;                                     0,031565
       407;       545;         1;BR      ;30/10/2022 19:17:53;         472075;     156454011;           98;                 439831;                                     0,931697;       32498;             145829160;         25415;               115934547;                24485;                      110629049;            11143;                   55986070;                                     0,506070;                      13342;                             54642979;                                     0,493930;                326;                      1646261;                                     0,014200;              604;                    3659237;                                     0,031563
       407;       545;         1;BR      ;30/10/2022 19:17:54;         472075;     156454011;          103;                 439934;                                     0,931915;       32439;             145861599;         25918;               115960465;                24837;                      110653886;            13589;                   55999659;                                     0,506079;                      11248;                             54654227;                                     0,493921;                349;                      1646610;                                     0,014200;              732;                    3659969;                                     0,031562
       407;       545;         1;BR      ;30/10/2022 19:17:55;         472075;     156454011;           32;                 439966;                                     0,931983;       10269;             145871868;          8222;               115968687;                 7893;                      110661779;             3761;                   56003420;                                     0,506077;                       4132;                             54658359;                                     0,493923;                131;                      1646741;                                     0,014200;              198;                    3660167;                                     0,031562
       407;       545;         1;BR      ;30/10/2022 19:17:56;         472075;     156454011;           55;                 440021;                                     0,932100;       17411;             145889279;         13891;               115982578;                13333;                      110675112;             6574;                   56009994;                                     0,506076;                       6759;                             54665118;                                     0,493924;                180;                      1646921;                                     0,014200;              378;                    3660545;                                     0,031561
       407;       545;         1;BR      ;30/10/2022 19:17:57;         472075;     156454011;           60;                 440081;                                     0,932227;       17203;             145906482;         14236;               115996814;                13677;                      110688789;             8489;                   56018483;                                     0,506090;                       5188;                             54670306;                                     0,493910;                189;                      1647110;                                     0,014200;              370;                    3660915;                                     0,031560
       407;       545;         1;BR      ;30/10/2022 19:17:58;         472075;     156454011;           46;                 440127;                                     0,932324;       13759;             145920241;         10643;               116007457;                10343;                      110699132;             7001;                   56025484;                                     0,506106;                       3342;                             54673648;                                     0,493894;                 82;                      1647192;                                     0,014199;              218;                    3661133;                                     0,031559
       407;       545;         1;BR      ;30/10/2022 19:17:59;         472075;     156454011;           41;                 440168;                                     0,932411;       12360;             145932601;          9290;               116016747;                 9038;                      110708170;             7153;                   56032637;                                     0,506129;                       1885;                             54675533;                                     0,493871;                 72;                      1647264;                                     0,014199;              180;                    3661313;                                     0,031558
       407;       545;         1;BR      ;30/10/2022 19:18:00;         472075;     156454011;           59;                 440227;                                     0,932536;       17165;             145949766;         13520;               116030267;                13027;                      110721197;             7943;                   56040580;                                     0,506141;                       5084;                             54680617;                                     0,493859;                166;                      1647430;                                     0,014198;              327;                    3661640;                                     0,031558
       407;       545;         1;BR      ;30/10/2022 19:18:01;         472075;     156454011;           72;                 440299;                                     0,932689;       19904;             145969670;         14759;               116045026;                14425;                      110735622;            10509;                   56051089;                                     0,506170;                       3916;                             54684533;                                     0,493830;                116;                      1647546;                                     0,014197;              218;                    3661858;                                     0,031555
       407;       545;         1;BR      ;30/10/2022 19:18:02;         472075;     156454011;           29;                 440328;                                     0,932750;        8181;             145977851;          6342;               116051368;                 6183;                      110741805;             3667;                   56054756;                                     0,506175;                       2516;                             54687049;                                     0,493825;                 51;                      1647597;                                     0,014197;              108;                    3661966;                                     0,031555
       407;       545;         1;BR      ;30/10/2022 19:18:03;         472075;     156454011;           44;                 440372;                                     0,932843;       14638;             145992489;         11609;               116062977;                10968;                      110752773;             4447;                   56059203;                                     0,506165;                       6521;                             54693570;                                     0,493835;                222;                      1647819;                                     0,014198;              419;                    3662385;                                     0,031555
       407;       545;         1;BR      ;30/10/2022 19:18:04;         472075;     156454011;          211;                 440583;                                     0,933290;       73005;             146065494;         57886;               116120863;                54397;                      110807170;            27018;                   56086221;                                     0,506161;                      27379;                             54720949;                                     0,493839;               1105;                      1648924;                                     0,014200;             2384;                    3664769;                                     0,031560
       407;       545;         1;BR      ;30/10/2022 19:18:05;         472075;     156454011;          144;                 440727;                                     0,933595;       50872;             146116366;         41015;               116161878;                38605;                      110845775;            16762;                   56102983;                                     0,506136;                      21843;                             54742792;                                     0,493864;                778;                      1649702;                                     0,014202;             1632;                    3666401;                                     0,031563
       407;       545;         1;BR      ;30/10/2022 19:18:06;         472075;     156454011;           87;                 440814;                                     0,933780;       31989;             146148355;         25345;               116187223;                23865;                      110869640;            11470;                   56114453;                                     0,506130;                      12395;                             54755187;                                     0,493870;                520;                      1650222;                                     0,014203;              960;                    3667361;                                     0,031564
       407;       545;         1;BR      ;30/10/2022 19:18:07;         472075;     156454011;           26;                 440840;                                     0,933835;        9187;             146157542;          7313;               116194536;                 6907;                      110876547;             3436;                   56117889;                                     0,506129;                       3471;                             54758658;                                     0,493871;                123;                      1650345;                                     0,014203;              283;                    3667644;                                     0,031565
       407;       545;         1;BR      ;30/10/2022 19:18:08;         472075;     156454011;           25;                 440865;                                     0,933888;        8722;             146166264;          7034;               116201570;                 6625;                      110883172;             3051;                   56120940;                                     0,506127;                       3574;                             54762232;                                     0,493873;                142;                      1650487;                                     0,014204;              267;                    3667911;                                     0,031565
       407;       545;         1;BR      ;30/10/2022 19:18:09;         472075;     156454011;            3;                 440868;                                     0,933894;         961;             146167225;           670;               116202240;                  637;                      110883809;              275;                   56121215;                                     0,506126;                        362;                             54762594;                                     0,493874;                 16;                      1650503;                                     0,014204;               17;                    3667928;                                     0,031565
       407;       545;         1;BR      ;30/10/2022 19:18:10;         472075;     156454011;            2;                 440870;                                     0,933898;         620;             146167845;           447;               116202687;                  418;                      110884227;              178;                   56121393;                                     0,506126;                        240;                             54762834;                                     0,493874;                 15;                      1650518;                                     0,014204;               14;                    3667942;                                     0,031565
       407;       545;         1;BR      ;30/10/2022 19:18:11;         472075;     156454011;           42;                 440912;                                     0,933987;       11915;             146179760;          9779;               116212466;                 9319;                      110893546;             3994;                   56125387;                                     0,506120;                       5325;                             54768159;                                     0,493880;                176;                      1650694;                                     0,014204;              284;                    3668226;                                     0,031565
       407;       545;         1;BR      ;30/10/2022 19:18:12;         472075;     156454011;           10;                 440922;                                     0,934008;        2924;             146182684;          2317;               116214783;                 2190;                      110895736;             1250;                   56126637;                                     0,506121;                        940;                             54769099;                                     0,493879;                 32;                      1650726;                                     0,014204;               95;                    3668321;                                     0,031565
       407;       545;         1;BR      ;30/10/2022 19:18:14;         472075;     156454011;            3;                 440925;                                     0,934015;         919;             146183603;           643;               116215426;                  619;                      110896355;              395;                   56127032;                                     0,506122;                        224;                             54769323;                                     0,493878;                  7;                      1650733;                                     0,014204;               17;                    3668338;                                     0,031565
       407;       545;         1;BR      ;30/10/2022 19:18:15;         472075;     156454011;           32;                 440957;                                     0,934083;        8542;             146192145;          6606;               116222032;                 6265;                      110902620;             4115;                   56131147;                                     0,506130;                       2150;                             54771473;                                     0,493870;                 69;                      1650802;                                     0,014204;              272;                    3668610;                                     0,031566
       407;       545;         1;BR      ;30/10/2022 19:18:16;         472075;     156454011;           51;                 441008;                                     0,934191;       16136;             146208281;         13017;               116235049;                12261;                      110914881;             8519;                   56139666;                                     0,506151;                       3742;                             54775215;                                     0,493849;                181;                      1650983;                                     0,014204;              575;                    3669185;                                     0,031567
       407;       545;         1;BR      ;30/10/2022 19:18:17;         472075;     156454011;           22;                 441030;                                     0,934237;        7133;             146215414;          5393;               116240442;                 5067;                      110919948;             4012;                   56143678;                                     0,506164;                       1055;                             54776270;                                     0,493836;                 79;                      1651062;                                     0,014204;              247;                    3669432;                                     0,031568
       407;       545;         1;BR      ;30/10/2022 19:18:18;         472075;     156454011;            8;                 441038;                                     0,934254;        2662;             146218076;          1951;               116242393;                 1846;                      110921794;             1513;                   56145191;                                     0,506169;                        333;                             54776603;                                     0,493831;                 30;                      1651092;                                     0,014204;               75;                    3669507;                                     0,031568
       407;       545;         1;BR      ;30/10/2022 19:18:19;         472075;     156454011;           15;                 441053;                                     0,934286;        4367;             146222443;          3437;               116245830;                 3293;                      110925087;             1551;                   56146742;                                     0,506168;                       1742;                             54778345;                                     0,493832;                 33;                      1651125;                                     0,014204;              111;                    3669618;                                     0,031568
       407;       545;         1;BR      ;30/10/2022 19:18:20;         472075;     156454011;           46;                 441099;                                     0,934383;       15992;             146238435;         13463;               116259293;                12545;                      110937632;             8713;                   56155455;                                     0,506189;                       3832;                             54782177;                                     0,493811;                189;                      1651314;                                     0,014204;              729;                    3670347;                                     0,031570
       407;       545;         1;BR      ;30/10/2022 19:18:21;         472075;     156454011;            4;                 441103;                                     0,934392;        1559;             146239994;          1318;               116260611;                 1224;                      110938856;              795;                   56156250;                                     0,506191;                        429;                             54782606;                                     0,493809;                 15;                      1651329;                                     0,014204;               79;                    3670426;                                     0,031571
       407;       545;         1;BR      ;30/10/2022 19:18:22;         472075;     156454011;           47;                 441150;                                     0,934491;       15832;             146255826;         12544;               116273155;                11850;                      110950706;             6914;                   56163164;                                     0,506199;                       4936;                             54787542;                                     0,493801;                150;                      1651479;                                     0,014203;              544;                    3670970;                                     0,031572
       407;       545;         1;BR      ;30/10/2022 19:18:23;         472075;     156454011;           41;                 441191;                                     0,934578;       13816;             146269642;         11385;               116284540;                10940;                      110961646;             3695;                   56166859;                                     0,506183;                       7245;                             54794787;                                     0,493817;                161;                      1651640;                                     0,014203;              284;                    3671254;                                     0,031571
       407;       545;         1;BR      ;30/10/2022 19:18:27;         472075;     156454011;            2;                 441193;                                     0,934582;         541;             146270183;           423;               116284963;                  413;                      110962059;              203;                   56167062;                                     0,506183;                        210;                             54794997;                                     0,493817;                  4;                      1651644;                                     0,014203;                6;                    3671260;                                     0,031571
       407;       545;         1;BR      ;30/10/2022 19:18:29;         472075;     156454011;            8;                 441201;                                     0,934599;        2779;             146272962;          2289;               116287252;                 2194;                      110964253;             1189;                   56168251;                                     0,506183;                       1005;                             54796002;                                     0,493817;                 30;                      1651674;                                     0,014203;               65;                    3671325;                                     0,031571
       407;       545;         1;BR      ;30/10/2022 19:18:30;         472075;     156454011;            5;                 441206;                                     0,934610;        1400;             146274362;          1196;               116288448;                 1180;                      110965433;              342;                   56168593;                                     0,506181;                        838;                             54796840;                                     0,493819;                 13;                      1651687;                                     0,014203;                3;                    3671328;                                     0,031571
       407;       545;         1;BR      ;30/10/2022 19:18:54;         472075;     156454011;           22;                 441228;                                     0,934657;        7291;             146281653;          5418;               116293866;                 5082;                      110970515;             2834;                   56171427;                                     0,506183;                       2248;                             54799088;                                     0,493817;                 69;                      1651756;                                     0,014203;              267;                    3671595;                                     0,031572
       407;       545;         1;BR      ;30/10/2022 19:18:55;         472075;     156454011;           92;                 441320;                                     0,934851;       27676;             146309329;         22599;               116316465;                21611;                      110992126;            13606;                   56185033;                                     0,506207;                       8005;                             54807093;                                     0,493793;                313;                      1652069;                                     0,014203;              675;                    3672270;                                     0,031571
       407;       545;         1;BR      ;30/10/2022 19:18:56;         472075;     156454011;           91;                 441411;                                     0,935044;       30726;             146340055;         24321;               116340786;                23298;                      111015424;            12506;                   56197539;                                     0,506214;                      10792;                             54817885;                                     0,493786;                333;                      1652402;                                     0,014203;              690;                    3672960;                                     0,031571
       407;       545;         1;BR      ;30/10/2022 19:18:57;         472075;     156454011;           80;                 441491;                                     0,935214;       25119;             146365174;         19812;               116360598;                19114;                      111034538;             9380;                   56206919;                                     0,506211;                       9734;                             54827619;                                     0,493789;                234;                      1652636;                                     0,014203;              464;                    3673424;                                     0,031569
       407;       545;         1;BR      ;30/10/2022 19:18:58;         472075;     156454011;           57;                 441548;                                     0,935334;       18139;             146383313;         14521;               116375119;                14021;                      111048559;             8812;                   56215731;                                     0,506227;                       5209;                             54832828;                                     0,493773;                158;                      1652794;                                     0,014202;              342;                    3673766;                                     0,031568
       407;       545;         1;BR      ;30/10/2022 19:18:59;         472075;     156454011;           33;                 441581;                                     0,935404;        8868;             146392181;          6840;               116381959;                 6689;                      111055248;             5269;                   56221000;                                     0,506244;                       1420;                             54834248;                                     0,493756;                 44;                      1652838;                                     0,014202;              107;                    3673873;                                     0,031567
       407;       545;         1;BR      ;30/10/2022 19:19:00;         472075;     156454011;           24;                 441605;                                     0,935455;        7293;             146399474;          5509;               116387468;                 5316;                      111060564;             2949;                   56223949;                                     0,506246;                       2367;                             54836615;                                     0,493754;                 58;                      1652896;                                     0,014202;              135;                    3674008;                                     0,031567
       407;       545;         1;BR      ;30/10/2022 19:19:01;         472075;     156454011;          106;                 441711;                                     0,935680;       36261;             146435735;         28820;               116416288;                27093;                      111087657;            13611;                   56237560;                                     0,506245;                      13482;                             54850097;                                     0,493755;                565;                      1653461;                                     0,014203;             1162;                    3675170;                                     0,031569
       407;       545;         1;BR      ;30/10/2022 19:19:02;         472075;     156454011;           48;                 441759;                                     0,935781;       17311;             146453046;         13970;               116430258;                13238;                      111100895;             5450;                   56243010;                                     0,506234;                       7788;                             54857885;                                     0,493766;                258;                      1653719;                                     0,014204;              474;                    3675644;                                     0,031569
       407;       545;         1;BR      ;30/10/2022 19:19:03;         472075;     156454011;            2;                 441761;                                     0,935786;         505;             146453551;           354;               116430612;                  327;                      111101222;              137;                   56243147;                                     0,506233;                        190;                             54858075;                                     0,493767;                 10;                      1653729;                                     0,014204;               17;                    3675661;                                     0,031570
       407;       545;         1;BR      ;30/10/2022 19:19:04;         472075;     156454011;            4;                 441765;                                     0,935794;        1374;             146454925;          1116;               116431728;                 1055;                      111102277;              334;                   56243481;                                     0,506232;                        721;                             54858796;                                     0,493768;                 15;                      1653744;                                     0,014204;               46;                    3675707;                                     0,031570
       407;       545;         1;BR      ;30/10/2022 19:19:05;         472075;     156454011;           51;                 441816;                                     0,935902;       19264;             146474189;         15315;               116447043;                14406;                      111116683;             7869;                   56251350;                                     0,506237;                       6537;                             54865333;                                     0,493763;                342;                      1654086;                                     0,014205;              567;                    3676274;                                     0,031570
       407;       545;         1;BR      ;30/10/2022 19:19:06;         472075;     156454011;            2;                 441818;                                     0,935906;         734;             146474923;           567;               116447610;                  548;                      111117231;              257;                   56251607;                                     0,506237;                        291;                             54865624;                                     0,493763;                  7;                      1654093;                                     0,014205;               12;                    3676286;                                     0,031570
       407;       545;         1;BR      ;30/10/2022 19:19:08;         472075;     156454011;           35;                 441853;                                     0,935981;       10778;             146485701;          8858;               116456468;                 8422;                      111125653;             3623;                   56255230;                                     0,506231;                       4799;                             54870423;                                     0,493769;                199;                      1654292;                                     0,014205;              237;                    3676523;                                     0,031570
       407;       545;         1;BR      ;30/10/2022 19:19:09;         472075;     156454011;           32;                 441885;                                     0,936048;        9241;             146494942;          7158;               116463626;                 6728;                      111132381;             4921;                   56260151;                                     0,506244;                       1807;                             54872230;                                     0,493756;                 96;                      1654388;                                     0,014205;              334;                    3676857;                                     0,031571
       407;       545;         1;BR      ;30/10/2022 19:19:10;         472075;     156454011;            9;                 441894;                                     0,936067;        2585;             146497527;          2007;               116465633;                 1910;                      111134291;             1579;                   56261730;                                     0,506250;                        331;                             54872561;                                     0,493750;                 24;                      1654412;                                     0,014205;               73;                    3676930;                                     0,031571
       407;       545;         1;BR      ;30/10/2022 19:19:11;         472075;     156454011;            1;                 441895;                                     0,936069;         286;             146497813;           248;               116465881;                  233;                      111134524;              152;                   56261882;                                     0,506250;                         81;                             54872642;                                     0,493750;                  2;                      1654414;                                     0,014205;               13;                    3676943;                                     0,031571
       407;       545;         1;BR      ;30/10/2022 19:19:12;         472075;     156454011;           32;                 441927;                                     0,936137;       10060;             146507873;          8416;               116474297;                 7908;                      111142432;             5400;                   56267282;                                     0,506263;                       2508;                             54875150;                                     0,493737;                108;                      1654522;                                     0,014205;              400;                    3677343;                                     0,031572
       407;       545;         1;BR      ;30/10/2022 19:19:13;         472075;     156454011;           11;                 441938;                                     0,936161;        3279;             146511152;          2725;               116477022;                 2554;                      111144986;             1919;                   56269201;                                     0,506268;                        635;                             54875785;                                     0,493732;                 41;                      1654563;                                     0,014205;              130;                    3677473;                                     0,031573
       407;       545;         1;BR      ;30/10/2022 19:19:14;         472075;     156454011;            6;                 441944;                                     0,936173;        2221;             146513373;          1799;               116478821;                 1741;                      111146727;              745;                   56269946;                                     0,506267;                        996;                             54876781;                                     0,493733;                 18;                      1654581;                                     0,014205;               40;                    3677513;                                     0,031572
       407;       545;         1;BR      ;30/10/2022 19:19:15;         472075;     156454011;            2;                 441946;                                     0,936178;         775;             146514148;           653;               116479474;                  621;                      111147348;              234;                   56270180;                                     0,506267;                        387;                             54877168;                                     0,493733;                  9;                      1654590;                                     0,014205;               23;                    3677536;                                     0,031572
       407;       545;         1;BR      ;30/10/2022 19:19:16;         472075;     156454011;           26;                 441972;                                     0,936233;        9037;             146523185;          7184;               116486658;                 6884;                      111154232;             2874;                   56273054;                                     0,506261;                       4010;                             54881178;                                     0,493739;                 87;                      1654677;                                     0,014205;              213;                    3677749;                                     0,031572
       407;       545;         1;BR      ;30/10/2022 19:19:17;         472075;     156454011;           11;                 441983;                                     0,936256;        3705;             146526890;          3140;               116489798;                 3031;                      111157263;             1020;                   56274074;                                     0,506256;                       2011;                             54883189;                                     0,493744;                 35;                      1654712;                                     0,014205;               74;                    3677823;                                     0,031572
       407;       545;         1;BR      ;30/10/2022 19:19:18;         472075;     156454011;            1;                 441984;                                     0,936258;         283;             146527173;           237;               116490035;                  228;                      111157491;               60;                   56274134;                                     0,506256;                        168;                             54883357;                                     0,493744;                  4;                      1654716;                                     0,014205;                5;                    3677828;                                     0,031572
       407;       545;         1;BR      ;30/10/2022 19:19:21;         472075;     156454011;           24;                 442008;                                     0,936309;        9051;             146536224;          7421;               116497456;                 7173;                      111164664;             1718;                   56275852;                                     0,506239;                       5455;                             54888812;                                     0,493761;                 74;                      1654790;                                     0,014205;              174;                    3678002;                                     0,031572
       407;       545;         1;BR      ;30/10/2022 19:20:00;         472075;     156454011;           21;                 442029;                                     0,936353;        6669;             146542893;          4786;               116502242;                 4445;                      111169109;             2708;                   56278560;                                     0,506243;                       1737;                             54890549;                                     0,493757;                 63;                      1654853;                                     0,014204;              278;                    3678280;                                     0,031573
       407;       545;         1;BR      ;30/10/2022 19:20:01;         472075;     156454011;           61;                 442090;                                     0,936483;       19345;             146562238;         15082;               116517324;                14283;                      111183392;             9296;                   56287856;                                     0,506261;                       4987;                             54895536;                                     0,493739;                163;                      1655016;                                     0,014204;              636;                    3678916;                                     0,031574
       407;       545;         1;BR      ;30/10/2022 19:20:02;         472075;     156454011;          121;                 442211;                                     0,936739;       36256;             146598494;         29174;               116546498;                28039;                      111211431;            17271;                   56305127;                                     0,506289;                      10768;                             54906304;                                     0,493711;                391;                      1655407;                                     0,014204;              744;                    3679660;                                     0,031572
       407;       545;         1;BR      ;30/10/2022 19:20:03;         472075;     156454011;          170;                 442381;                                     0,937099;       56968;             146655462;         45686;               116592184;                43825;                      111255256;            21311;                   56326438;                                     0,506281;                      22514;                             54928818;                                     0,493719;                652;                      1656059;                                     0,014204;             1209;                    3680869;                                     0,031570
       407;       545;         1;BR      ;30/10/2022 19:20:04;         472075;     156454011;          163;                 442544;                                     0,937444;       60778;             146716240;         45362;               116637546;                43430;                      111298686;            19972;                   56346410;                                     0,506263;                      23458;                             54952276;                                     0,493737;                629;                      1656688;                                     0,014204;             1303;                    3682172;                                     0,031569
       407;       545;         1;BR      ;30/10/2022 19:20:05;         472075;     156454011;           93;                 442637;                                     0,937641;       29950;             146746190;         24178;               116661724;                23184;                      111321870;            12374;                   56358784;                                     0,506269;                      10810;                             54963086;                                     0,493731;                322;                      1657010;                                     0,014204;              672;                    3682844;                                     0,031569
       407;       545;         1;BR      ;30/10/2022 19:20:06;         472075;     156454011;           25;                 442662;                                     0,937694;        7615;             146753805;          6336;               116668060;                 6109;                      111327979;             4048;                   56362832;                                     0,506277;                       2061;                             54965147;                                     0,493723;                 76;                      1657086;                                     0,014203;              151;                    3682995;                                     0,031568
       407;       545;         1;BR      ;30/10/2022 19:20:07;         472075;     156454011;           13;                 442675;                                     0,937722;        3364;             146757169;          2626;               116670686;                 2499;                      111330478;             1638;                   56364470;                                     0,506281;                        861;                             54966008;                                     0,493719;                 50;                      1657136;                                     0,014204;               77;                    3683072;                                     0,031568
       407;       545;         1;BR      ;30/10/2022 19:20:08;         472075;     156454011;           48;                 442723;                                     0,937823;       13231;             146770400;         10558;               116681244;                10191;                      111340669;             6758;                   56371228;                                     0,506295;                       3433;                             54969441;                                     0,493705;                115;                      1657251;                                     0,014203;              252;                    3683324;                                     0,031567
       407;       545;         1;BR      ;30/10/2022 19:20:09;         472075;     156454011;           61;                 442784;                                     0,937953;       16535;             146786935;         12820;               116694064;                12441;                      111353110;             9357;                   56380585;                                     0,506322;                       3084;                             54972525;                                     0,493678;                 93;                      1657344;                                     0,014202;              286;                    3683610;                                     0,031566
       407;       545;         1;BR      ;30/10/2022 19:20:10;         472075;     156454011;           54;                 442838;                                     0,938067;       15700;             146802635;         11899;               116705963;                11591;                      111364701;             9319;                   56389904;                                     0,506353;                       2272;                             54974797;                                     0,493647;                 92;                      1657436;                                     0,014202;              216;                    3683826;                                     0,031565
       407;       545;         1;BR      ;30/10/2022 19:20:11;         472075;     156454011;           38;                 442876;                                     0,938148;       10672;             146813307;          8380;               116714343;                 8168;                      111372869;             5083;                   56394987;                                     0,506362;                       3085;                             54977882;                                     0,493638;                 82;                      1657518;                                     0,014201;              130;                    3683956;                                     0,031564
       407;       545;         1;BR      ;30/10/2022 19:20:12;         472075;     156454011;           33;                 442909;                                     0,938217;       10094;             146823401;          7743;               116722086;                 7499;                      111380368;             4309;                   56399296;                                     0,506367;                       3190;                             54981072;                                     0,493633;                 86;                      1657604;                                     0,014201;              158;                    3684114;                                     0,031563
       407;       545;         1;BR      ;30/10/2022 19:20:13;         472075;     156454011;            6;                 442915;                                     0,938230;        2174;             146825575;          1729;               116723815;                 1617;                      111381985;              774;                   56400070;                                     0,506366;                        843;                             54981915;                                     0,493634;                 36;                      1657640;                                     0,014201;               76;                    3684190;                                     0,031563
       407;       545;         1;BR      ;30/10/2022 19:20:15;         472075;     156454011;          239;                 443154;                                     0,938736;       85137;             146910712;         67181;               116790996;                62843;                      111444828;            30055;                   56430125;                                     0,506350;                      32788;                             55014703;                                     0,493650;               1318;                      1658958;                                     0,014205;             3020;                    3687210;                                     0,031571
       407;       545;         1;BR      ;30/10/2022 19:20:16;         472075;     156454011;          145;                 443299;                                     0,939044;       47342;             146958054;         36952;               116827948;                35094;                      111479922;            18684;                   56448809;                                     0,506359;                      16410;                             55031113;                                     0,493641;                631;                      1659589;                                     0,014205;             1227;                    3688437;                                     0,031572
       407;       545;         1;BR      ;30/10/2022 19:20:17;         472075;     156454011;          170;                 443469;                                     0,939404;       61349;             147019403;         49818;               116877766;                46828;                      111526750;            20568;                   56469377;                                     0,506330;                      26260;                             55057373;                                     0,493670;                922;                      1660511;                                     0,014207;             2068;                    3690505;                                     0,031576
       407;       545;         1;BR      ;30/10/2022 19:20:18;         472075;     156454011;          171;                 443640;                                     0,939766;       61655;             147081058;         49000;               116926766;                46066;                      111572816;            22799;                   56492176;                                     0,506326;                      23267;                             55080640;                                     0,493674;               1028;                      1661539;                                     0,014210;             1906;                    3692411;                                     0,031579
       407;       545;         1;BR      ;30/10/2022 19:20:19;         472075;     156454011;           80;                 443720;                                     0,939935;       27651;             147108709;         21693;               116948459;                20408;                      111593224;             8452;                   56500628;                                     0,506309;                      11956;                             55092596;                                     0,493691;                416;                      1661955;                                     0,014211;              869;                    3693280;                                     0,031580
       407;       545;         1;BR      ;30/10/2022 19:20:20;         472075;     156454011;            3;                 443723;                                     0,939942;         982;             147109691;           754;               116949213;                  709;                      111593933;              279;                   56500907;                                     0,506308;                        430;                             55093026;                                     0,493692;                 14;                      1661969;                                     0,014211;               31;                    3693311;                                     0,031580
       407;       545;         1;BR      ;30/10/2022 19:20:22;         472075;     156454011;           42;                 443765;                                     0,940031;       11988;             147121679;          9813;               116959026;                 9257;                      111603190;             4380;                   56505287;                                     0,506305;                       4877;                             55097903;                                     0,493695;                242;                      1662211;                                     0,014212;              314;                    3693625;                                     0,031581
       407;       545;         1;BR      ;30/10/2022 19:20:23;         472075;     156454011;           20;                 443785;                                     0,940073;        5728;             147127407;          4761;               116963787;                 4591;                      111607781;             1541;                   56506828;                                     0,506298;                       3050;                             55100953;                                     0,493702;                 80;                      1662291;                                     0,014212;               90;                    3693715;                                     0,031580
       407;       545;         1;BR      ;30/10/2022 19:20:24;         472075;     156454011;           27;                 443812;                                     0,940130;        8198;             147135605;          6414;               116970201;                 6112;                      111613893;             4876;                   56511704;                                     0,506314;                       1236;                             55102189;                                     0,493686;                 63;                      1662354;                                     0,014212;              239;                    3693954;                                     0,031580
       407;       545;         1;BR      ;30/10/2022 19:20:25;         472075;     156454011;          117;                 443929;                                     0,940378;       38030;             147173635;         30299;               117000500;                28576;                      111642469;            20518;                   56532222;                                     0,506368;                       8058;                             55110247;                                     0,493632;                384;                      1662738;                                     0,014211;             1339;                    3695293;                                     0,031584
       407;       545;         1;BR      ;30/10/2022 19:20:26;         472075;     156454011;            9;                 443938;                                     0,940397;        2680;             147176315;          2011;               117002511;                 1894;                      111644363;             1268;                   56533490;                                     0,506371;                        626;                             55110873;                                     0,493629;                 31;                      1662769;                                     0,014211;               86;                    3695379;                                     0,031584
       407;       545;         1;BR      ;30/10/2022 19:20:27;         472075;     156454011;           13;                 443951;                                     0,940425;        3848;             147180163;          2921;               117005432;                 2803;                      111647166;             1447;                   56534937;                                     0,506371;                       1356;                             55112229;                                     0,493629;                 23;                      1662792;                                     0,014211;               95;                    3695474;                                     0,031584
       407;       545;         1;BR      ;30/10/2022 19:20:28;         472075;     156454011;           22;                 443973;                                     0,940471;        6710;             147186873;          5442;               117010874;                 5156;                      111652322;             3093;                   56538030;                                     0,506376;                       2063;                             55114292;                                     0,493624;                 76;                      1662868;                                     0,014211;              210;                    3695684;                                     0,031584
       407;       545;         1;BR      ;30/10/2022 19:20:29;         472075;     156454011;           80;                 444053;                                     0,940641;       27843;             147214716;         23432;               117034306;                21855;                      111674177;            15086;                   56553116;                                     0,506412;                       6769;                             55121061;                                     0,493588;                344;                      1663212;                                     0,014211;             1233;                    3696917;                                     0,031588
       407;       545;         1;BR      ;30/10/2022 19:20:30;         472075;     156454011;            2;                 444055;                                     0,940645;         615;             147215331;           492;               117034798;                  461;                      111674638;              400;                   56553516;                                     0,506413;                         61;                             55121122;                                     0,493587;                  5;                      1663217;                                     0,014211;               26;                    3696943;                                     0,031588
       407;       545;         1;BR      ;30/10/2022 19:20:31;         472075;     156454011;           22;                 444077;                                     0,940692;        7285;             147222616;          5939;               117040737;                 5700;                      111680338;             2756;                   56556272;                                     0,506412;                       2944;                             55124066;                                     0,493588;                 86;                      1663303;                                     0,014211;              153;                    3697096;                                     0,031588
       407;       545;         1;BR      ;30/10/2022 19:20:32;         472075;     156454011;           91;                 444168;                                     0,940884;       32004;             147254620;         26317;               117067054;                25367;                      111705705;             7719;                   56563991;                                     0,506366;                      17648;                             55141714;                                     0,493634;                341;                      1663644;                                     0,014211;              609;                    3697705;                                     0,031586
       407;       545;         1;BR      ;30/10/2022 19:20:33;         472075;     156454011;           11;                 444179;                                     0,940908;        3591;             147258211;          3037;               117070091;                 2953;                      111708658;              866;                   56564857;                                     0,506361;                       2087;                             55143801;                                     0,493639;                 36;                      1663680;                                     0,014211;               48;                    3697753;                                     0,031586
       407;       545;         1;BR      ;30/10/2022 19:20:34;         472075;     156454011;            4;                 444183;                                     0,940916;        1526;             147259737;          1200;               117071291;                 1170;                      111709828;              336;                   56565193;                                     0,506358;                        834;                             55144635;                                     0,493642;                 13;                      1663693;                                     0,014211;               17;                    3697770;                                     0,031586
       407;       545;         1;BR      ;30/10/2022 19:20:35;         472075;     156454011;           28;                 444211;                                     0,940975;        7926;             147267663;          6617;               117077908;                 6416;                      111716244;             2306;                   56567499;                                     0,506350;                       4110;                             55148745;                                     0,493650;                 94;                      1663787;                                     0,014211;              107;                    3697877;                                     0,031585
       407;       545;         1;BR      ;30/10/2022 19:20:38;         472075;     156454011;           18;                 444229;                                     0,941014;        4718;             147272381;          3963;               117081871;                 3861;                      111720105;             1323;                   56568822;                                     0,506344;                       2538;                             55151283;                                     0,493656;                 38;                      1663825;                                     0,014211;               64;                    3697941;                                     0,031584
       407;       545;         1;BR      ;30/10/2022 19:21:08;         472075;     156454011;           30;                 444259;                                     0,941077;        8626;             147281007;          6876;               117088747;                 6657;                      111726762;             4929;                   56573751;                                     0,506358;                       1728;                             55153011;                                     0,493642;                 75;                      1663900;                                     0,014211;              144;                    3698085;                                     0,031584
       407;       545;         1;BR      ;30/10/2022 19:21:09;         472075;     156454011;          138;                 444397;                                     0,941369;       39875;             147320882;         32268;               117121015;                31125;                      111757887;            21618;                   56595369;                                     0,506411;                       9507;                             55162518;                                     0,493589;                364;                      1664264;                                     0,014210;              779;                    3698864;                                     0,031582
       407;       545;         1;BR      ;30/10/2022 19:21:10;         472075;     156454011;          233;                 444630;                                     0,941863;       80121;             147401003;         64180;               117185195;                61373;                      111819260;            29962;                   56625331;                                     0,506401;                      31411;                             55193929;                                     0,493599;                989;                      1665253;                                     0,014210;             1818;                    3700682;                                     0,031580
       407;       545;         1;BR      ;30/10/2022 19:21:11;         472075;     156454011;          143;                 444773;                                     0,942166;       50165;             147451168;         38874;               117224069;                37280;                      111856540;            17368;                   56642699;                                     0,506387;                      19912;                             55213841;                                     0,493613;                542;                      1665795;                                     0,014210;             1052;                    3701734;                                     0,031578
       407;       545;         1;BR      ;30/10/2022 19:21:12;         472075;     156454011;          108;                 444881;                                     0,942395;       36641;             147487809;         27028;               117251097;                26003;                      111882543;            14121;                   56656820;                                     0,506396;                      11882;                             55225723;                                     0,493604;                328;                      1666123;                                     0,014210;              697;                    3702431;                                     0,031577
       407;       545;         1;BR      ;30/10/2022 19:21:13;         472075;     156454011;            7;                 444888;                                     0,942410;        2064;             147489873;          1568;               117252665;                 1532;                      111884075;             1177;                   56657997;                                     0,506399;                        355;                             55226078;                                     0,493601;                 15;                      1666138;                                     0,014210;               21;                    3702452;                                     0,031577
       407;       545;         1;BR      ;30/10/2022 19:21:14;         472075;     156454011;           10;                 444898;                                     0,942431;        3098;             147492971;          2244;               117254909;                 2167;                      111886242;             1316;                   56659313;                                     0,506401;                        851;                             55226929;                                     0,493599;                 25;                      1666163;                                     0,014210;               52;                    3702504;                                     0,031577
       407;       545;         1;BR      ;30/10/2022 19:21:15;         472075;     156454011;           44;                 444942;                                     0,942524;       12155;             147505126;          9172;               117264081;                 8970;                      111895212;             6061;                   56665374;                                     0,506415;                       2909;                             55229838;                                     0,493585;                 79;                      1666242;                                     0,014209;              123;                    3702627;                                     0,031575
       407;       545;         1;BR      ;30/10/2022 19:21:16;         472075;     156454011;           61;                 445003;                                     0,942653;       17545;             147522671;         12700;               117276781;                12418;                      111907630;             9295;                   56674669;                                     0,506442;                       3123;                             55232961;                                     0,493558;                 85;                      1666327;                                     0,014208;              197;                    3702824;                                     0,031573
       407;       545;         1;BR      ;30/10/2022 19:21:17;         472075;     156454011;           27;                 445030;                                     0,942710;        9165;             147531836;          7162;               117283943;                 6832;                      111914462;             3501;                   56678170;                                     0,506442;                       3331;                             55236292;                                     0,493558;                101;                      1666428;                                     0,014208;              229;                    3703053;                                     0,031573
       407;       545;         1;BR      ;30/10/2022 19:21:18;         472075;     156454011;          226;                 445256;                                     0,943189;       79451;             147611287;         63365;               117347308;                59459;                      111973921;            29598;                   56707768;                                     0,506437;                      29861;                             55266153;                                     0,493563;               1209;                      1667637;                                     0,014211;             2697;                    3705750;                                     0,031579
       407;       545;         1;BR      ;30/10/2022 19:21:19;         472075;     156454011;          133;                 445389;                                     0,943471;       47481;             147658768;         37587;               117384895;                35430;                      112009351;            16720;                   56724488;                                     0,506426;                      18710;                             55284863;                                     0,493574;                673;                      1668310;                                     0,014212;             1484;                    3707234;                                     0,031582
       407;       545;         1;BR      ;30/10/2022 19:21:20;         472075;     156454011;          115;                 445504;                                     0,943714;       41461;             147700229;         32688;               117417583;                30817;                      112040168;            13966;                   56738454;                                     0,506412;                      16851;                             55301714;                                     0,493588;                658;                      1668968;                                     0,014214;             1213;                    3708447;                                     0,031583
       407;       545;         1;BR      ;30/10/2022 19:21:21;         472075;     156454011;           10;                 445514;                                     0,943736;        3230;             147703459;          2512;               117420095;                 2318;                      112042486;              952;                   56739406;                                     0,506410;                       1366;                             55303080;                                     0,493590;                 69;                      1669037;                                     0,014214;              125;                    3708572;                                     0,031584
       407;       545;         1;BR      ;30/10/2022 19:21:23;         472075;     156454011;            1;                 445515;                                     0,943738;         336;             147703795;           294;               117420389;                  272;                      112042758;              206;                   56739612;                                     0,506410;                         66;                             55303146;                                     0,493590;                  3;                      1669040;                                     0,014214;               19;                    3708591;                                     0,031584
       407;       545;         1;BR      ;30/10/2022 19:21:24;         472075;     156454011;           49;                 445564;                                     0,943842;       14905;             147718700;         12281;               117432670;                11595;                      112054353;             5280;                   56744892;                                     0,506405;                       6315;                             55309461;                                     0,493595;                247;                      1669287;                                     0,014215;              439;                    3709030;                                     0,031584
       407;       545;         1;BR      ;30/10/2022 19:21:25;         472075;     156454011;           28;                 445592;                                     0,943901;        7387;             147726087;          5995;               117438665;                 5603;                      112059956;             2409;                   56747301;                                     0,506401;                       3194;                             55312655;                                     0,493599;                199;                      1669486;                                     0,014216;              193;                    3709223;                                     0,031584
       407;       545;         1;BR      ;30/10/2022 19:21:26;         472075;     156454011;           40;                 445632;                                     0,943986;       11768;             147737855;          9227;               117447892;                 8875;                      112068831;             5161;                   56752462;                                     0,506407;                       3714;                             55316369;                                     0,493593;                 75;                      1669561;                                     0,014215;              277;                    3709500;                                     0,031584
       407;       545;         1;BR      ;30/10/2022 19:21:27;         472075;     156454011;           62;                 445694;                                     0,944117;       21838;             147759693;         17383;               117465275;                16323;                      112085154;            11346;                   56763808;                                     0,506435;                       4977;                             55321346;                                     0,493565;                219;                      1669780;                                     0,014215;              841;                    3710341;                                     0,031587
       407;       545;         1;BR      ;30/10/2022 19:21:28;         472075;     156454011;           11;                 445705;                                     0,944140;        3594;             147763287;          2854;               117468129;                 2682;                      112087836;             2037;                   56765845;                                     0,506441;                        645;                             55321991;                                     0,493559;                 35;                      1669815;                                     0,014215;              137;                    3710478;                                     0,031587
       407;       545;         1;BR      ;30/10/2022 19:21:30;         472075;     156454011;           19;                 445724;                                     0,944180;        6342;             147769629;          5172;               117473301;                 4879;                      112092715;             3063;                   56768908;                                     0,506446;                       1816;                             55323807;                                     0,493554;                 50;                      1669865;                                     0,014215;              243;                    3710721;                                     0,031588
       407;       545;         1;BR      ;30/10/2022 19:21:31;         472075;     156454011;           38;                 445762;                                     0,944261;       11374;             147781003;          8859;               117482160;                 8233;                      112100948;             6458;                   56775366;                                     0,506466;                       1775;                             55325582;                                     0,493534;                126;                      1669991;                                     0,014215;              500;                    3711221;                                     0,031590
       407;       545;         1;BR      ;30/10/2022 19:21:32;         472075;     156454011;            1;                 445763;                                     0,944263;         394;             147781397;           343;               117482503;                  327;                      112101275;              205;                   56775571;                                     0,506467;                        122;                             55325704;                                     0,493533;                  3;                      1669994;                                     0,014215;               13;                    3711234;                                     0,031590
       407;       545;         1;BR      ;30/10/2022 19:21:33;         472075;     156454011;           25;                 445788;                                     0,944316;        8631;             147790028;          6662;               117489165;                 6164;                      112107439;             3478;                   56779049;                                     0,506470;                       2686;                             55328390;                                     0,493530;                108;                      1670102;                                     0,014215;              390;                    3711624;                                     0,031591
       407;       545;         1;BR      ;30/10/2022 19:21:34;         472075;     156454011;           23;                 445811;                                     0,944365;        7486;             147797514;          5801;               117494966;                 5537;                      112112976;             3400;                   56782449;                                     0,506475;                       2137;                             55330527;                                     0,493525;                 74;                      1670176;                                     0,014215;              190;                    3711814;                                     0,031591
       407;       545;         1;BR      ;30/10/2022 19:21:35;         472075;     156454011;           64;                 445875;                                     0,944500;       21272;             147818786;         17237;               117512203;                16707;                      112129683;             5233;                   56787682;                                     0,506446;                      11474;                             55342001;                                     0,493554;                187;                      1670363;                                     0,014214;              343;                    3712157;                                     0,031590
       407;       545;         1;BR      ;30/10/2022 19:21:36;         472075;     156454011;            2;                 445877;                                     0,944505;         205;             147818991;           187;               117512390;                  182;                      112129865;               29;                   56787711;                                     0,506446;                        153;                             55342154;                                     0,493554;                  1;                      1670364;                                     0,014214;                4;                    3712161;                                     0,031590
       407;       545;         1;BR      ;30/10/2022 19:21:37;         472075;     156454011;            6;                 445883;                                     0,944517;        1901;             147820892;          1613;               117514003;                 1560;                      112131425;              629;                   56788340;                                     0,506444;                        931;                             55343085;                                     0,493556;                 26;                      1670390;                                     0,014214;               27;                    3712188;                                     0,031589
       407;       545;         1;BR      ;30/10/2022 19:21:38;         472075;     156454011;            1;                 445884;                                     0,944519;         393;             147821285;           318;               117514321;                  306;                      112131731;               90;                   56788430;                                     0,506444;                        216;                             55343301;                                     0,493556;                  3;                      1670393;                                     0,014214;                9;                    3712197;                                     0,031589
       407;       545;         1;BR      ;30/10/2022 19:21:39;         472075;     156454011;           10;                 445894;                                     0,944541;        2926;             147824211;          2431;               117516752;                 2360;                      112134091;              889;                   56789319;                                     0,506441;                       1471;                             55344772;                                     0,493559;                 30;                      1670423;                                     0,014214;               41;                    3712238;                                     0,031589
       407;       545;         1;BR      ;30/10/2022 19:21:40;         472075;     156454011;           14;                 445908;                                     0,944570;        4160;             147828371;          3463;               117520215;                 3383;                      112137474;              830;                   56790149;                                     0,506433;                       2553;                             55347325;                                     0,493567;                 35;                      1670458;                                     0,014214;               45;                    3712283;                                     0,031588
       407;       545;         1;BR      ;30/10/2022 19:22:15;         472075;     156454011;           23;                 445931;                                     0,944619;        8138;             147836509;          6246;               117526461;                 5897;                      112143371;             3685;                   56793834;                                     0,506440;                       2212;                             55349537;                                     0,493560;                 76;                      1670534;                                     0,014214;              273;                    3712556;                                     0,031589
       407;       545;         1;BR      ;30/10/2022 19:22:16;         472075;     156454011;           23;                 445954;                                     0,944668;        7616;             147844125;          5996;               117532457;                 5750;                      112149121;             2675;                   56796509;                                     0,506437;                       3075;                             55352612;                                     0,493563;                 86;                      1670620;                                     0,014214;              160;                    3712716;                                     0,031589
       407;       545;         1;BR      ;30/10/2022 19:22:17;         472075;     156454011;          234;                 446188;                                     0,945163;       80300;             147924425;         64128;               117596585;                61509;                      112210630;            31230;                   56827739;                                     0,506438;                      30279;                             55382891;                                     0,493562;                898;                      1671518;                                     0,014214;             1721;                    3714437;                                     0,031586
       407;       545;         1;BR      ;30/10/2022 19:22:18;         472075;     156454011;          164;                 446352;                                     0,945511;       57724;             147982149;         45066;               117641651;                43080;                      112253710;            19156;                   56846895;                                     0,506414;                      23924;                             55406815;                                     0,493586;                639;                      1672157;                                     0,014214;             1347;                    3715784;                                     0,031586
       407;       545;         1;BR      ;30/10/2022 19:22:19;         472075;     156454011;           72;                 446424;                                     0,945663;       23910;             148006059;         19174;               117660825;                18369;                      112272079;             9263;                   56856158;                                     0,506414;                       9106;                             55415921;                                     0,493586;                289;                      1672446;                                     0,014214;              516;                    3716300;                                     0,031585
       407;       545;         1;BR      ;30/10/2022 19:22:20;         472075;     156454011;           18;                 446442;                                     0,945701;        4973;             148011032;          3994;               117664819;                 3828;                      112275907;             2406;                   56858564;                                     0,506418;                       1422;                             55417343;                                     0,493582;                 73;                      1672519;                                     0,014214;               93;                    3716393;                                     0,031585
       407;       545;         1;BR      ;30/10/2022 19:22:21;         472075;     156454011;           26;                 446468;                                     0,945757;        6959;             148017991;          5602;               117670421;                 5392;                      112281299;             3631;                   56862195;                                     0,506426;                       1761;                             55419104;                                     0,493574;                 57;                      1672576;                                     0,014214;              153;                    3716546;                                     0,031584
       407;       545;         1;BR      ;30/10/2022 19:22:22;         472075;     156454011;           62;                 446530;                                     0,945888;       15943;             148033934;         12883;               117683304;                12426;                      112293725;             9208;                   56871403;                                     0,506452;                       3218;                             55422322;                                     0,493548;                147;                      1672723;                                     0,014214;              310;                    3716856;                                     0,031584
       407;       545;         1;BR      ;30/10/2022 19:22:23;         472075;     156454011;           83;                 446613;                                     0,946064;       22981;             148056915;         18279;               117701583;                17764;                      112311489;            13606;                   56885009;                                     0,506493;                       4158;                             55426480;                                     0,493507;                183;                      1672906;                                     0,014213;              332;                    3717188;                                     0,031581
       407;       545;         1;BR      ;30/10/2022 19:22:24;         472075;     156454011;           19;                 446632;                                     0,946104;        5117;             148062032;          4125;               117705708;                 4050;                      112315539;             2651;                   56887660;                                     0,506499;                       1399;                             55427879;                                     0,493501;                 33;                      1672939;                                     0,014213;               42;                    3717230;                                     0,031581
       407;       545;         1;BR      ;30/10/2022 19:22:25;         472075;     156454011;            6;                 446638;                                     0,946117;        2025;             148064057;          1566;               117707274;                 1538;                      112317077;              899;                   56888559;                                     0,506500;                        639;                             55428518;                                     0,493500;                  9;                      1672948;                                     0,014213;               19;                    3717249;                                     0,031580
       407;       545;         1;BR      ;30/10/2022 19:22:26;         472075;     156454011;           51;                 446689;                                     0,946225;       14552;             148078609;         10514;               117717788;                10261;                      112327338;             8128;                   56896687;                                     0,506526;                       2133;                             55430651;                                     0,493474;                 63;                      1673011;                                     0,014212;              190;                    3717439;                                     0,031579
       407;       545;         1;BR      ;30/10/2022 19:22:27;         472075;     156454011;          119;                 446808;                                     0,946477;       37322;             148115931;         29306;               117747094;                27827;                      112355165;            12940;                   56909627;                                     0,506515;                      14887;                             55445538;                                     0,493485;                486;                      1673497;                                     0,014213;              993;                    3718432;                                     0,031580
       407;       545;         1;BR      ;30/10/2022 19:22:28;         472075;     156454011;          161;                 446969;                                     0,946818;       56926;             148172857;         45279;               117792373;                42376;                      112397541;            21143;                   56930770;                                     0,506513;                      21233;                             55466771;                                     0,493487;                946;                      1674443;                                     0,014215;             1957;                    3720389;                                     0,031584
       407;       545;         1;BR      ;30/10/2022 19:22:29;         472075;     156454011;           43;                 447012;                                     0,946909;       14505;             148187362;         11887;               117804260;                11127;                      112408668;             4820;                   56935590;                                     0,506505;                       6307;                             55473078;                                     0,493495;                234;                      1674677;                                     0,014216;              526;                    3720915;                                     0,031586
       407;       545;         1;BR      ;30/10/2022 19:22:30;         472075;     156454011;           45;                 447057;                                     0,947004;       15777;             148203139;         12460;               117816720;                11697;                      112420365;             5581;                   56941171;                                     0,506502;                       6116;                             55479194;                                     0,493498;                260;                      1674937;                                     0,014216;              503;                    3721418;                                     0,031587
       407;       545;         1;BR      ;30/10/2022 19:22:31;         472075;     156454011;           78;                 447135;                                     0,947169;       27999;             148231138;         22352;               117839072;                21141;                      112441506;             8893;                   56950064;                                     0,506486;                      12248;                             55491442;                                     0,493514;                443;                      1675380;                                     0,014218;              768;                    3722186;                                     0,031587
       407;       545;         1;BR      ;30/10/2022 19:22:32;         472075;     156454011;           28;                 447163;                                     0,947229;        9446;             148240584;          7415;               117846487;                 6989;                      112448495;             2998;                   56953062;                                     0,506481;                       3991;                             55495433;                                     0,493519;                142;                      1675522;                                     0,014218;              284;                    3722470;                                     0,031587
       407;       545;         1;BR      ;30/10/2022 19:22:35;         472075;     156454011;           40;                 447203;                                     0,947313;       11640;             148252224;          9300;               117855787;                 8845;                      112457340;             4648;                   56957710;                                     0,506483;                       4197;                             55499630;                                     0,493517;                178;                      1675700;                                     0,014218;              277;                    3722747;                                     0,031587
       407;       545;         1;BR      ;30/10/2022 19:22:36;         472075;     156454011;           81;                 447284;                                     0,947485;       27386;             148279610;         21717;               117877504;                20396;                      112477736;            14630;                   56972340;                                     0,506521;                       5766;                             55505396;                                     0,493479;                288;                      1675988;                                     0,014218;             1033;                    3723780;                                     0,031590
       407;       545;         1;BR      ;30/10/2022 19:22:37;         472075;     156454011;            3;                 447287;                                     0,947491;         725;             148280335;           583;               117878087;                  564;                      112478300;              512;                   56972852;                                     0,506523;                         52;                             55505448;                                     0,493477;                  2;                      1675990;                                     0,014218;               17;                    3723797;                                     0,031590
       407;       545;         1;BR      ;30/10/2022 19:22:38;         472075;     156454011;            4;                 447291;                                     0,947500;         862;             148281197;           639;               117878726;                  603;                      112478903;              542;                   56973394;                                     0,506525;                         61;                             55505509;                                     0,493475;                 14;                      1676004;                                     0,014218;               22;                    3723819;                                     0,031590
       407;       545;         1;BR      ;30/10/2022 19:22:39;         472075;     156454011;           20;                 447311;                                     0,947542;        5037;             148286234;          3993;               117882719;                 3814;                      112482717;             2392;                   56975786;                                     0,506529;                       1422;                             55506931;                                     0,493471;                 53;                      1676057;                                     0,014218;              126;                    3723945;                                     0,031590
       407;       545;         1;BR      ;30/10/2022 19:22:40;         472075;     156454011;            3;                 447314;                                     0,947549;        1078;             148287312;           819;               117883538;                  761;                      112483478;              494;                   56976280;                                     0,506530;                        267;                             55507198;                                     0,493470;                 14;                      1676071;                                     0,014218;               44;                    3723989;                                     0,031590
       407;       545;         1;BR      ;30/10/2022 19:22:41;         472075;     156454011;            3;                 447317;                                     0,947555;         714;             148288026;           553;               117884091;                  527;                      112484005;              403;                   56976683;                                     0,506531;                        124;                             55507322;                                     0,493469;                  8;                      1676079;                                     0,014218;               18;                    3724007;                                     0,031590
       407;       545;         1;BR      ;30/10/2022 19:22:43;         472075;     156454011;           96;                 447413;                                     0,947758;       30697;             148318723;         24418;               117908509;                23062;                      112507067;            15180;                   56991863;                                     0,506563;                       7882;                             55515204;                                     0,493437;                312;                      1676391;                                     0,014218;             1044;                    3725051;                                     0,031593
       407;       545;         1;BR      ;30/10/2022 19:22:44;         472075;     156454011;           13;                 447426;                                     0,947786;        4458;             148323181;          3798;               117912307;                 3526;                      112510593;             1976;                   56993839;                                     0,506564;                       1550;                             55516754;                                     0,493436;                 48;                      1676439;                                     0,014218;              224;                    3725275;                                     0,031594
       407;       545;         1;BR      ;30/10/2022 19:22:46;         472075;     156454011;            2;                 447428;                                     0,947790;         568;             148323749;           426;               117912733;                  395;                      112510988;              290;                   56994129;                                     0,506565;                        105;                             55516859;                                     0,493435;                  5;                      1676444;                                     0,014218;               26;                    3725301;                                     0,031594
       407;       545;         1;BR      ;30/10/2022 19:22:47;         472075;     156454011;            5;                 447433;                                     0,947801;        1883;             148325632;          1548;               117914281;                 1484;                      112512472;              811;                   56994940;                                     0,506566;                        673;                             55517532;                                     0,493434;                 17;                      1676461;                                     0,014218;               47;                    3725348;                                     0,031594
       407;       545;         1;BR      ;30/10/2022 19:22:48;         472075;     156454011;           17;                 447450;                                     0,947837;        5309;             148330941;          4250;               117918531;                 4115;                      112516587;             1376;                   56996316;                                     0,506559;                       2739;                             55520271;                                     0,493441;                 45;                      1676506;                                     0,014217;               90;                    3725438;                                     0,031593
       407;       545;         1;BR      ;30/10/2022 19:22:49;         472075;     156454011;           40;                 447490;                                     0,947921;       14083;             148345024;         11583;               117930114;                11192;                      112527779;             3313;                   56999629;                                     0,506538;                       7879;                             55528150;                                     0,493462;                147;                      1676653;                                     0,014217;              244;                    3725682;                                     0,031592
       407;       545;         1;BR      ;30/10/2022 19:22:50;         472075;     156454011;            9;                 447499;                                     0,947940;        2995;             148348019;          2398;               117932512;                 2275;                      112530054;             1335;                   57000964;                                     0,506540;                        940;                             55529090;                                     0,493460;                 36;                      1676689;                                     0,014217;               87;                    3725769;                                     0,031592
       407;       545;         1;BR      ;30/10/2022 19:22:51;         472075;     156454011;            1;                 447500;                                     0,947943;         325;             148348344;           223;               117932735;                  209;                      112530263;              141;                   57001105;                                     0,506540;                         68;                             55529158;                                     0,493460;                  1;                      1676690;                                     0,014217;               13;                    3725782;                                     0,031592
       407;       545;         1;BR      ;30/10/2022 19:23:21;         472075;     156454011;           11;                 447511;                                     0,947966;        3829;             148352173;          2938;               117935673;                 2798;                      112533061;             1511;                   57002616;                                     0,506541;                       1287;                             55530445;                                     0,493459;                 28;                      1676718;                                     0,014217;              112;                    3725894;                                     0,031593
       407;       545;         1;BR      ;30/10/2022 19:23:22;         472075;     156454011;          102;                 447613;                                     0,948182;       28460;             148380633;         22210;               117957883;                21468;                      112554529;            13245;                   57015861;                                     0,506562;                       8223;                             55538668;                                     0,493438;                250;                      1676968;                                     0,014217;              492;                    3726386;                                     0,031591
       407;       545;         1;BR      ;30/10/2022 19:23:23;         472075;     156454011;          205;                 447818;                                     0,948616;       73892;             148454525;         59336;               118017219;                56845;                      112611374;            26768;                   57042629;                                     0,506544;                      30077;                             55568745;                                     0,493456;                876;                      1677844;                                     0,014217;             1615;                    3728001;                                     0,031589
       407;       545;         1;BR      ;30/10/2022 19:23:24;         472075;     156454011;          119;                 447937;                                     0,948868;       38050;             148492575;         30293;               118047512;                29265;                      112640639;            16648;                   57059277;                                     0,506560;                      12617;                             55581362;                                     0,493440;                325;                      1678169;                                     0,014216;              703;                    3728704;                                     0,031586
       407;       545;         1;BR      ;30/10/2022 19:23:25;         472075;     156454011;           39;                 447976;                                     0,948951;        9819;             148502394;          7412;               118054924;                 7262;                      112647901;             5112;                   57064389;                                     0,506573;                       2150;                             55583512;                                     0,493427;                 55;                      1678224;                                     0,014216;               95;                    3728799;                                     0,031585
       407;       545;         1;BR      ;30/10/2022 19:23:27;         472075;     156454011;            6;                 447982;                                     0,948964;        1658;             148504052;          1169;               118056093;                 1135;                      112649036;              682;                   57065071;                                     0,506574;                        453;                             55583965;                                     0,493426;                 13;                      1678237;                                     0,014216;               21;                    3728820;                                     0,031585
       407;       545;         1;BR      ;30/10/2022 19:23:28;         472075;     156454011;           17;                 447999;                                     0,949000;        4832;             148508884;          3844;               118059937;                 3762;                      112652798;             2629;                   57067700;                                     0,506580;                       1133;                             55585098;                                     0,493420;                 32;                      1678269;                                     0,014215;               50;                    3728870;                                     0,031585
       407;       545;         1;BR      ;30/10/2022 19:23:29;         472075;     156454011;            5;                 448004;                                     0,949010;        1255;             148510139;           949;               118060886;                  913;                      112653711;              606;                   57068306;                                     0,506582;                        307;                             55585405;                                     0,493418;                 15;                      1678284;                                     0,014215;               21;                    3728891;                                     0,031584
       407;       545;         1;BR      ;30/10/2022 19:23:30;         472075;     156454011;           13;                 448017;                                     0,949038;        3746;             148513885;          2707;               118063593;                 2600;                      112656311;             1722;                   57070028;                                     0,506585;                        878;                             55586283;                                     0,493415;                 37;                      1678321;                                     0,014215;               70;                    3728961;                                     0,031584
       407;       545;         1;BR      ;30/10/2022 19:23:31;         472075;     156454011;          121;                 448138;                                     0,949294;       38997;             148552882;         30841;               118094434;                28962;                      112685273;            15585;                   57085613;                                     0,506593;                      13377;                             55599660;                                     0,493407;                549;                      1678870;                                     0,014216;             1330;                    3730291;                                     0,031587
       407;       545;         1;BR      ;30/10/2022 19:23:32;         472075;     156454011;          160;                 448298;                                     0,949633;       57075;             148609957;         46213;               118140647;                43546;                      112728819;            18595;                   57104208;                                     0,506563;                      24951;                             55624611;                                     0,493437;                830;                      1679700;                                     0,014218;             1837;                    3732128;                                     0,031591
       407;       545;         1;BR      ;30/10/2022 19:23:33;         472075;     156454011;           13;                 448311;                                     0,949661;        4484;             148614441;          3590;               118144237;                 3366;                      112732185;             1687;                   57105895;                                     0,506562;                       1679;                             55626290;                                     0,493438;                 67;                      1679767;                                     0,014218;              157;                    3732285;                                     0,031591
       407;       545;         1;BR      ;30/10/2022 19:23:34;         472075;     156454011;            5;                 448316;                                     0,949671;        1325;             148615766;          1100;               118145337;                 1064;                      112733249;             1000;                   57106895;                                     0,506567;                         64;                             55626354;                                     0,493433;                  5;                      1679772;                                     0,014218;               31;                    3732316;                                     0,031591
       407;       545;         1;BR      ;30/10/2022 19:23:35;         472075;     156454011;           10;                 448326;                                     0,949692;        3466;             148619232;          2846;               118148183;                 2689;                      112735938;             1408;                   57108303;                                     0,506567;                       1281;                             55627635;                                     0,493433;                 69;                      1679841;                                     0,014218;               88;                    3732404;                                     0,031591
       407;       545;         1;BR      ;30/10/2022 19:23:36;         472075;     156454011;           16;                 448342;                                     0,949726;        4605;             148623837;          3750;               118151933;                 3584;                      112739522;             1479;                   57109782;                                     0,506564;                       2105;                             55629740;                                     0,493436;                 65;                      1679906;                                     0,014218;              101;                    3732505;                                     0,031591
       407;       545;         1;BR      ;30/10/2022 19:23:37;         472075;     156454011;           48;                 448390;                                     0,949828;       16380;             148640217;         13234;               118165167;                12430;                      112751952;             9184;                   57118966;                                     0,506590;                       3246;                             55632986;                                     0,493410;                184;                      1680090;                                     0,014218;              620;                    3733125;                                     0,031592
       407;       545;         1;BR      ;30/10/2022 19:23:38;         472075;     156454011;            9;                 448399;                                     0,949847;        3002;             148643219;          2413;               118167580;                 2281;                      112754233;             1816;                   57120782;                                     0,506595;                        465;                             55633451;                                     0,493405;                 31;                      1680121;                                     0,014218;              101;                    3733226;                                     0,031593
       407;       545;         1;BR      ;30/10/2022 19:23:39;         472075;     156454011;           10;                 448409;                                     0,949868;        2435;             148645654;          1823;               118169403;                 1767;                      112756000;              647;                   57121429;                                     0,506593;                       1120;                             55634571;                                     0,493407;                 20;                      1680141;                                     0,014218;               36;                    3733262;                                     0,031592
       407;       545;         1;BR      ;30/10/2022 19:23:40;         472075;     156454011;           18;                 448427;                                     0,949906;        6026;             148651680;          4988;               118174391;                 4709;                      112760709;             3524;                   57124953;                                     0,506603;                       1185;                             55635756;                                     0,493397;                 47;                      1680188;                                     0,014218;              232;                    3733494;                                     0,031593
       407;       545;         1;BR      ;30/10/2022 19:23:41;         472075;     156454011;           12;                 448439;                                     0,949932;        4357;             148656037;          3769;               118178160;                 3526;                      112764235;             2103;                   57127056;                                     0,506606;                       1423;                             55637179;                                     0,493394;                 55;                      1680243;                                     0,014218;              188;                    3733682;                                     0,031594
       407;       545;         1;BR      ;30/10/2022 19:23:42;         472075;     156454011;           10;                 448449;                                     0,949953;        3371;             148659408;          2756;               118180916;                 2639;                      112766874;             1426;                   57128482;                                     0,506607;                       1213;                             55638392;                                     0,493393;                 36;                      1680279;                                     0,014218;               81;                    3733763;                                     0,031594
       407;       545;         1;BR      ;30/10/2022 19:23:43;         472075;     156454011;           20;                 448469;                                     0,949995;        7133;             148666541;          5849;               118186765;                 5641;                      112772515;             1787;                   57130269;                                     0,506597;                       3854;                             55642246;                                     0,493403;                 76;                      1680355;                                     0,014218;              132;                    3733895;                                     0,031593
       407;       545;         1;BR      ;30/10/2022 19:23:44;         472075;     156454011;            2;                 448471;                                     0,949999;         740;             148667281;           599;               118187364;                  579;                      112773094;              244;                   57130513;                                     0,506597;                        335;                             55642581;                                     0,493403;                  7;                      1680362;                                     0,014218;               13;                    3733908;                                     0,031593
       407;       545;         1;BR      ;30/10/2022 19:23:45;         472075;     156454011;            8;                 448479;                                     0,950016;        2560;             148669841;          2094;               118189458;                 2023;                      112775117;              863;                   57131376;                                     0,506596;                       1160;                             55643741;                                     0,493404;                 21;                      1680383;                                     0,014218;               50;                    3733958;                                     0,031593
       407;       545;         1;BR      ;30/10/2022 19:23:46;         472075;     156454011;            6;                 448485;                                     0,950029;        1983;             148671824;          1581;               118191039;                 1520;                      112776637;              589;                   57131965;                                     0,506594;                        931;                             55644672;                                     0,493406;                 31;                      1680414;                                     0,014218;               30;                    3733988;                                     0,031593
       407;       545;         1;BR      ;30/10/2022 19:23:47;         472075;     156454011;            2;                 448487;                                     0,950033;         601;             148672425;           480;               118191519;                  464;                      112777101;              142;                   57132107;                                     0,506593;                        322;                             55644994;                                     0,493407;                  3;                      1680417;                                     0,014218;               13;                    3734001;                                     0,031593
       407;       545;         1;BR      ;30/10/2022 19:23:49;         472075;     156454011;            1;                 448488;                                     0,950035;         270;             148672695;           194;               118191713;                  190;                      112777291;               90;                   57132197;                                     0,506593;                        100;                             55645094;                                     0,493407;                  2;                      1680419;                                     0,014218;                2;                    3734003;                                     0,031593
       407;       545;         1;BR      ;30/10/2022 19:24:28;         472075;     156454011;          118;                 448606;                                     0,950285;       36385;             148709080;         28352;               118220065;                27217;                      112804508;            19802;                   57151999;                                     0,506646;                       7415;                             55652509;                                     0,493354;                339;                      1680758;                                     0,014217;              796;                    3734799;                                     0,031592
       407;       545;         1;BR      ;30/10/2022 19:24:29;         472075;     156454011;          233;                 448839;                                     0,950779;       82321;             148791401;         65694;               118285759;                62851;                      112867359;            30110;                   57182109;                                     0,506631;                      32741;                             55685250;                                     0,493369;                980;                      1681738;                                     0,014218;             1863;                    3736662;                                     0,031590
       407;       545;         1;BR      ;30/10/2022 19:24:30;         472075;     156454011;          133;                 448972;                                     0,951061;       41144;             148832545;         32498;               118318257;                31354;                      112898713;            17429;                   57199538;                                     0,506645;                      13925;                             55699175;                                     0,493355;                346;                      1682084;                                     0,014217;              798;                    3737460;                                     0,031588
       407;       545;         1;BR      ;30/10/2022 19:24:31;         472075;     156454011;           38;                 449010;                                     0,951141;       10914;             148843459;          8347;               118326604;                 8120;                      112906833;             4853;                   57204391;                                     0,506651;                       3267;                             55702442;                                     0,493349;                 75;                      1682159;                                     0,014216;              152;                    3737612;                                     0,031587
       407;       545;         1;BR      ;30/10/2022 19:24:33;         472075;     156454011;           32;                 449042;                                     0,951209;       19666;             148863125;          8511;               118335115;                 8260;                      112915093;             1881;                   57206272;                                     0,506631;                       6379;                             55708821;                                     0,493369;                115;                      1682274;                                     0,014216;              136;                    3737748;                                     0,031586
       407;       545;         1;BR      ;30/10/2022 19:24:34;         472075;     156454011;           37;                 449079;                                     0,951287;       11490;             148874615;          9000;               118344115;                 8534;                      112923627;             4907;                   57211179;                                     0,506636;                       3627;                             55712448;                                     0,493364;                128;                      1682402;                                     0,014216;              338;                    3738086;                                     0,031587
       407;       545;         1;BR      ;30/10/2022 19:24:35;         472075;     156454011;           67;                 449146;                                     0,951429;       22704;             148897319;         17937;               118362052;                16878;                      112940505;             7586;                   57218765;                                     0,506627;                       9292;                             55721740;                                     0,493373;                324;                      1682726;                                     0,014217;              735;                    3738821;                                     0,031588
       407;       545;         1;BR      ;30/10/2022 19:24:36;         472075;     156454011;            1;                 449147;                                     0,951431;         399;             148897718;           321;               118362373;                  307;                      112940812;              146;                   57218911;                                     0,506627;                        161;                             55721901;                                     0,493373;                  8;                      1682734;                                     0,014217;                6;                    3738827;                                     0,031588
       407;       545;         1;BR      ;30/10/2022 19:24:37;         472075;     156454011;           25;                 449172;                                     0,951484;        8606;             148906324;          7258;               118369631;                 6819;                      112947631;             2796;                   57221707;                                     0,506622;                       4023;                             55725924;                                     0,493378;                140;                      1682874;                                     0,014217;              299;                    3739126;                                     0,031589
       407;       545;         1;BR      ;30/10/2022 19:24:38;         472075;     156454011;            4;                 449176;                                     0,951493;        1085;             148907409;           813;               118370444;                  772;                      112948403;              289;                   57221996;                                     0,506621;                        483;                             55726407;                                     0,493379;                 12;                      1682886;                                     0,014217;               29;                    3739155;                                     0,031589
       407;       545;         1;BR      ;30/10/2022 19:24:40;         472075;     156454011;           13;                 449189;                                     0,951520;        4910;             148912319;          4006;               118374450;                 3763;                      112952166;             1713;                   57223709;                                     0,506619;                       2050;                             55728457;                                     0,493381;                 80;                      1682966;                                     0,014217;              163;                    3739318;                                     0,031589
       407;       545;         1;BR      ;30/10/2022 19:24:41;         472075;     156454011;           83;                 449272;                                     0,951696;       28652;             148940971;         22629;               118397079;                21522;                      112973688;             8902;                   57232611;                                     0,506601;                      12620;                             55741077;                                     0,493399;                380;                      1683346;                                     0,014218;              727;                    3740045;                                     0,031589
       407;       545;         1;BR      ;30/10/2022 19:24:42;         472075;     156454011;           51;                 449323;                                     0,951804;       17714;             148958685;         14036;               118411115;                13143;                      112986831;             6104;                   57238715;                                     0,506596;                       7039;                             55748116;                                     0,493404;                321;                      1683667;                                     0,014219;              572;                    3740617;                                     0,031590
       407;       545;         1;BR      ;30/10/2022 19:24:44;         472075;     156454011;           24;                 449347;                                     0,951855;        5251;             148963936;          4305;               118415420;                 4100;                      112990931;             1928;                   57240643;                                     0,506595;                       2172;                             55750288;                                     0,493405;                 84;                      1683751;                                     0,014219;              121;                    3740738;                                     0,031590
       407;       545;         1;BR      ;30/10/2022 19:24:45;         472075;     156454011;           21;                 449368;                                     0,951900;        6730;             148970666;          5352;               118420772;                 4977;                      112995908;             2525;                   57243168;                                     0,506595;                       2452;                             55752740;                                     0,493405;                 98;                      1683849;                                     0,014219;              277;                    3741015;                                     0,031591
       407;       545;         1;BR      ;30/10/2022 19:24:46;         472075;     156454011;           26;                 449394;                                     0,951955;        9182;             148979848;          7759;               118428531;                 7259;                      113003167;             4721;                   57247889;                                     0,506604;                       2538;                             55755278;                                     0,493396;                100;                      1683949;                                     0,014219;              400;                    3741415;                                     0,031592
       407;       545;         1;BR      ;30/10/2022 19:24:48;         472075;     156454011;            1;                 449395;                                     0,951957;         395;             148980243;           304;               118428835;                  295;                      113003462;              211;                   57248100;                                     0,506605;                         84;                             55755362;                                     0,493395;                  2;                      1683951;                                     0,014219;                7;                    3741422;                                     0,031592
       407;       545;         1;BR      ;30/10/2022 19:24:50;         472075;     156454011;           10;                 449405;                                     0,951978;        2848;             148983091;          2178;               118431013;                 2027;                      113005489;             1120;                   57249220;                                     0,506606;                        907;                             55756269;                                     0,493394;                 28;                      1683979;                                     0,014219;              123;                    3741545;                                     0,031593
       407;       545;         1;BR      ;30/10/2022 19:24:51;         472075;     156454011;           33;                 449438;                                     0,952048;       10544;             148993635;          8468;               118439481;                 8151;                      113013640;             3770;                   57252990;                                     0,506602;                       4381;                             55760650;                                     0,493398;                110;                      1684089;                                     0,014219;              207;                    3741752;                                     0,031592
       407;       545;         1;BR      ;30/10/2022 19:24:52;         472075;     156454011;           36;                 449474;                                     0,952124;       12203;             149005838;         10275;               118449756;                 9946;                      113023586;             2582;                   57255572;                                     0,506581;                       7364;                             55768014;                                     0,493419;                121;                      1684210;                                     0,014219;              208;                    3741960;                                     0,031591
       407;       545;         1;BR      ;30/10/2022 19:24:53;         472075;     156454011;            4;                 449478;                                     0,952133;        1131;             149006969;           861;               118450617;                  780;                      113024366;              602;                   57256174;                                     0,506583;                        178;                             55768192;                                     0,493417;                 18;                      1684228;                                     0,014219;               63;                    3742023;                                     0,031591
       407;       545;         1;BR      ;30/10/2022 19:24:55;         472075;     156454011;            5;                 449483;                                     0,952143;        1166;             149008135;          1005;               118451622;                  985;                      113025351;              316;                   57256490;                                     0,506581;                        669;                             55768861;                                     0,493419;                  9;                      1684237;                                     0,014219;               11;                    3742034;                                     0,031591
       407;       545;         1;BR      ;30/10/2022 19:24:57;         472075;     156454011;            8;                 449491;                                     0,952160;        3069;             149011204;          2309;               118453931;                 2123;                      113027474;             1360;                   57257850;                                     0,506583;                        763;                             55769624;                                     0,493417;                 35;                      1684272;                                     0,014219;              151;                    3742185;                                     0,031592
       407;       545;         1;BR      ;30/10/2022 19:24:58;         472075;     156454011;            3;                 449494;                                     0,952166;         892;             149012096;           748;               118454679;                  733;                      113028207;              214;                   57258064;                                     0,506582;                        519;                             55770143;                                     0,493418;                  7;                      1684279;                                     0,014219;                8;                    3742193;                                     0,031592
       407;       545;         1;BR      ;30/10/2022 19:25:34;         472075;     156454011;            3;                 449497;                                     0,952173;         724;             149012820;           450;               118455129;                  445;                      113028652;               92;                   57258156;                                     0,506581;                        353;                             55770496;                                     0,493419;                  1;                      1684280;                                     0,014219;                4;                    3742197;                                     0,031592
       407;       545;         1;BR      ;30/10/2022 19:25:35;         472075;     156454011;          106;                 449603;                                     0,952397;       29805;             149042625;         24032;               118479161;                23146;                      113051798;            15975;                   57274131;                                     0,506618;                       7171;                             55777667;                                     0,493382;                293;                      1684573;                                     0,014218;              593;                    3742790;                                     0,031590
       407;       545;         1;BR      ;30/10/2022 19:25:36;         472075;     156454011;          189;                 449792;                                     0,952798;       71752;             149114377;         57945;               118537106;                55334;                      113107132;            26984;                   57301115;                                     0,506609;                      28350;                             55806017;                                     0,493391;                917;                      1685490;                                     0,014219;             1694;                    3744484;                                     0,031589
       407;       545;         1;BR      ;30/10/2022 19:25:37;         472075;     156454011;           81;                 449873;                                     0,952969;       27735;             149142112;         21354;               118558460;                20505;                      113127637;             9917;                   57311032;                                     0,506605;                      10588;                             55816605;                                     0,493395;                288;                      1685778;                                     0,014219;              561;                    3745045;                                     0,031588
       407;       545;         1;BR      ;30/10/2022 19:25:38;         472075;     156454011;          151;                 450024;                                     0,953289;       46460;             149188572;         36796;               118595256;                35375;                      113163012;            19421;                   57330453;                                     0,506618;                      15954;                             55832559;                                     0,493382;                501;                      1686279;                                     0,014219;              920;                    3745965;                                     0,031586
       407;       545;         1;BR      ;30/10/2022 19:25:39;         472075;     156454011;          232;                 450256;                                     0,953781;       82945;             149271517;         60886;               118656142;                58227;                      113221239;            30540;                   57360993;                                     0,506627;                      27687;                             55860246;                                     0,493373;                930;                      1687209;                                     0,014219;             1729;                    3747694;                                     0,031584
       407;       545;         1;BR      ;30/10/2022 19:25:40;         472075;     156454011;           42;                 450298;                                     0,953870;       12269;             149283786;         10168;               118666310;                 9831;                      113231070;             5992;                   57366985;                                     0,506636;                       3839;                             55864085;                                     0,493364;                119;                      1687328;                                     0,014219;              218;                    3747912;                                     0,031584
       407;       545;         1;BR      ;30/10/2022 19:25:41;         472075;     156454011;            5;                 450303;                                     0,953880;        1720;             149285506;          1350;               118667660;                 1294;                      113232364;             1068;                   57368053;                                     0,506640;                        226;                             55864311;                                     0,493360;                 17;                      1687345;                                     0,014219;               39;                    3747951;                                     0,031584
       407;       545;         1;BR      ;30/10/2022 19:25:42;         472075;     156454011;           22;                 450325;                                     0,953927;        6431;             149291937;          4836;               118672496;                 4659;                      113237023;             3327;                   57371380;                                     0,506649;                       1332;                             55865643;                                     0,493351;                 54;                      1687399;                                     0,014219;              123;                    3748074;                                     0,031583
       407;       545;         1;BR      ;30/10/2022 19:25:43;         472075;     156454011;          161;                 450486;                                     0,954268;       45354;             149337291;         36369;               118708865;                34995;                      113272018;            21791;                   57393171;                                     0,506684;                      13204;                             55878847;                                     0,493316;                444;                      1687843;                                     0,014218;              930;                    3749004;                                     0,031581
       407;       545;         1;BR      ;30/10/2022 19:25:44;         472075;     156454011;          177;                 450663;                                     0,954643;       53015;             149390306;         40057;               118748922;                39000;                      113311018;            27592;                   57420763;                                     0,506754;                      11408;                             55890255;                                     0,493246;                341;                      1688184;                                     0,014216;              716;                    3749720;                                     0,031577
       407;       545;         1;BR      ;30/10/2022 19:25:45;         472075;     156454011;           71;                 450734;                                     0,954793;       19776;             149410082;         15137;               118764059;                14808;                      113325826;            11753;                   57432516;                                     0,506791;                       3055;                             55893310;                                     0,493209;                 98;                      1688282;                                     0,014215;              231;                    3749951;                                     0,031575
       407;       545;         1;BR      ;30/10/2022 19:25:46;         472075;     156454011;            3;                 450737;                                     0,954800;        1019;             149411101;           771;               118764830;                  736;                      113326562;              482;                   57432998;                                     0,506792;                        254;                             55893564;                                     0,493208;                  5;                      1688287;                                     0,014215;               30;                    3749981;                                     0,031575
       407;       545;         1;BR      ;30/10/2022 19:25:47;         472075;     156454011;           33;                 450770;                                     0,954869;        9114;             149420215;          6898;               118771728;                 6647;                      113333209;             4755;                   57437753;                                     0,506804;                       1892;                             55895456;                                     0,493196;                 71;                      1688358;                                     0,014215;              180;                    3750161;                                     0,031575
       407;       545;         1;BR      ;30/10/2022 19:25:48;         472075;     156454011;           82;                 450852;                                     0,955043;       23798;             149444013;         17528;               118789256;                17030;                      113350239;            11941;                   57449694;                                     0,506833;                       5089;                             55900545;                                     0,493167;                121;                      1688479;                                     0,014214;              377;                    3750538;                                     0,031573
       407;       545;         1;BR      ;30/10/2022 19:25:49;         472075;     156454011;          279;                 451131;                                     0,955634;       93185;             149537198;         73594;               118862850;                69292;                      113419531;            31572;                   57481266;                                     0,506802;                      37720;                             55938265;                                     0,493198;               1415;                      1689894;                                     0,014217;             2887;                    3753425;                                     0,031578
       407;       545;         1;BR      ;30/10/2022 19:25:50;         472075;     156454011;          316;                 451447;                                     0,956304;      111885;             149649083;         89951;               118952801;                83922;                      113503453;            42249;                   57523515;                                     0,506800;                      41673;                             55979938;                                     0,493200;               1836;                      1691730;                                     0,014222;             4193;                    3757618;                                     0,031589
       407;       545;         1;BR      ;30/10/2022 19:25:51;         472075;     156454011;           42;                 451489;                                     0,956393;       15599;             149664682;         12587;               118965388;                11774;                      113515227;             5926;                   57529441;                                     0,506799;                       5848;                             55985786;                                     0,493201;                269;                      1691999;                                     0,014223;              544;                    3758162;                                     0,031590
       407;       545;         1;BR      ;30/10/2022 19:25:52;         472075;     156454011;           74;                 451563;                                     0,956549;       26638;             149691320;         20520;               118985908;                19465;                      113534692;             8840;                   57538281;                                     0,506790;                      10625;                             55996411;                                     0,493210;                326;                      1692325;                                     0,014223;              729;                    3758891;                                     0,031591
       407;       545;         1;BR      ;30/10/2022 19:25:53;         472075;     156454011;          145;                 451708;                                     0,956856;       50690;             149742010;         40303;               119026211;                38129;                      113572821;            15966;                   57554247;                                     0,506761;                      22163;                             56018574;                                     0,493239;                697;                      1693022;                                     0,014224;             1477;                    3760368;                                     0,031593
       407;       545;         1;BR      ;30/10/2022 19:25:54;         472075;     156454011;          339;                 452047;                                     0,957575;      123265;             149865275;         98230;               119124441;                92599;                      113665420;            43713;                   57597960;                                     0,506732;                      48886;                             56067460;                                     0,493268;               1947;                      1694969;                                     0,014229;             3684;                    3764052;                                     0,031598
       407;       545;         1;BR      ;30/10/2022 19:25:55;         472075;     156454011;            3;                 452050;                                     0,957581;        1028;             149866303;           798;               119125239;                  752;                      113666172;              379;                   57598339;                                     0,506732;                        373;                             56067833;                                     0,493268;                 22;                      1694991;                                     0,014229;               24;                    3764076;                                     0,031598
       407;       545;         1;BR      ;30/10/2022 19:25:57;         472075;     156454011;            5;                 452055;                                     0,957591;        1040;             149867343;           820;               119126059;                  784;                      113666956;              429;                   57598768;                                     0,506733;                        355;                             56068188;                                     0,493267;                 13;                      1695004;                                     0,014229;               23;                    3764099;                                     0,031598
       407;       545;         1;BR      ;30/10/2022 19:25:58;         472075;     156454011;          100;                 452155;                                     0,957803;       29545;             149896888;         24613;               119150672;                23402;                      113690358;             9926;                   57608694;                                     0,506716;                      13476;                             56081664;                                     0,493284;                494;                      1695498;                                     0,014230;              717;                    3764816;                                     0,031597
       407;       545;         1;BR      ;30/10/2022 19:25:59;         472075;     156454011;           49;                 452204;                                     0,957907;       15014;             149911902;         11424;               119162096;                10897;                      113701255;             6406;                   57615100;                                     0,506724;                       4491;                             56086155;                                     0,493276;                117;                      1695615;                                     0,014229;              410;                    3765226;                                     0,031598
       407;       545;         1;BR      ;30/10/2022 19:26:00;         472075;     156454011;          128;                 452332;                                     0,958178;       45112;             149957014;         35825;               119197921;                33683;                      113734938;            24594;                   57639694;                                     0,506790;                       9089;                             56095244;                                     0,493210;                466;                      1696081;                                     0,014229;             1676;                    3766902;                                     0,031602
       407;       545;         1;BR      ;30/10/2022 19:26:01;         472075;     156454011;          137;                 452469;                                     0,958468;       41715;             149998729;         32636;               119230557;                30838;                      113765776;            24042;                   57663736;                                     0,506864;                       6796;                             56102040;                                     0,493136;                340;                      1696421;                                     0,014228;             1458;                    3768360;                                     0,031606
       407;       545;         1;BR      ;30/10/2022 19:26:02;         472075;     156454011;            6;                 452475;                                     0,958481;        1679;             150000408;          1336;               119231893;                 1247;                      113767023;              860;                   57664596;                                     0,506866;                        387;                             56102427;                                     0,493134;                 22;                      1696443;                                     0,014228;               67;                    3768427;                                     0,031606
       407;       545;         1;BR      ;30/10/2022 19:26:03;         472075;     156454011;           32;                 452507;                                     0,958549;        9619;             150010027;          7382;               119239275;                 7007;                      113774030;             5235;                   57669831;                                     0,506880;                       1772;                             56104199;                                     0,493120;                 91;                      1696534;                                     0,014228;              284;                    3768711;                                     0,031606
       407;       545;         1;BR      ;30/10/2022 19:26:04;         472075;     156454011;           12;                 452519;                                     0,958574;        3625;             150013652;          2793;               119242068;                 2628;                      113776658;             2053;                   57671884;                                     0,506887;                        575;                             56104774;                                     0,493113;                 40;                      1696574;                                     0,014228;              125;                    3768836;                                     0,031607
       407;       545;         1;BR      ;30/10/2022 19:26:05;         472075;     156454011;           43;                 452562;                                     0,958665;       13605;             150027257;         11109;               119253177;                10398;                      113787056;             6295;                   57678179;                                     0,506896;                       4103;                             56108877;                                     0,493104;                160;                      1696734;                                     0,014228;              551;                    3769387;                                     0,031608
       407;       545;         1;BR      ;30/10/2022 19:26:06;         472075;     156454011;          127;                 452689;                                     0,958934;       40890;             150068147;         34079;               119287256;                31932;                      113818988;            22152;                   57700331;                                     0,506948;                       9780;                             56118657;                                     0,493052;                437;                      1697171;                                     0,014228;             1710;                    3771097;                                     0,031614
       407;       545;         1;BR      ;30/10/2022 19:26:07;         472075;     156454011;            7;                 452696;                                     0,958949;        2583;             150070730;          1809;               119289065;                 1712;                      113820700;             1469;                   57701800;                                     0,506953;                        243;                             56118900;                                     0,493047;                 21;                      1697192;                                     0,014228;               76;                    3771173;                                     0,031614
       407;       545;         1;BR      ;30/10/2022 19:26:08;         472075;     156454011;          115;                 452811;                                     0,959193;       38150;             150108880;         29798;               119318863;                28270;                      113848970;            15142;                   57716942;                                     0,506961;                      13128;                             56132028;                                     0,493039;                383;                      1697575;                                     0,014227;             1145;                    3772318;                                     0,031615
       407;       545;         1;BR      ;30/10/2022 19:26:09;         472075;     156454011;          141;                 452952;                                     0,959492;       50063;             150158943;         41402;               119360265;                40056;                      113889026;            11214;                   57728156;                                     0,506881;                      28842;                             56160870;                                     0,493119;                510;                      1698085;                                     0,014227;              836;                    3773154;                                     0,031611
       407;       545;         1;BR      ;30/10/2022 19:26:10;         472075;     156454011;           17;                 452969;                                     0,959528;        4844;             150163787;          4079;               119364344;                 3951;                      113892977;             1740;                   57729896;                                     0,506878;                       2211;                             56163081;                                     0,493122;                 75;                      1698160;                                     0,014227;               53;                    3773207;                                     0,031611
       407;       545;         1;BR      ;30/10/2022 19:26:11;         472075;     156454011;            5;                 452974;                                     0,959538;        1267;             150165054;          1138;               119365482;                 1104;                      113894081;              269;                   57730165;                                     0,506876;                        835;                             56163916;                                     0,493124;                 20;                      1698180;                                     0,014227;               14;                    3773221;                                     0,031611
       407;       545;         1;BR      ;30/10/2022 19:26:12;         472075;     156454011;           38;                 453012;                                     0,959619;       13231;             150178285;         10889;               119376371;                10560;                      113904641;             2685;                   57732850;                                     0,506852;                       7875;                             56171791;                                     0,493148;                106;                      1698286;                                     0,014226;              223;                    3773444;                                     0,031610
       407;       545;         1;BR      ;30/10/2022 19:26:13;         472075;     156454011;            4;                 453016;                                     0,959627;        1257;             150179542;          1042;               119377413;                  975;                      113905616;              229;                   57733079;                                     0,506850;                        746;                             56172537;                                     0,493150;                 25;                      1698311;                                     0,014226;               42;                    3773486;                                     0,031610
       407;       545;         1;BR      ;30/10/2022 19:26:14;         472075;     156454011;           17;                 453033;                                     0,959663;        5575;             150185117;          4564;               119381977;                 4436;                      113910052;             1405;                   57734484;                                     0,506843;                       3031;                             56175568;                                     0,493157;                 45;                      1698356;                                     0,014226;               83;                    3773569;                                     0,031609
       407;       545;         1;BR      ;30/10/2022 19:26:42;         472075;     156454011;          167;                 453200;                                     0,960017;       45282;             150230399;         36084;               119418061;                34837;                      113944889;            25558;                   57760042;                                     0,506912;                       9279;                             56184847;                                     0,493088;                338;                      1698694;                                     0,014225;              909;                    3774478;                                     0,031607
       407;       545;         1;BR      ;30/10/2022 19:26:43;         472075;     156454011;           90;                 453290;                                     0,960208;       29309;             150259708;         23724;               119441785;                22684;                      113967573;            11267;                   57771309;                                     0,506910;                      11417;                             56196264;                                     0,493090;                362;                      1699056;                                     0,014225;              678;                    3775156;                                     0,031607
       407;       545;         1;BR      ;30/10/2022 19:26:44;         472075;     156454011;          421;                 453711;                                     0,961099;      151591;             150411299;        121636;               119563421;               116201;                      114083774;            60153;                   57831462;                                     0,506921;                      56048;                             56252312;                                     0,493079;               1982;                      1701038;                                     0,014227;             3453;                    3778609;                                     0,031603
       407;       545;         1;BR      ;30/10/2022 19:26:45;         472075;     156454011;          185;                 453896;                                     0,961491;       63636;             150474935;         49463;               119612884;                47396;                      114131170;            19701;                   57851163;                                     0,506883;                      27695;                             56280007;                                     0,493117;                652;                      1701690;                                     0,014227;             1415;                    3780024;                                     0,031602
       407;       545;         1;BR      ;30/10/2022 19:26:46;         472075;     156454011;          247;                 454143;                                     0,962015;       88285;             150563220;         61318;               119674202;                59108;                      114190278;            30487;                   57881650;                                     0,506888;                      28621;                             56308628;                                     0,493112;                810;                      1702500;                                     0,014226;             1400;                    3781424;                                     0,031598
       407;       545;         1;BR      ;30/10/2022 19:26:47;         472075;     156454011;          168;                 454311;                                     0,962370;       52579;             150615799;         43354;               119717556;                41607;                      114231885;            22192;                   57903842;                                     0,506897;                      19415;                             56328043;                                     0,493103;                567;                      1703067;                                     0,014226;             1180;                    3782604;                                     0,031596
       407;       545;         1;BR      ;30/10/2022 19:26:48;         472075;     156454011;           59;                 454370;                                     0,962495;       16010;             150631809;         12460;               119730016;                12113;                      114243998;             8242;                   57912084;                                     0,506916;                       3871;                             56331914;                                     0,493084;                101;                      1703168;                                     0,014225;              246;                    3782850;                                     0,031595
       407;       545;         1;BR      ;30/10/2022 19:26:49;         472075;     156454011;          107;                 454477;                                     0,962722;       30314;             150662123;         22454;               119752470;                21917;                      114265915;            17135;                   57929219;                                     0,506968;                       4782;                             56336696;                                     0,493032;                149;                      1703317;                                     0,014224;              388;                    3783238;                                     0,031592
       407;       545;         1;BR      ;30/10/2022 19:26:50;         472075;     156454011;          143;                 454620;                                     0,963025;       41105;             150703228;         31235;               119783705;                30338;                      114296253;            22018;                   57951237;                                     0,507027;                       8320;                             56345016;                                     0,492973;                325;                      1703642;                                     0,014223;              572;                    3783810;                                     0,031589
       407;       545;         1;BR      ;30/10/2022 19:26:51;         472075;     156454011;           66;                 454686;                                     0,963165;       17407;             150720635;         12994;               119796699;                12661;                      114308914;             9201;                   57960438;                                     0,507051;                       3460;                             56348476;                                     0,492949;                 78;                      1703720;                                     0,014222;              255;                    3784065;                                     0,031587
       407;       545;         1;BR      ;30/10/2022 19:26:52;         472075;     156454011;          183;                 454869;                                     0,963552;       64540;             150785175;         50891;               119847590;                48020;                      114356934;            25962;                   57986400;                                     0,507065;                      22058;                             56370534;                                     0,492935;                993;                      1704713;                                     0,014224;             1878;                    3785943;                                     0,031590
       407;       545;         1;BR      ;30/10/2022 19:26:53;         472075;     156454011;          232;                 455101;                                     0,964044;       78547;             150863722;         62336;               119909926;                58419;                      114415353;            29031;                   58015431;                                     0,507060;                      29388;                             56399922;                                     0,492940;               1216;                      1705929;                                     0,014227;             2701;                    3788644;                                     0,031596
       407;       545;         1;BR      ;30/10/2022 19:26:54;         472075;     156454011;          118;                 455219;                                     0,964294;       40380;             150904102;         33397;               119943323;                31352;                      114446705;            14942;                   58030373;                                     0,507051;                      16410;                             56416332;                                     0,492949;                605;                      1706534;                                     0,014228;             1440;                    3790084;                                     0,031599
       407;       545;         1;BR      ;30/10/2022 19:26:55;         472075;     156454011;           80;                 455299;                                     0,964463;       28539;             150932641;         22538;               119965861;                21248;                      114467953;             9282;                   58039655;                                     0,507038;                      11966;                             56428298;                                     0,492962;                455;                      1706989;                                     0,014229;              835;                    3790919;                                     0,031600
       407;       545;         1;BR      ;30/10/2022 19:26:56;         472075;     156454011;          124;                 455423;                                     0,964726;       45854;             150978495;         36629;               120002490;                34664;                      114502617;            15777;                   58055432;                                     0,507023;                      18887;                             56447185;                                     0,492977;                702;                      1707691;                                     0,014230;             1263;                    3792182;                                     0,031601
       407;       545;         1;BR      ;30/10/2022 19:26:57;         472075;     156454011;           86;                 455509;                                     0,964908;       29387;             151007882;         23165;               120025655;                21994;                      114524611;             9603;                   58065035;                                     0,507009;                      12391;                             56459576;                                     0,492991;                391;                      1708082;                                     0,014231;              780;                    3792962;                                     0,031601
       407;       545;         1;BR      ;30/10/2022 19:26:58;         472075;     156454011;           12;                 455521;                                     0,964934;        3952;             151011834;          3007;               120028662;                 2844;                      114527455;             1270;                   58066305;                                     0,507008;                       1574;                             56461150;                                     0,492992;                 61;                      1708143;                                     0,014231;              102;                    3793064;                                     0,031601
       407;       545;         1;BR      ;30/10/2022 19:26:59;         472075;     156454011;            7;                 455528;                                     0,964948;        2349;             151014183;          1858;               120030520;                 1767;                      114529222;              645;                   58066950;                                     0,507006;                       1122;                             56462272;                                     0,492994;                 32;                      1708175;                                     0,014231;               59;                    3793123;                                     0,031601
       407;       545;         1;BR      ;30/10/2022 19:27:00;         472075;     156454011;           41;                 455569;                                     0,965035;       11913;             151026096;          9835;               120040355;                 9292;                      114538514;             4290;                   58071240;                                     0,507002;                       5002;                             56467274;                                     0,492998;                224;                      1708399;                                     0,014232;              319;                    3793442;                                     0,031601
       407;       545;         1;BR      ;30/10/2022 19:27:01;         472075;     156454011;           25;                 455594;                                     0,965088;        5391;             151031487;          4135;               120044490;                 3879;                      114542393;             2180;                   58073420;                                     0,507004;                       1699;                             56468973;                                     0,492996;                106;                      1708505;                                     0,014232;              150;                    3793592;                                     0,031602
       407;       545;         1;BR      ;30/10/2022 19:27:02;         472075;     156454011;           51;                 455645;                                     0,965196;       15190;             151046677;         11563;               120056053;                11046;                      114553439;             6911;                   58080331;                                     0,507015;                       4135;                             56473108;                                     0,492985;                127;                      1708632;                                     0,014232;              390;                    3793982;                                     0,031602
       407;       545;         1;BR      ;30/10/2022 19:27:03;         472075;     156454011;           76;                 455721;                                     0,965357;       25020;             151071697;         19948;               120076001;                18709;                      114572148;            14027;                   58094358;                                     0,507055;                       4682;                             56477790;                                     0,492945;                286;                      1708918;                                     0,014232;              953;                    3794935;                                     0,031604
       407;       545;         1;BR      ;30/10/2022 19:27:04;         472075;     156454011;            3;                 455724;                                     0,965364;         819;             151072516;           631;               120076632;                  583;                      114572731;              459;                   58094817;                                     0,507056;                        124;                             56477914;                                     0,492944;                 16;                      1708934;                                     0,014232;               32;                    3794967;                                     0,031605
       407;       545;         1;BR      ;30/10/2022 19:27:05;         472075;     156454011;            4;                 455728;                                     0,965372;        1289;             151073805;          1065;               120077697;                  992;                      114573723;              741;                   58095558;                                     0,507058;                        251;                             56478165;                                     0,492942;                 20;                      1708954;                                     0,014232;               53;                    3795020;                                     0,031605
       407;       545;         1;BR      ;30/10/2022 19:27:06;         472075;     156454011;           69;                 455797;                                     0,965518;       20531;             151094336;         15655;               120093352;                14884;                      114588607;            11675;                   58107233;                                     0,507094;                       3209;                             56481374;                                     0,492906;                187;                      1709141;                                     0,014232;              584;                    3795604;                                     0,031605
       407;       545;         1;BR      ;30/10/2022 19:27:07;         472075;     156454011;            2;                 455799;                                     0,965522;         423;             151094759;           336;               120093688;                  323;                      114588930;              257;                   58107490;                                     0,507095;                         66;                             56481440;                                     0,492905;                  4;                      1709145;                                     0,014232;                9;                    3795613;                                     0,031605
       407;       545;         1;BR      ;30/10/2022 19:27:08;         472075;     156454011;           52;                 455851;                                     0,965633;       17112;             151111871;         13124;               120106812;                12263;                      114601193;             9039;                   58116529;                                     0,507120;                       3224;                             56484664;                                     0,492880;                178;                      1709323;                                     0,014232;              683;                    3796296;                                     0,031608
       407;       545;         1;BR      ;30/10/2022 19:27:09;         472075;     156454011;           32;                 455883;                                     0,965700;       10890;             151122761;          9082;               120115894;                 8537;                      114609730;             5419;                   58121948;                                     0,507129;                       3118;                             56487782;                                     0,492871;                125;                      1709448;                                     0,014232;              420;                    3796716;                                     0,031609
       407;       545;         1;BR      ;30/10/2022 19:27:10;         472075;     156454011;           10;                 455893;                                     0,965722;        3493;             151126254;          2749;               120118643;                 2577;                      114612307;             1870;                   58123818;                                     0,507134;                        707;                             56488489;                                     0,492866;                 52;                      1709500;                                     0,014232;              120;                    3796836;                                     0,031609
       407;       545;         1;BR      ;30/10/2022 19:27:11;         472075;     156454011;            7;                 455900;                                     0,965736;        1890;             151128144;          1491;               120120134;                 1421;                      114613728;              695;                   58124513;                                     0,507134;                        726;                             56489215;                                     0,492866;                 22;                      1709522;                                     0,014232;               48;                    3796884;                                     0,031609
       407;       545;         1;BR      ;30/10/2022 19:27:12;         472075;     156454011;           37;                 455937;                                     0,965815;       11386;             151139530;          9154;               120129288;                 8695;                      114622423;             4270;                   58128783;                                     0,507133;                       4425;                             56493640;                                     0,492867;                132;                      1709654;                                     0,014232;              327;                    3797211;                                     0,031609
       407;       545;         1;BR      ;30/10/2022 19:27:13;         472075;     156454011;           54;                 455991;                                     0,965929;       18721;             151158251;         15539;               120144827;                15013;                      114637436;             4248;                   58133031;                                     0,507103;                      10765;                             56504405;                                     0,492897;                214;                      1709868;                                     0,014232;              312;                    3797523;                                     0,031608
       407;       545;         1;BR      ;30/10/2022 19:27:16;         472075;     156454011;           30;                 456021;                                     0,965993;        9260;             151167511;          7633;               120152460;                 7421;                      114644857;             2314;                   58135345;                                     0,507091;                       5107;                             56509512;                                     0,492909;                 97;                      1709965;                                     0,014232;              115;                    3797638;                                     0,031607
       407;       545;         1;BR      ;30/10/2022 19:27:17;         472075;     156454011;           14;                 456035;                                     0,966022;        2909;             151170420;          2388;               120154848;                 2326;                      114647183;              788;                   58136133;                                     0,507087;                       1538;                             56511050;                                     0,492913;                 32;                      1709997;                                     0,014232;               30;                    3797668;                                     0,031606
       407;       545;         1;BR      ;30/10/2022 19:27:49;         472075;     156454011;           23;                 456058;                                     0,966071;        7702;             151178122;          6092;               120160940;                 5763;                      114652946;             3612;                   58139745;                                     0,507093;                       2151;                             56513201;                                     0,492907;                 78;                      1710075;                                     0,014232;              251;                    3797919;                                     0,031607
       407;       545;         1;BR      ;30/10/2022 19:27:50;         472075;     156454011;          210;                 456268;                                     0,966516;       69750;             151247872;         55225;               120216165;                53129;                      114706075;            28640;                   58168385;                                     0,507108;                      24489;                             56537690;                                     0,492892;                696;                      1710771;                                     0,014231;             1400;                    3799319;                                     0,031604
       407;       545;         1;BR      ;30/10/2022 19:27:51;         472075;     156454011;           52;                 456320;                                     0,966626;       17283;             151265155;         13691;               120229856;                13017;                      114719092;             7591;                   58175976;                                     0,507117;                       5426;                             56543116;                                     0,492883;                191;                      1710962;                                     0,014231;              483;                    3799802;                                     0,031604
       407;       545;         1;BR      ;30/10/2022 19:27:52;         472075;     156454011;            1;                 456321;                                     0,966628;         336;             151265491;           268;               120230124;                  249;                      114719341;              116;                   58176092;                                     0,507117;                        133;                             56543249;                                     0,492883;                  5;                      1710967;                                     0,014231;               14;                    3799816;                                     0,031605
       407;       545;         1;BR      ;30/10/2022 19:27:53;         472075;     156454011;          179;                 456500;                                     0,967007;       61152;             151326643;         46853;               120276977;                44126;                      114763467;            24946;                   58201038;                                     0,507139;                      19180;                             56562429;                                     0,492861;                876;                      1711843;                                     0,014233;             1851;                    3801667;                                     0,031608
       407;       545;         1;BR      ;30/10/2022 19:27:54;         472075;     156454011;           71;                 456571;                                     0,967158;       26284;             151352927;         21267;               120298244;                20009;                      114783476;             8750;                   58209788;                                     0,507127;                      11259;                             56573688;                                     0,492873;                441;                      1712284;                                     0,014234;              817;                    3802484;                                     0,031609
       407;       545;         1;BR      ;30/10/2022 19:27:57;         472075;     156454011;           21;                 456592;                                     0,967202;        6442;             151359369;          5259;               120303503;                 5022;                      114788498;             2830;                   58212618;                                     0,507129;                       2192;                             56575880;                                     0,492871;                 97;                      1712381;                                     0,014234;              140;                    3802624;                                     0,031609
       407;       545;         1;BR      ;30/10/2022 19:27:59;         472075;     156454011;            5;                 456597;                                     0,967213;        1599;             151360968;          1322;               120304825;                 1221;                      114789719;              797;                   58213415;                                     0,507131;                        424;                             56576304;                                     0,492869;                 19;                      1712400;                                     0,014234;               82;                    3802706;                                     0,031609
       407;       545;         1;BR      ;30/10/2022 19:28:00;         472075;     156454011;           15;                 456612;                                     0,967245;        5252;             151366220;          4359;               120309184;                 4213;                      114793932;             1296;                   58214711;                                     0,507124;                       2917;                             56579221;                                     0,492876;                 51;                      1712451;                                     0,014234;               95;                    3802801;                                     0,031609
       407;       545;         1;BR      ;30/10/2022 19:28:02;         472075;     156454011;            7;                 456619;                                     0,967259;        1928;             151368148;          1398;               120310582;                 1297;                      114795229;             1118;                   58215829;                                     0,507128;                        179;                             56579400;                                     0,492872;                 11;                      1712462;                                     0,014234;               90;                    3802891;                                     0,031609
       407;       545;         1;BR      ;30/10/2022 19:28:03;         472075;     156454011;           20;                 456639;                                     0,967302;        6590;             151374738;          5547;               120316129;                 5298;                      114800527;             1714;                   58217543;                                     0,507119;                       3584;                             56582984;                                     0,492881;                 72;                      1712534;                                     0,014234;              177;                    3803068;                                     0,031609
       407;       545;         1;BR      ;30/10/2022 19:28:09;         472075;     156454011;            2;                 456641;                                     0,967306;         783;             151375521;           637;               120316766;                  611;                      114801138;              171;                   58217714;                                     0,507118;                        440;                             56583424;                                     0,492882;                  7;                      1712541;                                     0,014234;               19;                    3803087;                                     0,031609
       407;       545;         1;BR      ;30/10/2022 19:28:54;         472075;     156454011;           44;                 456685;                                     0,967399;       12375;             151387896;          9484;               120326250;                 9254;                      114810392;             7013;                   58224727;                                     0,507138;                       2241;                             56585665;                                     0,492862;                 67;                      1712608;                                     0,014233;              163;                    3803250;                                     0,031608
       407;       545;         1;BR      ;30/10/2022 19:28:55;         472075;     156454011;          136;                 456821;                                     0,967687;       46699;             151434595;         35654;               120361904;                34189;                      114844581;            17138;                   58241865;                                     0,507136;                      17051;                             56602716;                                     0,492864;                520;                      1713128;                                     0,014233;              945;                    3804195;                                     0,031606
       407;       545;         1;BR      ;30/10/2022 19:28:56;         472075;     156454011;          121;                 456942;                                     0,967944;       37239;             151471834;         29742;               120391646;                28459;                      114873040;            15786;                   58257651;                                     0,507148;                      12673;                             56615389;                                     0,492852;                384;                      1713512;                                     0,014233;              899;                    3805094;                                     0,031606
       407;       545;         1;BR      ;30/10/2022 19:28:57;         472075;     156454011;           73;                 457015;                                     0,968098;       25759;             151497593;         20774;               120412420;                19447;                      114892487;             8263;                   58265914;                                     0,507134;                      11184;                             56626573;                                     0,492866;                407;                      1713919;                                     0,014234;              920;                    3806014;                                     0,031608
       407;       545;         1;BR      ;30/10/2022 19:28:58;         472075;     156454011;           28;                 457043;                                     0,968158;        9954;             151507547;          8270;               120420690;                 7728;                      114900215;             4909;                   58270823;                                     0,507143;                       2819;                             56629392;                                     0,492857;                169;                      1714088;                                     0,014234;              373;                    3806387;                                     0,031609
       407;       545;         1;BR      ;30/10/2022 19:28:59;         472075;     156454011;            6;                 457049;                                     0,968170;        1826;             151509373;          1417;               120422107;                 1343;                      114901558;              449;                   58271272;                                     0,507141;                        894;                             56630286;                                     0,492859;                 29;                      1714117;                                     0,014234;               45;                    3806432;                                     0,031609
       407;       545;         1;BR      ;30/10/2022 19:29:01;         472075;     156454011;            2;                 457051;                                     0,968175;         749;             151510122;           601;               120422708;                  577;                      114902135;              208;                   58271480;                                     0,507140;                        369;                             56630655;                                     0,492860;                 11;                      1714128;                                     0,014234;               13;                    3806445;                                     0,031609
       407;       545;         1;BR      ;30/10/2022 19:29:02;         472075;     156454011;           21;                 457072;                                     0,968219;        7630;             151517752;          6016;               120428724;                 5686;                      114907821;             2416;                   58273896;                                     0,507136;                       3270;                             56633925;                                     0,492864;                101;                      1714229;                                     0,014234;              229;                    3806674;                                     0,031609
       407;       545;         1;BR      ;30/10/2022 19:29:03;         472075;     156454011;            8;                 457080;                                     0,968236;        2821;             151520573;          2297;               120431021;                 2219;                      114910040;              745;                   58274641;                                     0,507133;                       1474;                             56635399;                                     0,492867;                 37;                      1714266;                                     0,014234;               41;                    3806715;                                     0,031609
       407;       545;         1;BR      ;30/10/2022 19:29:04;         472075;     156454011;           10;                 457090;                                     0,968257;        3635;             151524208;          2974;               120433995;                 2868;                      114912908;              888;                   58275529;                                     0,507128;                       1980;                             56637379;                                     0,492872;                 40;                      1714306;                                     0,014234;               66;                    3806781;                                     0,031609
       407;       545;         1;BR      ;30/10/2022 19:29:05;         472075;     156454011;           12;                 457102;                                     0,968283;        3055;             151527263;          2492;               120436487;                 2397;                      114915305;              874;                   58276403;                                     0,507125;                       1523;                             56638902;                                     0,492875;                 52;                      1714358;                                     0,014235;               43;                    3806824;                                     0,031609
       407;       545;         1;BR      ;30/10/2022 19:29:07;         472075;     156454011;            8;                 457110;                                     0,968300;        2612;             151529875;          2044;               120438531;                 1950;                      114917255;              673;                   58277076;                                     0,507122;                       1277;                             56640179;                                     0,492878;                 30;                      1714388;                                     0,014235;               64;                    3806888;                                     0,031609
       407;       545;         1;BR      ;30/10/2022 19:29:10;         472075;     156454011;            4;                 457114;                                     0,968308;         810;             151530685;           655;               120439186;                  643;                      114917898;              582;                   58277658;                                     0,507124;                         61;                             56640240;                                     0,492876;                  2;                      1714390;                                     0,014234;               10;                    3806898;                                     0,031608
       407;       545;         1;BR      ;30/10/2022 19:29:59;         472075;     156454011;           59;                 457173;                                     0,968433;       18233;             151548918;         14370;               120453556;                13655;                      114931553;            10440;                   58288098;                                     0,507155;                       3215;                             56643455;                                     0,492845;                181;                      1714571;                                     0,014234;              534;                    3807432;                                     0,031609
       407;       545;         1;BR      ;30/10/2022 19:30:00;         472075;     156454011;          184;                 457357;                                     0,968823;       59169;             151608087;         48320;               120501876;                45991;                      114977544;            24307;                   58312405;                                     0,507163;                      21684;                             56665139;                                     0,492837;                720;                      1715291;                                     0,014235;             1609;                    3809041;                                     0,031610
       407;       545;         1;BR      ;30/10/2022 19:30:01;         472075;     156454011;          136;                 457493;                                     0,969111;       41769;             151649856;         32465;               120534341;                31403;                      115008947;            21393;                   58333798;                                     0,507211;                      10010;                             56675149;                                     0,492789;                363;                      1715654;                                     0,014234;              699;                    3809740;                                     0,031607
       407;       545;         1;BR      ;30/10/2022 19:30:02;         472075;     156454011;           54;                 457547;                                     0,969225;       18193;             151668049;         14787;               120549128;                14020;                      115022967;             6831;                   58340629;                                     0,507209;                       7189;                             56682338;                                     0,492791;                202;                      1715856;                                     0,014234;              565;                    3810305;                                     0,031608
       407;       545;         1;BR      ;30/10/2022 19:30:03;         472075;     156454011;           59;                 457606;                                     0,969350;       21186;             151689235;         16722;               120565850;                15711;                      115038678;             7177;                   58347806;                                     0,507202;                       8534;                             56690872;                                     0,492798;                315;                      1716171;                                     0,014234;              696;                    3811001;                                     0,031609
       407;       545;         1;BR      ;30/10/2022 19:30:04;         472075;     156454011;           13;                 457619;                                     0,969378;        3836;             151693071;          3115;               120568965;                 2989;                      115041667;             1482;                   58349288;                                     0,507201;                       1507;                             56692379;                                     0,492799;                 46;                      1716217;                                     0,014234;               80;                    3811081;                                     0,031609
       407;       545;         1;BR      ;30/10/2022 19:30:05;         472075;     156454011;            9;                 457628;                                     0,969397;        2461;             151695532;          1983;               120570948;                 1900;                      115043567;              905;                   58350193;                                     0,507201;                        995;                             56693374;                                     0,492799;                 37;                      1716254;                                     0,014234;               46;                    3811127;                                     0,031609
       407;       545;         1;BR      ;30/10/2022 19:30:06;         472075;     156454011;           28;                 457656;                                     0,969456;       10359;             151705891;          8282;               120579230;                 7836;                      115051403;             2879;                   58353072;                                     0,507191;                       4957;                             56698331;                                     0,492809;                145;                      1716399;                                     0,014235;              301;                    3811428;                                     0,031609
       407;       545;         1;BR      ;30/10/2022 19:30:08;         472075;     156454011;           11;                 457667;                                     0,969479;        4270;             151710161;          2621;               120581851;                 2544;                      115053947;             1153;                   58354225;                                     0,507190;                       1391;                             56699722;                                     0,492810;                 17;                      1716416;                                     0,014234;               60;                    3811488;                                     0,031609
       407;       545;         1;BR      ;30/10/2022 19:31:06;         472075;     156454011;           52;                 457719;                                     0,969590;       13995;             151724156;         11069;               120592920;                10572;                      115064519;             8026;                   58362251;                                     0,507213;                       2546;                             56702268;                                     0,492787;                135;                      1716551;                                     0,014234;              362;                    3811850;                                     0,031609
       407;       545;         1;BR      ;30/10/2022 19:31:07;         472075;     156454011;          200;                 457919;                                     0,970013;       64201;             151788357;         49443;               120642363;                47694;                      115112213;            28457;                   58390708;                                     0,507250;                      19237;                             56721505;                                     0,492750;                598;                      1717149;                                     0,014233;             1151;                    3813001;                                     0,031606
       407;       545;         1;BR      ;30/10/2022 19:31:08;         472075;     156454011;           54;                 457973;                                     0,970128;       17396;             151805753;         14482;               120656845;                13843;                      115126056;             7677;                   58398385;                                     0,507256;                       6166;                             56727671;                                     0,492744;                175;                      1717324;                                     0,014233;              464;                    3813465;                                     0,031606
       407;       545;         1;BR      ;30/10/2022 19:31:09;         472075;     156454011;           28;                 458001;                                     0,970187;       10155;             151815908;          7984;               120664829;                 7429;                      115133485;             3812;                   58402197;                                     0,507256;                       3617;                             56731288;                                     0,492744;                186;                      1717510;                                     0,014234;              369;                    3813834;                                     0,031607
       407;       545;         1;BR      ;30/10/2022 19:31:10;         472075;     156454011;           13;                 458014;                                     0,970214;        4707;             151820615;          3594;               120668423;                 3366;                      115136851;             1460;                   58403657;                                     0,507254;                       1906;                             56733194;                                     0,492746;                 84;                      1717594;                                     0,014234;              144;                    3813978;                                     0,031607
       407;       545;         1;BR      ;30/10/2022 19:31:11;         472075;     156454011;           63;                 458077;                                     0,970348;       21261;             151841876;         16875;               120685298;                15917;                      115152768;             7160;                   58410817;                                     0,507246;                       8757;                             56741951;                                     0,492754;                355;                      1717949;                                     0,014235;              603;                    3814581;                                     0,031608
       407;       545;         1;BR      ;30/10/2022 19:31:12;         472075;     156454011;            1;                 458078;                                     0,970350;         390;             151842266;           314;               120685612;                  294;                      115153062;              162;                   58410979;                                     0,507246;                        132;                             56742083;                                     0,492754;                  5;                      1717954;                                     0,014235;               15;                    3814596;                                     0,031608
       407;       545;         1;BR      ;30/10/2022 19:31:13;         472075;     156454011;            1;                 458079;                                     0,970352;         326;             151842592;           215;               120685827;                  204;                      115153266;              133;                   58411112;                                     0,507247;                         71;                             56742154;                                     0,492753;                  5;                      1717959;                                     0,014235;                6;                    3814602;                                     0,031608
       407;       545;         1;BR      ;30/10/2022 19:31:14;         472075;     156454011;           10;                 458089;                                     0,970373;        3428;             151846020;          2660;               120688487;                 2552;                      115155818;              889;                   58412001;                                     0,507243;                       1663;                             56743817;                                     0,492757;                 31;                      1717990;                                     0,014235;               77;                    3814679;                                     0,031608
       407;       545;         1;BR      ;30/10/2022 19:32:11;         472075;     156454011;           38;                 458127;                                     0,970454;       10762;             151856782;          7873;               120696360;                 7314;                      115163132;             5397;                   58417398;                                     0,507258;                       1917;                             56745734;                                     0,492742;                 89;                      1718079;                                     0,014235;              470;                    3815149;                                     0,031609
       407;       545;         1;BR      ;30/10/2022 19:32:12;         472075;     156454011;           61;                 458188;                                     0,970583;       18663;             151875445;         14577;               120710937;                14011;                      115177143;             7930;                   58425328;                                     0,507265;                       6081;                             56751815;                                     0,492735;                184;                      1718263;                                     0,014235;              382;                    3815531;                                     0,031609
       407;       545;         1;BR      ;30/10/2022 19:32:13;         472075;     156454011;          111;                 458299;                                     0,970818;       39119;             151914564;         31302;               120742239;                30128;                      115207271;            17504;                   58442832;                                     0,507284;                      12624;                             56764439;                                     0,492716;                408;                      1718671;                                     0,014234;              766;                    3816297;                                     0,031607
       407;       545;         1;BR      ;30/10/2022 19:32:14;         472075;     156454011;           47;                 458346;                                     0,970918;       15494;             151930058;         12596;               120754835;                12048;                      115219319;             4766;                   58447598;                                     0,507273;                       7282;                             56771721;                                     0,492727;                157;                      1718828;                                     0,014234;              391;                    3816688;                                     0,031607
       407;       545;         1;BR      ;30/10/2022 19:32:15;         472075;     156454011;            6;                 458352;                                     0,970930;        3514;             151933572;          1319;               120756154;                 1263;                      115220582;              419;                   58448017;                                     0,507271;                        844;                             56772565;                                     0,492729;                 21;                      1718849;                                     0,014234;               35;                    3816723;                                     0,031607
       407;       545;         1;BR      ;30/10/2022 19:32:16;         472075;     156454011;            5;                 458357;                                     0,970941;        1616;             151935188;          1276;               120757430;                 1188;                      115221770;              583;                   58448600;                                     0,507270;                        605;                             56773170;                                     0,492730;                 30;                      1718879;                                     0,014234;               58;                    3816781;                                     0,031607
       407;       545;         1;BR      ;30/10/2022 19:32:17;         472075;     156454011;           37;                 458394;                                     0,971019;       12976;             151948164;         10039;               120767469;                 9465;                      115231235;             3825;                   58452425;                                     0,507262;                       5640;                             56778810;                                     0,492738;                195;                      1719074;                                     0,014235;              379;                    3817160;                                     0,031608
       407;       545;         1;BR      ;30/10/2022 19:32:18;         472075;     156454011;          128;                 458522;                                     0,971291;       44297;             151992461;         35207;               120802676;                32781;                      115264016;            13496;                   58465921;                                     0,507235;                      19285;                             56798095;                                     0,492765;                881;                      1719955;                                     0,014238;             1545;                    3818705;                                     0,031611
       407;       545;         1;BR      ;30/10/2022 19:32:19;         472075;     156454011;           31;                 458553;                                     0,971356;        9052;             152001513;          6207;               120808883;                 6033;                      115270049;             4749;                   58470670;                                     0,507249;                       1284;                             56799379;                                     0,492751;                 54;                      1720009;                                     0,014237;              120;                    3818825;                                     0,031610
       407;       545;         1;BR      ;30/10/2022 19:32:22;         472075;     156454011;            8;                 458561;                                     0,971373;        2136;             152003649;          1617;               120810500;                 1516;                      115271565;             1207;                   58471877;                                     0,507253;                        309;                             56799688;                                     0,492747;                 34;                      1720043;                                     0,014238;               67;                    3818892;                                     0,031611
       407;       545;         1;BR      ;30/10/2022 19:32:31;         472075;     156454011;            9;                 458570;                                     0,971392;        2968;             152006617;          2228;               120812728;                 2172;                      115273737;             1749;                   58473626;                                     0,507259;                        423;                             56800111;                                     0,492741;                 21;                      1720064;                                     0,014237;               35;                    3818927;                                     0,031610
       407;       545;         1;BR      ;30/10/2022 19:33:19;         472075;     156454011;           85;                 458655;                                     0,971572;       21916;             152028533;         17233;               120829961;                16625;                      115290362;            12139;                   58485765;                                     0,507291;                       4486;                             56804597;                                     0,492709;                174;                      1720238;                                     0,014237;              434;                    3819361;                                     0,031609
       407;       545;         1;BR      ;30/10/2022 19:33:20;         472075;     156454011;           91;                 458746;                                     0,971765;       29143;             152057676;         23405;               120853366;                22399;                      115312761;            13489;                   58499254;                                     0,507309;                       8910;                             56813507;                                     0,492691;                324;                      1720562;                                     0,014237;              682;                    3820043;                                     0,031609
       407;       545;         1;BR      ;30/10/2022 19:33:21;         472075;     156454011;           53;                 458799;                                     0,971877;       16463;             152074139;         13598;               120866964;                13026;                      115325787;             6973;                   58506227;                                     0,507313;                       6053;                             56819560;                                     0,492687;                193;                      1720755;                                     0,014237;              379;                    3820422;                                     0,031608
       407;       545;         1;BR      ;30/10/2022 19:33:22;         472075;     156454011;          105;                 458904;                                     0,972100;       34630;             152108769;         26528;               120893492;                24975;                      115350762;            13022;                   58519249;                                     0,507316;                      11953;                             56831513;                                     0,492684;                476;                      1721231;                                     0,014238;             1077;                    3821499;                                     0,031610
       407;       545;         1;BR      ;30/10/2022 19:33:23;         472075;     156454011;           50;                 458954;                                     0,972206;       15018;             152123787;         11877;               120905369;                11296;                      115362058;             5640;                   58524889;                                     0,507315;                       5656;                             56837169;                                     0,492685;                202;                      1721433;                                     0,014238;              379;                    3821878;                                     0,031610
       407;       545;         1;BR      ;30/10/2022 19:33:24;         472075;     156454011;            4;                 458958;                                     0,972214;        1418;             152125205;          1115;               120906484;                 1067;                      115363125;              692;                   58525581;                                     0,507316;                        375;                             56837544;                                     0,492684;                 15;                      1721448;                                     0,014238;               33;                    3821911;                                     0,031610
       407;       545;         1;BR      ;30/10/2022 19:33:26;         472075;     156454011;            3;                 458961;                                     0,972221;        1039;             152126244;           744;               120907228;                  721;                      115363846;              385;                   58525966;                                     0,507316;                        336;                             56837880;                                     0,492684;                  8;                      1721456;                                     0,014238;               15;                    3821926;                                     0,031610
       407;       545;         1;BR      ;30/10/2022 19:33:27;         472075;     156454011;           47;                 459008;                                     0,972320;       14809;             152141053;         11263;               120918491;                10870;                      115374716;             5039;                   58531005;                                     0,507312;                       5831;                             56843711;                                     0,492688;                147;                      1721603;                                     0,014238;              246;                    3822172;                                     0,031609
       407;       545;         1;BR      ;30/10/2022 19:34:25;         472075;     156454011;           91;                 459099;                                     0,972513;       28925;             152169978;         23154;               120941645;                22317;                      115397033;            14001;                   58545006;                                     0,507335;                       8316;                             56852027;                                     0,492665;                264;                      1721867;                                     0,014237;              573;                    3822745;                                     0,031608
       407;       545;         1;BR      ;30/10/2022 19:34:26;         472075;     156454011;          128;                 459227;                                     0,972784;       39709;             152209687;         30866;               120972511;                29581;                      115426614;            18019;                   58563025;                                     0,507362;                      11562;                             56863589;                                     0,492638;                378;                      1722245;                                     0,014237;              907;                    3823652;                                     0,031608
       407;       545;         1;BR      ;30/10/2022 19:34:27;         472075;     156454011;           51;                 459278;                                     0,972892;       16536;             152226223;         13255;               120985766;                12690;                      115439304;             5581;                   58568606;                                     0,507354;                       7109;                             56870698;                                     0,492646;                195;                      1722440;                                     0,014237;              370;                    3824022;                                     0,031607
       407;       545;         1;BR      ;30/10/2022 19:34:28;         472075;     156454011;           39;                 459317;                                     0,972975;       14623;             152240846;         11172;               120996938;                10479;                      115449783;             4223;                   58572829;                                     0,507345;                       6256;                             56876954;                                     0,492655;                240;                      1722680;                                     0,014237;              453;                    3824475;                                     0,031608
       407;       545;         1;BR      ;30/10/2022 19:34:29;         472075;     156454011;           59;                 459376;                                     0,973100;       21199;             152262045;         16538;               121013476;                15408;                      115465191;             6515;                   58579344;                                     0,507333;                       8893;                             56885847;                                     0,492667;                354;                      1723034;                                     0,014238;              776;                    3825251;                                     0,031610
       407;       545;         1;BR      ;30/10/2022 19:34:30;         472075;     156454011;           65;                 459441;                                     0,973237;       21684;             152283729;         17271;               121030747;                16537;                      115481728;             5889;                   58585233;                                     0,507312;                      10648;                             56896495;                                     0,492688;                272;                      1723306;                                     0,014239;              462;                    3825713;                                     0,031609
       407;       545;         1;BR      ;30/10/2022 19:34:31;         472075;     156454011;            4;                 459445;                                     0,973246;        1171;             152284900;           957;               121031704;                  905;                      115482633;              365;                   58585598;                                     0,507311;                        540;                             56897035;                                     0,492689;                 17;                      1723323;                                     0,014239;               35;                    3825748;                                     0,031609
       407;       545;         1;BR      ;30/10/2022 19:34:33;         472075;     156454011;           10;                 459455;                                     0,973267;        2522;             152287422;          1791;               121033495;                 1740;                      115484373;              502;                   58586100;                                     0,507308;                       1238;                             56898273;                                     0,492692;                 19;                      1723342;                                     0,014239;               32;                    3825780;                                     0,031609
       407;       545;         1;BR      ;30/10/2022 19:34:36;         472075;     156454011;           27;                 459482;                                     0,973324;        7004;             152294426;          5674;               121039169;                 5355;                      115489728;             3301;                   58589401;                                     0,507313;                       2054;                             56900327;                                     0,492687;                102;                      1723444;                                     0,014239;              217;                    3825997;                                     0,031610
       407;       545;         1;BR      ;30/10/2022 19:35:30;         472075;     156454011;            9;                 459491;                                     0,973343;        2534;             152296960;          1884;               121041053;                 1820;                      115491548;             1290;                   58590691;                                     0,507316;                        530;                             56900857;                                     0,492684;                 30;                      1723474;                                     0,014239;               34;                    3826031;                                     0,031609
       407;       545;         1;BR      ;30/10/2022 19:35:31;         472075;     156454011;          130;                 459621;                                     0,973619;       36464;             152333424;         27959;               121069012;                26734;                      115518282;            20152;                   58610843;                                     0,507373;                       6582;                             56907439;                                     0,492627;                304;                      1723778;                                     0,014238;              921;                    3826952;                                     0,031610
       407;       545;         1;BR      ;30/10/2022 19:35:32;         472075;     156454011;          115;                 459736;                                     0,973862;       36541;             152369965;         29598;               121098610;                28051;                      115546333;            17614;                   58628457;                                     0,507402;                      10437;                             56917876;                                     0,492598;                339;                      1724117;                                     0,014237;             1208;                    3828160;                                     0,031612
       407;       545;         1;BR      ;30/10/2022 19:35:33;         472075;     156454011;           18;                 459754;                                     0,973900;        6363;             152376328;          5283;               121103893;                 5056;                      115551389;             2030;                   58630487;                                     0,507398;                       3026;                             56920902;                                     0,492602;                 67;                      1724184;                                     0,014237;              160;                    3828320;                                     0,031612
       407;       545;         1;BR      ;30/10/2022 19:35:34;         472075;     156454011;           33;                 459787;                                     0,973970;       11834;             152388162;          9406;               121113299;                 8749;                      115560138;             4519;                   58635006;                                     0,507398;                       4230;                             56925132;                                     0,492602;                205;                      1724389;                                     0,014238;              452;                    3828772;                                     0,031613
       407;       545;         1;BR      ;30/10/2022 19:35:35;         472075;     156454011;            1;                 459788;                                     0,973972;         378;             152388540;           300;               121113599;                  278;                      115560416;              120;                   58635126;                                     0,507398;                        158;                             56925290;                                     0,492602;                  5;                      1724394;                                     0,014238;               17;                    3828789;                                     0,031613
       407;       545;         1;BR      ;30/10/2022 19:35:36;         472075;     156454011;            2;                 459790;                                     0,973977;         787;             152389327;           675;               121114274;                  651;                      115561067;              264;                   58635390;                                     0,507397;                        387;                             56925677;                                     0,492603;                  5;                      1724399;                                     0,014238;               19;                    3828808;                                     0,031613
       407;       545;         1;BR      ;30/10/2022 19:35:37;         472075;     156454011;           18;                 459808;                                     0,974015;        5588;             152394915;          4516;               121118790;                 4274;                      115565341;             3198;                   58638588;                                     0,507406;                       1076;                             56926753;                                     0,492594;                 94;                      1724493;                                     0,014238;              148;                    3828956;                                     0,031613
       407;       545;         1;BR      ;30/10/2022 19:35:38;         472075;     156454011;          126;                 459934;                                     0,974282;       46899;             152441814;         38102;               121156892;                36031;                      115601372;            14327;                   58652915;                                     0,507372;                      21704;                             56948457;                                     0,492628;                736;                      1725229;                                     0,014240;             1335;                    3830291;                                     0,031614
       407;       545;         1;BR      ;30/10/2022 19:35:39;         472075;     156454011;            6;                 459940;                                     0,974294;        2163;             152443977;          1643;               121158535;                 1597;                      115602969;              547;                   58653462;                                     0,507370;                       1050;                             56949507;                                     0,492630;                 14;                      1725243;                                     0,014240;               32;                    3830323;                                     0,031614
       407;       545;         1;BR      ;30/10/2022 19:35:44;         472075;     156454011;            8;                 459948;                                     0,974311;        2065;             152446042;          1155;               121159690;                 1100;                      115604069;              865;                   58654327;                                     0,507373;                        235;                             56949742;                                     0,492627;                 11;                      1725254;                                     0,014240;               44;                    3830367;                                     0,031614
       407;       545;         1;BR      ;30/10/2022 19:35:47;         472075;     156454011;           20;                 459968;                                     0,974354;        6634;             152452676;          5338;               121165028;                 5115;                      115609184;             2596;                   58656923;                                     0,507373;                       2519;                             56952261;                                     0,492627;                 89;                      1725343;                                     0,014240;              134;                    3830501;                                     0,031614
       407;       545;         1;BR      ;30/10/2022 19:36:36;         472075;     156454011;           84;                 460052;                                     0,974532;       23400;             152476076;         17680;               121182708;                16751;                      115625935;            12950;                   58669873;                                     0,507411;                       3801;                             56956062;                                     0,492589;                233;                      1725576;                                     0,014239;              696;                    3831197;                                     0,031615
       407;       545;         1;BR      ;30/10/2022 19:36:37;         472075;     156454011;          184;                 460236;                                     0,974921;       59588;             152535664;         45243;               121227951;                43517;                      115669452;            26246;                   58696119;                                     0,507447;                      17271;                             56973333;                                     0,492553;                590;                      1726166;                                     0,014239;             1136;                    3832333;                                     0,031613
       407;       545;         1;BR      ;30/10/2022 19:36:38;         472075;     156454011;           14;                 460250;                                     0,974951;        4734;             152540398;          4017;               121231968;                 3886;                      115673338;             2372;                   58698491;                                     0,507450;                       1514;                             56974847;                                     0,492550;                 29;                      1726195;                                     0,014239;              102;                    3832435;                                     0,031612
       407;       545;         1;BR      ;30/10/2022 19:36:39;         472075;     156454011;           80;                 460330;                                     0,975120;       24643;             152565041;         20066;               121252034;                18908;                      115692246;            11629;                   58710120;                                     0,507468;                       7279;                             56982126;                                     0,492532;                277;                      1726472;                                     0,014239;              881;                    3833316;                                     0,031614
       407;       545;         1;BR      ;30/10/2022 19:36:40;         472075;     156454011;           46;                 460376;                                     0,975218;       13686;             152578727;         10835;               121262869;                10388;                      115702634;             7052;                   58717172;                                     0,507483;                       3336;                             56985462;                                     0,492517;                141;                      1726613;                                     0,014239;              306;                    3833622;                                     0,031614
       407;       545;         1;BR      ;30/10/2022 19:36:41;         472075;     156454011;           55;                 460431;                                     0,975334;       19548;             152598275;         15733;               121278602;                14899;                      115717533;             7948;                   58725120;                                     0,507487;                       6951;                             56992413;                                     0,492513;                272;                      1726885;                                     0,014239;              562;                    3834184;                                     0,031615
       407;       545;         1;BR      ;30/10/2022 19:36:42;         472075;     156454011;            8;                 460439;                                     0,975351;        1813;             152600088;          1524;               121280126;                 1432;                      115718965;              504;                   58725624;                                     0,507485;                        928;                             56993341;                                     0,492515;                 26;                      1726911;                                     0,014239;               66;                    3834250;                                     0,031615
       407;       545;         1;BR      ;30/10/2022 19:36:44;         472075;     156454011;           13;                 460452;                                     0,975379;        3763;             152603851;          2897;               121283023;                 2779;                      115721744;             1274;                   58726898;                                     0,507484;                       1505;                             56994846;                                     0,492516;                 45;                      1726956;                                     0,014239;               73;                    3834323;                                     0,031615
       407;       545;         1;BR      ;30/10/2022 19:36:45;         472075;     156454011;           17;                 460469;                                     0,975415;        5333;             152609184;          3955;               121286978;                 3804;                      115725548;             2257;                   58729155;                                     0,507487;                       1547;                             56996393;                                     0,492513;                 50;                      1727006;                                     0,014239;              101;                    3834424;                                     0,031614
       407;       545;         1;BR      ;30/10/2022 19:36:46;         472075;     156454011;           17;                 460486;                                     0,975451;        5999;             152615183;          4813;               121291791;                 4637;                      115730185;             1634;                   58730789;                                     0,507480;                       3003;                             56999396;                                     0,492520;                 63;                      1727069;                                     0,014239;              113;                    3834537;                                     0,031614
       407;       545;         1;BR      ;30/10/2022 19:36:51;         472075;     156454011;            1;                 460487;                                     0,975453;          53;             152615236;            34;               121291825;                   34;                      115730219;               22;                   58730811;                                     0,507480;                         12;                             56999408;                                     0,492520;                  0;                      1727069;                                     0,014239;                0;                    3834537;                                     0,031614
       407;       545;         1;BR      ;30/10/2022 19:36:58;         472075;     156454011;            2;                 460489;                                     0,975457;         618;             152615854;           518;               121292343;                  502;                      115730721;              154;                   58730965;                                     0,507479;                        348;                             56999756;                                     0,492521;                  7;                      1727076;                                     0,014239;                9;                    3834546;                                     0,031614
       407;       545;         1;BR      ;30/10/2022 19:37:42;         472075;     156454011;            1;                 460490;                                     0,975459;         329;             152616183;           236;               121292579;                  229;                      115730950;              167;                   58731132;                                     0,507480;                         62;                             56999818;                                     0,492520;                  2;                      1727078;                                     0,014239;                5;                    3834551;                                     0,031614
       407;       545;         1;BR      ;30/10/2022 19:37:43;         472075;     156454011;           98;                 460588;                                     0,975667;       28415;             152644598;         21519;               121314098;                20795;                      115751745;            14143;                   58745275;                                     0,507511;                       6652;                             57006470;                                     0,492489;                207;                      1727285;                                     0,014238;              517;                    3835068;                                     0,031613
       407;       545;         1;BR      ;30/10/2022 19:37:44;         472075;     156454011;          137;                 460725;                                     0,975957;       50524;             152695122;         41058;               121355156;                38773;                      115790518;            22407;                   58767682;                                     0,507534;                      16366;                             57022836;                                     0,492466;                647;                      1727932;                                     0,014239;             1638;                    3836706;                                     0,031616
       407;       545;         1;BR      ;30/10/2022 19:37:45;         472075;     156454011;           15;                 460740;                                     0,975989;        4058;             152699180;          3259;               121358415;                 3039;                      115793557;             2073;                   58769755;                                     0,507539;                        966;                             57023802;                                     0,492461;                 55;                      1727987;                                     0,014239;              165;                    3836871;                                     0,031616
       407;       545;         1;BR      ;30/10/2022 19:37:46;         472075;     156454011;            5;                 460745;                                     0,976000;         756;             152699936;           514;               121358929;                  497;                      115794054;              261;                   58770016;                                     0,507539;                        236;                             57024038;                                     0,492461;                  4;                      1727991;                                     0,014239;               13;                    3836884;                                     0,031616
       407;       545;         1;BR      ;30/10/2022 19:37:47;         472075;     156454011;           28;                 460773;                                     0,976059;        7832;             152707768;          6068;               121364997;                 5853;                      115799907;             3109;                   58773125;                                     0,507540;                       2744;                             57026782;                                     0,492460;                 66;                      1728057;                                     0,014239;              149;                    3837033;                                     0,031616
       407;       545;         1;BR      ;30/10/2022 19:37:48;         472075;     156454011;          147;                 460920;                                     0,976370;       45988;             152753756;         37472;               121402469;                35036;                      115834943;            14008;                   58787133;                                     0,507508;                      21028;                             57047810;                                     0,492492;                748;                      1728805;                                     0,014240;             1688;                    3838721;                                     0,031620
       407;       545;         1;BR      ;30/10/2022 19:37:51;         472075;     156454011;           44;                 460964;                                     0,976463;       15307;             152769063;         12221;               121414690;                11451;                      115846394;             8143;                   58795276;                                     0,507528;                       3308;                             57051118;                                     0,492472;                197;                      1729002;                                     0,014240;              573;                    3839294;                                     0,031621
       407;       545;         1;BR      ;30/10/2022 19:37:53;         472075;     156454011;           19;                 460983;                                     0,976504;        5565;             152774628;          4414;               121419104;                 4282;                      115850676;             2176;                   58797452;                                     0,507528;                       2106;                             57053224;                                     0,492472;                 48;                      1729050;                                     0,014240;               84;                    3839378;                                     0,031621
       407;       545;         1;BR      ;30/10/2022 19:37:54;         472075;     156454011;            9;                 460992;                                     0,976523;        2088;             152776716;          1658;               121420762;                 1583;                      115852259;              941;                   58798393;                                     0,507529;                        642;                             57053866;                                     0,492471;                 19;                      1729069;                                     0,014240;               56;                    3839434;                                     0,031621
       407;       545;         1;BR      ;30/10/2022 19:37:55;         472075;     156454011;           60;                 461052;                                     0,976650;       21697;             152798413;         18377;               121439139;                17309;                      115869568;             9547;                   58807940;                                     0,507536;                       7762;                             57061628;                                     0,492464;                228;                      1729297;                                     0,014240;              840;                    3840274;                                     0,031623
       407;       545;         1;BR      ;30/10/2022 19:38:49;         472075;     156454011;          173;                 461225;                                     0,977016;       58004;             152856417;         44398;               121483537;                42552;                      115912120;            25581;                   58833521;                                     0,507570;                      16971;                             57078599;                                     0,492430;                577;                      1729874;                                     0,014240;             1269;                    3841543;                                     0,031622
       407;       545;         1;BR      ;30/10/2022 19:38:50;         472075;     156454011;          101;                 461326;                                     0,977230;       33813;             152890230;         27175;               121510712;                25418;                      115937538;            17190;                   58850711;                                     0,507607;                       8228;                             57086827;                                     0,492393;                367;                      1730241;                                     0,014239;             1390;                    3842933;                                     0,031626
       407;       545;         1;BR      ;30/10/2022 19:38:51;         472075;     156454011;           30;                 461356;                                     0,977294;       10393;             152900623;          8620;               121519332;                 8095;                      115945633;             4664;                   58855375;                                     0,507612;                       3431;                             57090258;                                     0,492388;                133;                      1730374;                                     0,014239;              392;                    3843325;                                     0,031627
       407;       545;         1;BR      ;30/10/2022 19:38:52;         472075;     156454011;           37;                 461393;                                     0,977372;       26442;             152927065;         10725;               121530057;                10454;                      115956087;             2678;                   58858053;                                     0,507589;                       7776;                             57098034;                                     0,492411;                132;                      1730506;                                     0,014239;              139;                    3843464;                                     0,031626
       407;       545;         1;BR      ;30/10/2022 19:38:53;         472075;     156454011;            8;                 461401;                                     0,977389;        2487;             152929552;          1952;               121532009;                 1843;                      115957930;              807;                   58858860;                                     0,507588;                       1036;                             57099070;                                     0,492412;                 31;                      1730537;                                     0,014239;               78;                    3843542;                                     0,031626
       407;       545;         1;BR      ;30/10/2022 19:38:54;         472075;     156454011;           39;                 461440;                                     0,977472;       13718;             152943270;         10922;               121542931;                10315;                      115968245;             3915;                   58862775;                                     0,507577;                       6400;                             57105470;                                     0,492423;                224;                      1730761;                                     0,014240;              383;                    3843925;                                     0,031626
       407;       545;         1;BR      ;30/10/2022 19:38:55;         472075;     156454011;          129;                 461569;                                     0,977745;       41811;             152985081;         34083;               121577014;                31939;                      116000184;            14107;                   58876882;                                     0,507559;                      17832;                             57123302;                                     0,492441;                641;                      1731402;                                     0,014241;             1503;                    3845428;                                     0,031630
       407;       545;         1;BR      ;30/10/2022 19:38:56;         472075;     156454011;           18;                 461587;                                     0,977783;        5148;             152990229;          4121;               121581135;                 3963;                      116004147;             1843;                   58878725;                                     0,507557;                       2120;                             57125422;                                     0,492443;                 59;                      1731461;                                     0,014241;               99;                    3845527;                                     0,031629
       407;       545;         1;BR      ;30/10/2022 19:38:57;         472075;     156454011;            5;                 461592;                                     0,977794;         777;             152991006;           578;               121581713;                  565;                      116004712;              481;                   58879206;                                     0,507559;                         84;                             57125506;                                     0,492441;                  2;                      1731463;                                     0,014241;               11;                    3845538;                                     0,031629
       407;       545;         1;BR      ;30/10/2022 19:39:00;         472075;     156454011;           44;                 461636;                                     0,977887;       14081;             153005087;         10863;               121592576;                10464;                      116015176;             6969;                   58886175;                                     0,507573;                       3495;                             57129001;                                     0,492427;                121;                      1731584;                                     0,014241;              278;                    3845816;                                     0,031629
       407;       545;         1;BR      ;30/10/2022 19:39:54;         472075;     156454011;            8;                 461644;                                     0,977904;        2613;             153007700;          2053;               121594629;                 1976;                      116017152;             1732;                   58887907;                                     0,507579;                        244;                             57129245;                                     0,492421;                  4;                      1731588;                                     0,014241;               73;                    3845889;                                     0,031629
       407;       545;         1;BR      ;30/10/2022 19:39:55;         472075;     156454011;           98;                 461742;                                     0,978112;       33111;             153040811;         26543;               121621172;                25429;                      116042581;            14295;                   58902202;                                     0,507591;                      11134;                             57140379;                                     0,492409;                362;                      1731950;                                     0,014241;              752;                    3846641;                                     0,031628
       407;       545;         1;BR      ;30/10/2022 19:39:56;         472075;     156454011;          110;                 461852;                                     0,978345;       31492;             153072303;         24047;               121645219;                23044;                      116065625;            14954;                   58917156;                                     0,507619;                       8090;                             57148469;                                     0,492381;                276;                      1732226;                                     0,014240;              727;                    3847368;                                     0,031628
       407;       545;         1;BR      ;30/10/2022 19:39:57;         472075;     156454011;           60;                 461912;                                     0,978472;       19923;             153092226;         15191;               121660410;                14637;                      116080262;             6405;                   58923561;                                     0,507611;                       8232;                             57156701;                                     0,492389;                173;                      1732399;                                     0,014240;              381;                    3847749;                                     0,031627
       407;       545;         1;BR      ;30/10/2022 19:39:58;         472075;     156454011;            3;                 461915;                                     0,978478;        1055;             153093281;           823;               121661233;                  785;                      116081047;              293;                   58923854;                                     0,507610;                        492;                             57157193;                                     0,492390;                  9;                      1732408;                                     0,014240;               29;                    3847778;                                     0,031627
       407;       545;         1;BR      ;30/10/2022 19:39:59;         472075;     156454011;           22;                 461937;                                     0,978525;        6864;             153100145;          5152;               121666385;                 4835;                      116085882;             3179;                   58927033;                                     0,507616;                       1656;                             57158849;                                     0,492384;                 83;                      1732491;                                     0,014240;              234;                    3848012;                                     0,031628
       407;       545;         1;BR      ;30/10/2022 19:40:00;         472075;     156454011;           98;                 462035;                                     0,978732;       34564;             153134709;         27373;               121693758;                25742;                      116111624;            11686;                   58938719;                                     0,507604;                      14056;                             57172905;                                     0,492396;                519;                      1733010;                                     0,014241;             1112;                    3849124;                                     0,031630
       407;       545;         1;BR      ;30/10/2022 19:40:05;         472075;     156454011;            7;                 462042;                                     0,978747;        2269;             153136978;          1782;               121695540;                 1705;                      116113329;             1035;                   58939754;                                     0,507605;                        670;                             57173575;                                     0,492395;                 18;                      1733028;                                     0,014241;               59;                    3849183;                                     0,031630
       407;       545;         1;BR      ;30/10/2022 19:40:08;         472075;     156454011;           28;                 462070;                                     0,978806;        8145;             153145123;          6487;               121702027;                 6187;                      116119516;             4193;                   58943947;                                     0,507614;                       1994;                             57175569;                                     0,492386;                 68;                      1733096;                                     0,014240;              232;                    3849415;                                     0,031630
       407;       545;         1;BR      ;30/10/2022 19:40:09;         472075;     156454011;            9;                 462079;                                     0,978825;        2107;             153147230;          1646;               121703673;                 1581;                      116121097;             1165;                   58945112;                                     0,507618;                        416;                             57175985;                                     0,492382;                 20;                      1733116;                                     0,014240;               45;                    3849460;                                     0,031630
       407;       545;         1;BR      ;30/10/2022 19:41:01;         472075;     156454011;           41;                 462120;                                     0,978912;       10081;             153157311;          7645;               121711318;                 7352;                      116128449;             6142;                   58951254;                                     0,507638;                       1210;                             57177195;                                     0,492362;                 62;                      1733178;                                     0,014240;              231;                    3849691;                                     0,031630
       407;       545;         1;BR      ;30/10/2022 19:41:02;         472075;     156454011;          223;                 462343;                                     0,979385;       68837;             153226148;         54107;               121765425;                51865;                      116180314;            32960;                   58984214;                                     0,507695;                      18905;                             57196100;                                     0,492305;                658;                      1733836;                                     0,014239;             1584;                    3851275;                                     0,031629
       407;       545;         1;BR      ;30/10/2022 19:41:03;         472075;     156454011;           37;                 462380;                                     0,979463;       12573;             153238721;         10302;               121775727;                 9898;                      116190212;             4866;                   58989080;                                     0,507694;                       5032;                             57201132;                                     0,492306;                114;                      1733950;                                     0,014239;              290;                    3851565;                                     0,031628
       407;       545;         1;BR      ;30/10/2022 19:41:04;         472075;     156454011;           38;                 462418;                                     0,979544;       14046;             153252767;         10840;               121786567;                10077;                      116200289;             4123;                   58993203;                                     0,507686;                       5954;                             57207086;                                     0,492314;                264;                      1734214;                                     0,014240;              499;                    3852064;                                     0,031630
       407;       545;         1;BR      ;30/10/2022 19:41:05;         472075;     156454011;           28;                 462446;                                     0,979603;       10547;             153263314;          8726;               121795293;                 8272;                      116208561;             4685;                   58997888;                                     0,507690;                       3587;                             57210673;                                     0,492310;                146;                      1734360;                                     0,014240;              308;                    3852372;                                     0,031630
       407;       545;         1;BR      ;30/10/2022 19:41:06;         472075;     156454011;            4;                 462450;                                     0,979611;        1263;             153264577;           978;               121796271;                  933;                      116209494;              313;                   58998201;                                     0,507688;                        620;                             57211293;                                     0,492312;                 21;                      1734381;                                     0,014240;               24;                    3852396;                                     0,031630
       407;       545;         1;BR      ;30/10/2022 19:41:07;         472075;     156454011;            7;                 462457;                                     0,979626;        2518;             153267095;          2008;               121798279;                 1875;                      116211369;              854;                   58999055;                                     0,507687;                       1021;                             57212314;                                     0,492313;                 53;                      1734434;                                     0,014240;               80;                    3852476;                                     0,031630
       407;       545;         1;BR      ;30/10/2022 19:41:09;         472075;     156454011;            1;                 462458;                                     0,979628;         262;             153267357;           207;               121798486;                  195;                      116211564;              126;                   58999181;                                     0,507688;                         69;                             57212383;                                     0,492312;                  5;                      1734439;                                     0,014240;                7;                    3852483;                                     0,031630
       407;       545;         1;BR      ;30/10/2022 19:41:16;         472075;     156454011;           22;                 462480;                                     0,979675;        5069;             153272426;          3808;               121802294;                 3603;                      116215167;             2818;                   59001999;                                     0,507696;                        785;                             57213168;                                     0,492304;                 30;                      1734469;                                     0,014240;              175;                    3852658;                                     0,031630
       407;       545;         1;BR      ;30/10/2022 19:42:07;         472075;     156454011;           92;                 462572;                                     0,979870;       26054;             153298480;         19962;               121822256;                19260;                      116234427;            13961;                   59015960;                                     0,507732;                       5299;                             57218467;                                     0,492268;                183;                      1734652;                                     0,014239;              519;                    3853177;                                     0,031629
       407;       545;         1;BR      ;30/10/2022 19:42:08;         472075;     156454011;          137;                 462709;                                     0,980160;       46519;             153344999;         37013;               121859269;                35422;                      116269849;            18777;                   59034737;                                     0,507739;                      16645;                             57235112;                                     0,492261;                512;                      1735164;                                     0,014239;             1079;                    3854256;                                     0,031629
       407;       545;         1;BR      ;30/10/2022 19:42:09;         472075;     156454011;           31;                 462740;                                     0,980226;        8792;             153353791;          7048;               121866317;                 6637;                      116276486;             4127;                   59038864;                                     0,507746;                       2510;                             57237622;                                     0,492254;                123;                      1735287;                                     0,014239;              288;                    3854544;                                     0,031629
       407;       545;         1;BR      ;30/10/2022 19:42:10;         472075;     156454011;           11;                 462751;                                     0,980249;        8518;             153362309;          5142;               121871459;                 4899;                      116281385;             3361;                   59042225;                                     0,507753;                       1538;                             57239160;                                     0,492247;                 87;                      1735374;                                     0,014239;              156;                    3854700;                                     0,031629
       407;       545;         1;BR      ;30/10/2022 19:42:11;         472075;     156454011;           20;                 462771;                                     0,980291;        6879;             153369188;          5277;               121876736;                 5013;                      116286398;             2407;                   59044632;                                     0,507752;                       2606;                             57241766;                                     0,492248;                 93;                      1735467;                                     0,014240;              171;                    3854871;                                     0,031629
       407;       545;         1;BR      ;30/10/2022 19:42:12;         472075;     156454011;           55;                 462826;                                     0,980408;       19583;             153388771;         15470;               121892206;                14676;                      116301074;             5947;                   59050579;                                     0,507739;                       8729;                             57250495;                                     0,492261;                292;                      1735759;                                     0,014240;              502;                    3855373;                                     0,031629
       407;       545;         1;BR      ;30/10/2022 19:42:13;         472075;     156454011;            4;                 462830;                                     0,980416;        1443;             153390214;          1158;               121893364;                 1073;                      116302147;              578;                   59051157;                                     0,507739;                        495;                             57250990;                                     0,492261;                 33;                      1735792;                                     0,014240;               52;                    3855425;                                     0,031629
       407;       545;         1;BR      ;30/10/2022 19:42:16;         472075;     156454011;            4;                 462834;                                     0,980425;        1138;             153391352;           803;               121894167;                  777;                      116302924;              602;                   59051759;                                     0,507741;                        175;                             57251165;                                     0,492259;                 11;                      1735803;                                     0,014240;               15;                    3855440;                                     0,031629
       407;       545;         1;BR      ;30/10/2022 19:42:17;         472075;     156454011;           10;                 462844;                                     0,980446;        3793;             153395145;          3210;               121897377;                 3086;                      116306010;              929;                   59052688;                                     0,507735;                       2157;                             57253322;                                     0,492265;                 55;                      1735858;                                     0,014240;               69;                    3855509;                                     0,031629
       407;       545;         1;BR      ;30/10/2022 19:43:12;         472075;     156454011;           18;                 462862;                                     0,980484;        5245;             153400390;          3852;               121901229;                 3786;                      116309796;             2962;                   59055650;                                     0,507744;                        824;                             57254146;                                     0,492256;                 21;                      1735879;                                     0,014240;               45;                    3855554;                                     0,031629
       407;       545;         1;BR      ;30/10/2022 19:43:13;         472075;     156454011;          138;                 463000;                                     0,980776;       43738;             153444128;         32499;               121933728;                31213;                      116341009;            23741;                   59079391;                                     0,507812;                       7472;                             57261618;                                     0,492188;                318;                      1736197;                                     0,014239;              968;                    3856522;                                     0,031628
       407;       545;         1;BR      ;30/10/2022 19:43:14;         472075;     156454011;          124;                 463124;                                     0,981039;       45811;             153489939;         36347;               121970075;                34620;                      116375629;            18962;                   59098353;                                     0,507824;                      15658;                             57277276;                                     0,492176;                573;                      1736770;                                     0,014239;             1154;                    3857676;                                     0,031628
       407;       545;         1;BR      ;30/10/2022 19:43:15;         472075;     156454011;            9;                 463133;                                     0,981058;        2108;             153492047;          1711;               121971786;                 1641;                      116377270;              664;                   59099017;                                     0,507823;                        977;                             57278253;                                     0,492177;                 20;                      1736790;                                     0,014239;               50;                    3857726;                                     0,031628
       407;       545;         1;BR      ;30/10/2022 19:43:16;         472075;     156454011;           45;                 463178;                                     0,981153;       15285;             153507332;         12037;               121983823;                11272;                      116388542;             5227;                   59104244;                                     0,507818;                       6045;                             57284298;                                     0,492182;                255;                      1737045;                                     0,014240;              510;                    3858236;                                     0,031629
       407;       545;         1;BR      ;30/10/2022 19:43:17;         472075;     156454011;          104;                 463282;                                     0,981374;       34395;             153541727;         27651;               122011474;                26109;                      116414651;            12071;                   59116315;                                     0,507808;                      14038;                             57298336;                                     0,492192;                524;                      1737569;                                     0,014241;             1018;                    3859254;                                     0,031630
       407;       545;         1;BR      ;30/10/2022 19:43:23;         472075;     156454011;            1;                 463283;                                     0,981376;         349;             153542076;           293;               122011767;                  283;                      116414934;              142;                   59116457;                                     0,507808;                        141;                             57298477;                                     0,492192;                  3;                      1737572;                                     0,014241;                7;                    3859261;                                     0,031630
       407;       545;         1;BR      ;30/10/2022 19:43:24;         472075;     156454011;            1;                 463284;                                     0,981378;         127;             153542203;           114;               122011881;                  110;                      116415044;               39;                   59116496;                                     0,507808;                         71;                             57298548;                                     0,492192;                  2;                      1737574;                                     0,014241;                2;                    3859263;                                     0,031630
       407;       545;         1;BR      ;30/10/2022 19:44:18;         472075;     156454011;           43;                 463327;                                     0,981469;       16757;             153558960;         13723;               122025604;                12918;                      116427962;             9752;                   59126248;                                     0,507835;                       3166;                             57301714;                                     0,492165;                197;                      1737771;                                     0,014241;              608;                    3859871;                                     0,031632
       407;       545;         1;BR      ;30/10/2022 19:44:19;         472075;     156454011;          162;                 463489;                                     0,981812;       51992;             153610952;         41241;               122066845;                39555;                      116467517;            22751;                   59148999;                                     0,507858;                      16804;                             57318518;                                     0,492142;                549;                      1738320;                                     0,014241;             1137;                    3861008;                                     0,031630
       407;       545;         1;BR      ;30/10/2022 19:44:20;         472075;     156454011;           35;                 463524;                                     0,981886;       11803;             153622755;          9744;               122076589;                 9314;                      116476831;             5015;                   59154014;                                     0,507861;                       4299;                             57322817;                                     0,492139;                128;                      1738448;                                     0,014241;              302;                    3861310;                                     0,031630
       407;       545;         1;BR      ;30/10/2022 19:44:21;         472075;     156454011;          143;                 463667;                                     0,982189;       65823;             153688578;         41784;               122118373;                39413;                      116516244;            20214;                   59174228;                                     0,507862;                      19199;                             57342016;                                     0,492138;                812;                      1739260;                                     0,014242;             1559;                    3862869;                                     0,031632
       407;       545;         1;BR      ;30/10/2022 19:44:22;         472075;     156454011;           19;                 463686;                                     0,982230;        5877;             153694455;          4586;               122122959;                 4351;                      116520595;             2222;                   59176450;                                     0,507863;                       2129;                             57344145;                                     0,492137;                 76;                      1739336;                                     0,014242;              159;                    3863028;                                     0,031632
       407;       545;         1;BR      ;30/10/2022 19:44:29;         472075;     156454011;           12;                 463698;                                     0,982255;        3283;             153697738;          2652;               122125611;                 2549;                      116523144;             1660;                   59178110;                                     0,507866;                        889;                             57345034;                                     0,492134;                 34;                      1739370;                                     0,014242;               69;                    3863097;                                     0,031632
       407;       545;         1;BR      ;30/10/2022 19:45:24;         472075;     156454011;          141;                 463839;                                     0,982554;       43493;             153741231;         33518;               122159129;                32384;                      116555528;            22661;                   59200771;                                     0,507919;                       9723;                             57354757;                                     0,492081;                345;                      1739715;                                     0,014241;              789;                    3863886;                                     0,031630
       407;       545;         1;BR      ;30/10/2022 19:45:25;         472075;     156454011;           52;                 463891;                                     0,982664;       15556;             153756787;         12664;               122171793;                11963;                      116567491;             7928;                   59208699;                                     0,507935;                       4035;                             57358792;                                     0,492065;                165;                      1739880;                                     0,014241;              536;                    3864422;                                     0,031631
       407;       545;         1;BR      ;30/10/2022 19:45:26;         472075;     156454011;           66;                 463957;                                     0,982804;       23562;             153780349;         18405;               122190198;                17366;                      116584857;             7110;                   59215809;                                     0,507920;                      10256;                             57369048;                                     0,492080;                385;                      1740265;                                     0,014242;              654;                    3865076;                                     0,031632
       407;       545;         1;BR      ;30/10/2022 19:45:27;         472075;     156454011;            1;                 463958;                                     0,982806;         365;             153780714;           297;               122190495;                  272;                      116585129;              158;                   59215967;                                     0,507920;                        114;                             57369162;                                     0,492080;                  5;                      1740270;                                     0,014242;               20;                    3865096;                                     0,031632
       407;       545;         1;BR      ;30/10/2022 19:45:31;         472075;     156454011;            2;                 463960;                                     0,982810;         544;             153781258;           435;               122190930;                  407;                      116585536;              172;                   59216139;                                     0,507920;                        235;                             57369397;                                     0,492080;                  9;                      1740279;                                     0,014242;               19;                    3865115;                                     0,031632
       407;       545;         1;BR      ;30/10/2022 19:45:32;         472075;     156454011;            1;                 463961;                                     0,982812;         270;             153781528;           205;               122191135;                  193;                      116585729;               94;                   59216233;                                     0,507920;                         99;                             57369496;                                     0,492080;                  6;                      1740285;                                     0,014242;                6;                    3865121;                                     0,031632
       407;       545;         1;BR      ;30/10/2022 19:46:29;         472075;     156454011;           86;                 464047;                                     0,982994;       24539;             153806067;         18796;               122209931;                18136;                      116603865;            14541;                   59230774;                                     0,507966;                       3595;                             57373091;                                     0,492034;                160;                      1740445;                                     0,014241;              500;                    3865621;                                     0,031631
       407;       545;         1;BR      ;30/10/2022 19:46:30;         472075;     156454011;          101;                 464148;                                     0,983208;       33575;             153839642;         26000;               122235931;                24900;                      116628765;            14677;                   59245451;                                     0,507983;                      10223;                             57383314;                                     0,492017;                352;                      1740797;                                     0,014241;              748;                    3866369;                                     0,031630
       407;       545;         1;BR      ;30/10/2022 19:46:31;         472075;     156454011;           19;                 464167;                                     0,983248;        6055;             153845697;          4963;               122240894;                 4749;                      116633514;             2145;                   59247596;                                     0,507981;                       2604;                             57385918;                                     0,492019;                 78;                      1740875;                                     0,014241;              136;                    3866505;                                     0,031630
       407;       545;         1;BR      ;30/10/2022 19:46:32;         472075;     156454011;           24;                 464191;                                     0,983299;        8680;             153854377;          6760;               122247654;                 6343;                      116639857;             2599;                   59250195;                                     0,507976;                       3744;                             57389662;                                     0,492024;                136;                      1741011;                                     0,014242;              281;                    3866786;                                     0,031631
       407;       545;         1;BR      ;30/10/2022 19:46:33;         472075;     156454011;           18;                 464209;                                     0,983337;        5952;             153860329;          4660;               122252314;                 4433;                      116644290;             2315;                   59252510;                                     0,507976;                       2118;                             57391780;                                     0,492024;                 68;                      1741079;                                     0,014242;              159;                    3866945;                                     0,031631
       407;       545;         1;BR      ;30/10/2022 19:46:36;         472075;     156454011;           12;                 464221;                                     0,983363;        3981;             153864310;          3271;               122255585;                 3099;                      116647389;             1563;                   59254073;                                     0,507976;                       1536;                             57393316;                                     0,492024;                 63;                      1741142;                                     0,014242;              109;                    3867054;                                     0,031631
       407;       545;         1;BR      ;30/10/2022 19:46:37;         472075;     156454011;           12;                 464233;                                     0,983388;        3819;             153868129;          3045;               122258630;                 2907;                      116650296;             1496;                   59255569;                                     0,507976;                       1411;                             57394727;                                     0,492024;                 46;                      1741188;                                     0,014242;               92;                    3867146;                                     0,031631
       407;       545;         1;BR      ;30/10/2022 19:46:43;         472075;     156454011;           15;                 464248;                                     0,983420;        4680;             153872809;          3807;               122262437;                 3617;                      116653913;             1904;                   59257473;                                     0,507977;                       1713;                             57396440;                                     0,492023;                 72;                      1741260;                                     0,014242;              118;                    3867264;                                     0,031631
       407;       545;         1;BR      ;30/10/2022 19:47:34;         472075;     156454011;            1;                 464249;                                     0,983422;          88;             153872897;            53;               122262490;                   52;                      116653965;               15;                   59257488;                                     0,507977;                         37;                             57396477;                                     0,492023;                  0;                      1741260;                                     0,014242;                1;                    3867265;                                     0,031631
       407;       545;         1;BR      ;30/10/2022 19:47:35;         472075;     156454011;            3;                 464252;                                     0,983428;         918;             153873815;           750;               122263240;                  706;                      116654671;              514;                   59258002;                                     0,507978;                        192;                             57396669;                                     0,492022;                  6;                      1741266;                                     0,014242;               38;                    3867303;                                     0,031631
       407;       545;         1;BR      ;30/10/2022 19:47:36;         472075;     156454011;           97;                 464349;                                     0,983634;       28941;             153902756;         22220;               122285460;                21473;                      116676144;            13905;                   59271907;                                     0,508004;                       7568;                             57404237;                                     0,491996;                226;                      1741492;                                     0,014241;              521;                    3867824;                                     0,031629
       407;       545;         1;BR      ;30/10/2022 19:47:37;         472075;     156454011;           46;                 464395;                                     0,983731;       15224;             153917980;         13144;               122298604;                12450;                      116688594;             6732;                   59278639;                                     0,508007;                       5718;                             57409955;                                     0,491993;                173;                      1741665;                                     0,014241;              521;                    3868345;                                     0,031630
       407;       545;         1;BR      ;30/10/2022 19:47:38;         472075;     156454011;           27;                 464422;                                     0,983789;       10331;             153928311;          8006;               122306610;                 7564;                      116696158;             2777;                   59281416;                                     0,507998;                       4787;                             57414742;                                     0,492002;                164;                      1741829;                                     0,014241;              278;                    3868623;                                     0,031631
       407;       545;         1;BR      ;30/10/2022 19:47:39;         472075;     156454011;           27;                 464449;                                     0,983846;        7632;             153935943;          5951;               122312561;                 5705;                      116701863;             3597;                   59285013;                                     0,508004;                       2108;                             57416850;                                     0,491996;                 90;                      1741919;                                     0,014242;              156;                    3868779;                                     0,031630
       407;       545;         1;BR      ;30/10/2022 19:47:40;         472075;     156454011;            4;                 464453;                                     0,983854;         949;             153936892;           783;               122313344;                  719;                      116702582;              399;                   59285412;                                     0,508004;                        320;                             57417170;                                     0,491996;                 37;                      1741956;                                     0,014242;               27;                    3868806;                                     0,031630
       407;       545;         1;BR      ;30/10/2022 19:47:42;         472075;     156454011;            1;                 464454;                                     0,983856;         151;             153937043;           124;               122313468;                  122;                      116702704;               39;                   59285451;                                     0,508004;                         83;                             57417253;                                     0,491996;                  0;                      1741956;                                     0,014242;                2;                    3868808;                                     0,031630
       407;       545;         1;BR      ;30/10/2022 19:48:40;         472075;     156454011;           11;                 464465;                                     0,983880;        3383;             153940426;          2845;               122316313;                 2715;                      116705419;             2048;                   59287499;                                     0,508010;                        667;                             57417920;                                     0,491990;                 40;                      1741996;                                     0,014242;               90;                    3868898;                                     0,031630
       407;       545;         1;BR      ;30/10/2022 19:48:41;         472075;     156454011;           67;                 464532;                                     0,984022;       18099;             153958525;         13948;               122330261;                13489;                      116718908;             8378;                   59295877;                                     0,508023;                       5111;                             57423031;                                     0,491977;                123;                      1742119;                                     0,014241;              336;                    3869234;                                     0,031629
       407;       545;         1;BR      ;30/10/2022 19:48:42;         472075;     156454011;           43;                 464575;                                     0,984113;       15214;             153973739;         12215;               122342476;                11701;                      116730609;             5975;                   59301852;                                     0,508023;                       5726;                             57428757;                                     0,491977;                167;                      1742286;                                     0,014241;              347;                    3869581;                                     0,031629
       407;       545;         1;BR      ;30/10/2022 19:48:43;         472075;     156454011;           33;                 464608;                                     0,984183;       11249;             153984988;          8811;               122351287;                 8213;                      116738822;             3041;                   59304893;                                     0,508013;                       5172;                             57433929;                                     0,491987;                201;                      1742487;                                     0,014242;              397;                    3869978;                                     0,031630
       407;       545;         1;BR      ;30/10/2022 19:48:44;         472075;     156454011;           93;                 464701;                                     0,984380;       32799;             154017787;         25621;               122376908;                24021;                      116762843;            10653;                   59315546;                                     0,508000;                      13368;                             57447297;                                     0,492000;                503;                      1742990;                                     0,014243;             1097;                    3871075;                                     0,031632
       407;       545;         1;BR      ;30/10/2022 19:48:46;         472075;     156454011;            3;                 464704;                                     0,984386;        1187;             154018974;           931;               122377839;                  874;                      116763717;              317;                   59315863;                                     0,507999;                        557;                             57447854;                                     0,492001;                 17;                      1743007;                                     0,014243;               40;                    3871115;                                     0,031632
       407;       545;         1;BR      ;30/10/2022 19:48:47;         472075;     156454011;           20;                 464724;                                     0,984428;        6476;             154025450;          5035;               122382874;                 4797;                      116768514;             2528;                   59318391;                                     0,508000;                       2269;                             57450123;                                     0,492000;                 68;                      1743075;                                     0,014243;              170;                    3871285;                                     0,031633
       407;       545;         1;BR      ;30/10/2022 19:48:48;         472075;     156454011;           44;                 464768;                                     0,984522;       16301;             154041751;         13358;               122396232;                12573;                      116781087;             6812;                   59325203;                                     0,508004;                       5761;                             57455884;                                     0,491996;                301;                      1743376;                                     0,014244;              484;                    3871769;                                     0,031633
       407;       545;         1;BR      ;30/10/2022 19:49:46;         472075;     156454011;            1;                 464769;                                     0,984524;         501;             154042252;           179;               122396411;                  175;                      116781262;              147;                   59325350;                                     0,508004;                         28;                             57455912;                                     0,491996;                  1;                      1743377;                                     0,014244;                3;                    3871772;                                     0,031633
       407;       545;         1;BR      ;30/10/2022 19:49:47;         472075;     156454011;          109;                 464878;                                     0,984755;       31627;             154073879;         25003;               122421414;                24185;                      116805447;            17754;                   59343104;                                     0,508051;                       6431;                             57462343;                                     0,491949;                246;                      1743623;                                     0,014243;              572;                    3872344;                                     0,031631
       407;       545;         1;BR      ;30/10/2022 19:49:48;         472075;     156454011;           31;                 464909;                                     0,984820;        9458;             154083337;          7346;               122428760;                 7077;                      116812524;             3217;                   59346321;                                     0,508048;                       3860;                             57466203;                                     0,491952;                 73;                      1743696;                                     0,014243;              196;                    3872540;                                     0,031631
       407;       545;         1;BR      ;30/10/2022 19:49:49;         472075;     156454011;            3;                 464912;                                     0,984827;        1209;             154084546;           973;               122429733;                  940;                      116813464;              383;                   59346704;                                     0,508047;                        557;                             57466760;                                     0,491953;                 11;                      1743707;                                     0,014243;               22;                    3872562;                                     0,031631
       407;       545;         1;BR      ;30/10/2022 19:49:50;         472075;     156454011;           41;                 464953;                                     0,984913;       14005;             154098551;         11177;               122440910;                10597;                      116824061;             5089;                   59351793;                                     0,508044;                       5508;                             57472268;                                     0,491956;                225;                      1743932;                                     0,014243;              355;                    3872917;                                     0,031631
       407;       545;         1;BR      ;30/10/2022 19:49:51;         472075;     156454011;            9;                 464962;                                     0,984932;        3452;             154102003;          2862;               122443772;                 2687;                      116826748;             1190;                   59352983;                                     0,508043;                       1497;                             57473765;                                     0,491957;                 65;                      1743997;                                     0,014243;              110;                    3873027;                                     0,031631
       407;       545;         1;BR      ;30/10/2022 19:49:52;         472075;     156454011;            2;                 464964;                                     0,984937;         624;             154102627;           478;               122444250;                  463;                      116827211;              131;                   59353114;                                     0,508042;                        332;                             57474097;                                     0,491958;                  8;                      1744005;                                     0,014243;                7;                    3873034;                                     0,031631
       407;       545;         1;BR      ;30/10/2022 19:49:53;         472075;     156454011;           11;                 464975;                                     0,984960;        3866;             154106493;          2765;               122447015;                 2618;                      116829829;             2181;                   59355295;                                     0,508049;                        437;                             57474534;                                     0,491951;                 38;                      1744043;                                     0,014243;              109;                    3873143;                                     0,031631
       407;       545;         1;BR      ;30/10/2022 19:49:54;         472075;     156454011;           30;                 465005;                                     0,985024;        8658;             154115151;          6404;               122453419;                 6150;                      116835979;             4004;                   59359299;                                     0,508057;                       2146;                             57476680;                                     0,491943;                 96;                      1744139;                                     0,014243;              158;                    3873301;                                     0,031631
       407;       545;         1;BR      ;30/10/2022 19:50:53;         472075;     156454011;           83;                 465088;                                     0,985199;       23108;             154138259;         18313;               122471732;                17826;                      116853805;            14064;                   59373363;                                     0,508100;                       3762;                             57480442;                                     0,491900;                132;                      1744271;                                     0,014242;              355;                    3873656;                                     0,031629
       407;       545;         1;BR      ;30/10/2022 19:50:54;         472075;     156454011;          139;                 465227;                                     0,985494;       40169;             154178428;         30839;               122502571;                29520;                      116883325;            21220;                   59394583;                                     0,508153;                       8300;                             57488742;                                     0,491847;                350;                      1744621;                                     0,014242;              969;                    3874625;                                     0,031629
       407;       545;         1;BR      ;30/10/2022 19:50:55;         472075;     156454011;           31;                 465258;                                     0,985559;       10986;             154189414;          9047;               122511618;                 8740;                      116892065;             3162;                   59397745;                                     0,508142;                       5578;                             57494320;                                     0,491858;                 91;                      1744712;                                     0,014241;              216;                    3874841;                                     0,031628
       407;       545;         1;BR      ;30/10/2022 19:50:56;         472075;     156454011;           12;                 465270;                                     0,985585;        4346;             154193760;          3454;               122515072;                 3215;                      116895280;             1222;                   59398967;                                     0,508138;                       1993;                             57496313;                                     0,491862;                 85;                      1744797;                                     0,014241;              154;                    3874995;                                     0,031629
       407;       545;         1;BR      ;30/10/2022 19:50:57;         472075;     156454011;           16;                 465286;                                     0,985619;        6100;             154199860;          4836;               122519908;                 4487;                      116899767;             2476;                   59401443;                                     0,508140;                       2011;                             57498324;                                     0,491860;                109;                      1744906;                                     0,014242;              240;                    3875235;                                     0,031629
       407;       545;         1;BR      ;30/10/2022 19:50:58;         472075;     156454011;           10;                 465296;                                     0,985640;        2596;             154202456;          1752;               122521660;                 1707;                      116901474;             1292;                   59402735;                                     0,508144;                        415;                             57498739;                                     0,491856;                 13;                      1744919;                                     0,014242;               32;                    3875267;                                     0,031629
       407;       545;         1;BR      ;30/10/2022 19:51:04;         472075;     156454011;           21;                 465317;                                     0,985684;        5475;             154207931;          3831;               122525491;                 3700;                      116905174;             2202;                   59404937;                                     0,508146;                       1498;                             57500237;                                     0,491854;                 46;                      1744965;                                     0,014242;               85;                    3875352;                                     0,031629
       407;       545;         1;BR      ;30/10/2022 19:51:05;         472075;     156454011;            1;                 465318;                                     0,985687;         390;             154208321;           297;               122525788;                  283;                      116905457;              146;                   59405083;                                     0,508146;                        137;                             57500374;                                     0,491854;                  6;                      1744971;                                     0,014242;                8;                    3875360;                                     0,031629
       407;       545;         1;BR      ;30/10/2022 19:51:59;         472075;     156454011;           57;                 465375;                                     0,985807;       18315;             154226636;         13603;               122539391;                13025;                      116918482;            10303;                   59415386;                                     0,508178;                       2722;                             57503096;                                     0,491822;                127;                      1745098;                                     0,014241;              451;                    3875811;                                     0,031629
       407;       545;         1;BR      ;30/10/2022 19:52:00;         472075;     156454011;           57;                 465432;                                     0,985928;       17766;             154244402;         14334;               122553725;                13558;                      116932040;             8657;                   59424043;                                     0,508193;                       4901;                             57507997;                                     0,491807;                194;                      1745292;                                     0,014241;              582;                    3876393;                                     0,031630
       407;       545;         1;BR      ;30/10/2022 19:52:01;         472075;     156454011;            6;                 465438;                                     0,985941;        1787;             154246189;          1389;               122555114;                 1343;                      116933383;              723;                   59424766;                                     0,508193;                        620;                             57508617;                                     0,491807;                 13;                      1745305;                                     0,014241;               33;                    3876426;                                     0,031630
       407;       545;         1;BR      ;30/10/2022 19:52:02;         472075;     156454011;           66;                 465504;                                     0,986081;       23217;             154269406;         18272;               122573386;                17186;                      116950569;             8496;                   59433262;                                     0,508191;                       8690;                             57517307;                                     0,491809;                377;                      1745682;                                     0,014242;              709;                    3877135;                                     0,031631
       407;       545;         1;BR      ;30/10/2022 19:52:05;         472075;     156454011;           11;                 465515;                                     0,986104;        3939;             154273345;          3103;               122576489;                 2945;                      116953514;             1281;                   59434543;                                     0,508189;                       1664;                             57518971;                                     0,491811;                 55;                      1745737;                                     0,014242;              103;                    3877238;                                     0,031631
       407;       545;         1;BR      ;30/10/2022 19:52:06;         472075;     156454011;            8;                 465523;                                     0,986121;        2215;             154275560;          1743;               122578232;                 1668;                      116955182;              911;                   59435454;                                     0,508190;                        757;                             57519728;                                     0,491810;                 31;                      1745768;                                     0,014242;               44;                    3877282;                                     0,031631
       407;       545;         1;BR      ;30/10/2022 19:52:07;         472075;     156454011;           30;                 465553;                                     0,986184;       11151;             154286711;          9322;               122587554;                 9112;                      116964294;             2175;                   59437629;                                     0,508169;                       6937;                             57526665;                                     0,491831;                 84;                      1745852;                                     0,014242;              126;                    3877408;                                     0,031630
       407;       545;         1;BR      ;30/10/2022 19:52:14;         472075;     156454011;            3;                 465556;                                     0,986191;        1031;             154287742;           801;               122588355;                  768;                      116965062;              327;                   59437956;                                     0,508168;                        441;                             57527106;                                     0,491832;                 11;                      1745863;                                     0,014242;               22;                    3877430;                                     0,031630
       407;       545;         1;BR      ;30/10/2022 19:53:04;         472075;     156454011;            9;                 465565;                                     0,986210;        2851;             154290593;          2112;               122590467;                 2016;                      116967078;             1413;                   59439369;                                     0,508172;                        603;                             57527709;                                     0,491828;                 18;                      1745881;                                     0,014242;               78;                    3877508;                                     0,031630
       407;       545;         1;BR      ;30/10/2022 19:53:05;         472075;     156454011;          158;                 465723;                                     0,986545;       47372;             154337965;         37138;               122627605;                35788;                      117002866;            25267;                   59464636;                                     0,508232;                      10521;                             57538230;                                     0,491768;                353;                      1746234;                                     0,014240;              997;                    3878505;                                     0,031628
       407;       545;         1;BR      ;30/10/2022 19:53:06;         472075;     156454011;            5;                 465728;                                     0,986555;        1802;             154339767;          1389;               122628994;                 1355;                      117004221;              516;                   59465152;                                     0,508231;                        839;                             57539069;                                     0,491769;                 12;                      1746246;                                     0,014240;               22;                    3878527;                                     0,031628
       407;       545;         1;BR      ;30/10/2022 19:53:07;         472075;     156454011;           62;                 465790;                                     0,986686;       22571;             154362338;         18005;               122646999;                16833;                      117021054;             7801;                   59472953;                                     0,508224;                       9032;                             57548101;                                     0,491776;                408;                      1746654;                                     0,014241;              764;                    3879291;                                     0,031630
       407;       545;         1;BR      ;30/10/2022 19:53:08;         472075;     156454011;           10;                 465800;                                     0,986708;        2665;             154365003;          2037;               122649036;                 1979;                      117023033;             1635;                   59474588;                                     0,508230;                        344;                             57548445;                                     0,491770;                 18;                      1746672;                                     0,014241;               40;                    3879331;                                     0,031630
       407;       545;         1;BR      ;30/10/2022 19:53:09;         472075;     156454011;           54;                 465854;                                     0,986822;       17094;             154382097;         13940;               122662976;                13527;                      117036560;             3427;                   59478015;                                     0,508200;                      10100;                             57558545;                                     0,491800;                152;                      1746824;                                     0,014241;              261;                    3879592;                                     0,031628
       407;       545;         1;BR      ;30/10/2022 19:53:11;         472075;     156454011;            4;                 465858;                                     0,986830;        1114;             154383211;           871;               122663847;                  798;                      117037358;              444;                   59478459;                                     0,508201;                        354;                             57558899;                                     0,491799;                 22;                      1746846;                                     0,014241;               51;                    3879643;                                     0,031628
       407;       545;         1;BR      ;30/10/2022 19:53:17;         472075;     156454011;            2;                 465860;                                     0,986835;         494;             154383705;           362;               122664209;                  350;                      117037708;              213;                   59478672;                                     0,508201;                        137;                             57559036;                                     0,491799;                  4;                      1746850;                                     0,014241;                8;                    3879651;                                     0,031628
       407;       545;         1;BR      ;30/10/2022 19:54:09;         472075;     156454011;           33;                 465893;                                     0,986905;       10296;             154394001;          7339;               122671548;                 7053;                      117044761;             5623;                   59484295;                                     0,508218;                       1430;                             57560466;                                     0,491782;                 59;                      1746909;                                     0,014241;              227;                    3879878;                                     0,031628
       407;       545;         1;BR      ;30/10/2022 19:54:10;         472075;     156454011;           18;                 465911;                                     0,986943;        6268;             154400269;          4839;               122676387;                 4622;                      117049383;             2704;                   59486999;                                     0,508221;                       1918;                             57562384;                                     0,491779;                 82;                      1746991;                                     0,014241;              135;                    3880013;                                     0,031628
       407;       545;         1;BR      ;30/10/2022 19:54:11;         472075;     156454011;           74;                 465985;                                     0,987100;       21862;             154422131;         17625;               122694012;                16857;                      117066240;            10917;                   59497916;                                     0,508241;                       5940;                             57568324;                                     0,491759;                195;                      1747186;                                     0,014240;              573;                    3880586;                                     0,031628
       407;       545;         1;BR      ;30/10/2022 19:54:12;         472075;     156454011;           28;                 466013;                                     0,987159;        8812;             154430943;          6754;               122700766;                 6323;                      117072563;             2918;                   59500834;                                     0,508239;                       3405;                             57571729;                                     0,491761;                146;                      1747332;                                     0,014241;              285;                    3880871;                                     0,031629
       407;       545;         1;BR      ;30/10/2022 19:54:13;         472075;     156454011;            6;                 466019;                                     0,987172;        2176;             154433119;          1737;               122702503;                 1629;                      117074192;              868;                   59501702;                                     0,508239;                        761;                             57572490;                                     0,491761;                 32;                      1747364;                                     0,014241;               76;                    3880947;                                     0,031629
       407;       545;         1;BR      ;30/10/2022 19:54:14;         472075;     156454011;            3;                 466022;                                     0,987178;         959;             154434078;           760;               122703263;                  722;                      117074914;              368;                   59502070;                                     0,508239;                        354;                             57572844;                                     0,491761;                 11;                      1747375;                                     0,014241;               27;                    3880974;                                     0,031629
       407;       545;         1;BR      ;30/10/2022 19:54:16;         472075;     156454011;           11;                 466033;                                     0,987201;        3582;             154437660;          2844;               122706107;                 2684;                      117077598;             1564;                   59503634;                                     0,508241;                       1120;                             57573964;                                     0,491759;                 73;                      1747448;                                     0,014241;               87;                    3881061;                                     0,031629
       407;       545;         1;BR      ;30/10/2022 19:54:21;         472075;     156454011;           32;                 466065;                                     0,987269;        9137;             154446797;          7510;               122713617;                 7272;                      117084870;             2161;                   59505795;                                     0,508228;                       5111;                             57579075;                                     0,491772;                 94;                      1747542;                                     0,014241;              144;                    3881205;                                     0,031628
       407;       545;         1;BR      ;30/10/2022 19:55:15;         472075;     156454011;          145;                 466210;                                     0,987576;       52196;             154498993;         41125;               122754742;                39432;                      117124302;            21399;                   59527194;                                     0,508239;                      18033;                             57597108;                                     0,491761;                574;                      1748116;                                     0,014241;             1119;                    3882324;                                     0,031627
       407;       545;         1;BR      ;30/10/2022 19:55:16;         472075;     156454011;            9;                 466219;                                     0,987595;        2624;             154501617;          2173;               122756915;                 2053;                      117126355;             1283;                   59528477;                                     0,508242;                        770;                             57597878;                                     0,491758;                 33;                      1748149;                                     0,014241;               87;                    3882411;                                     0,031627
       407;       545;         1;BR      ;30/10/2022 19:55:17;         472075;     156454011;           42;                 466261;                                     0,987684;       13873;             154515490;         10935;               122767850;                10351;                      117136706;             4210;                   59532687;                                     0,508233;                       6141;                             57604019;                                     0,491767;                189;                      1748338;                                     0,014241;              395;                    3882806;                                     0,031627
       407;       545;         1;BR      ;30/10/2022 19:55:20;         472075;     156454011;           12;                 466273;                                     0,987710;        3804;             154519294;          3085;               122770935;                 2988;                      117139694;             1060;                   59533747;                                     0,508229;                       1928;                             57605947;                                     0,491771;                 53;                      1748391;                                     0,014241;               44;                    3882850;                                     0,031627
       407;       545;         1;BR      ;30/10/2022 19:56:20;         472075;     156454011;           44;                 466317;                                     0,987803;       13455;             154532749;         10196;               122781131;                 9795;                      117149489;             8079;                   59541826;                                     0,508255;                       1716;                             57607663;                                     0,491745;                 80;                      1748471;                                     0,014241;              321;                    3883171;                                     0,031627
       407;       545;         1;BR      ;30/10/2022 19:56:21;         472075;     156454011;           73;                 466390;                                     0,987957;       22439;             154555188;         17508;               122798639;                16949;                      117166438;            10156;                   59551982;                                     0,508268;                       6793;                             57614456;                                     0,491732;                185;                      1748656;                                     0,014240;              374;                    3883545;                                     0,031625
       407;       545;         1;BR      ;30/10/2022 19:56:22;         472075;     156454011;            2;                 466392;                                     0,987962;         821;             154556009;           595;               122799234;                  580;                      117167018;              179;                   59552161;                                     0,508267;                        401;                             57614857;                                     0,491733;                  5;                      1748661;                                     0,014240;               10;                    3883555;                                     0,031625
       407;       545;         1;BR      ;30/10/2022 19:56:23;         472075;     156454011;           77;                 466469;                                     0,988125;       28694;             154584703;         22736;               122821970;                21491;                      117188509;            10456;                   59562617;                                     0,508263;                      11035;                             57625892;                                     0,491737;                435;                      1749096;                                     0,014241;              810;                    3884365;                                     0,031626
       407;       545;         1;BR      ;30/10/2022 19:56:24;         472075;     156454011;            1;                 466470;                                     0,988127;         344;             154585047;           271;               122822241;                  251;                      117188760;              144;                   59562761;                                     0,508263;                        107;                             57625999;                                     0,491737;                  5;                      1749101;                                     0,014241;               15;                    3884380;                                     0,031626
       407;       545;         1;BR      ;30/10/2022 19:56:26;         472075;     156454011;           10;                 466480;                                     0,988148;        3216;             154588263;          2494;               122824735;                 2386;                      117191146;             1043;                   59563804;                                     0,508262;                       1343;                             57627342;                                     0,491738;                 47;                      1749148;                                     0,014241;               61;                    3884441;                                     0,031626
       407;       545;         1;BR      ;30/10/2022 19:56:27;         472075;     156454011;            1;                 466481;                                     0,988150;         285;             154588548;           236;               122824971;                  228;                      117191374;              108;                   59563912;                                     0,508262;                        120;                             57627462;                                     0,491738;                  2;                      1749150;                                     0,014241;                6;                    3884447;                                     0,031626
       407;       545;         1;BR      ;30/10/2022 19:57:25;         472075;     156454011;           19;                 466500;                                     0,988190;        4054;             154592602;          3338;               122828309;                 3236;                      117194610;             2687;                   59566599;                                     0,508271;                        549;                             57628011;                                     0,491729;                 29;                      1749179;                                     0,014241;               73;                    3884520;                                     0,031626
       407;       545;         1;BR      ;30/10/2022 19:57:26;         472075;     156454011;           63;                 466563;                                     0,988324;       19139;             154611741;         14096;               122842405;                13592;                      117208202;            10392;                   59576991;                                     0,508301;                       3200;                             57631211;                                     0,491699;                120;                      1749299;                                     0,014240;              384;                    3884904;                                     0,031625
       407;       545;         1;BR      ;30/10/2022 19:57:27;         472075;     156454011;           28;                 466591;                                     0,988383;       10174;             154621915;          8140;               122850545;                 7761;                      117215963;             3979;                   59580970;                                     0,508301;                       3782;                             57634993;                                     0,491699;                113;                      1749412;                                     0,014240;              266;                    3885170;                                     0,031625
       407;       545;         1;BR      ;30/10/2022 19:57:28;         472075;     156454011;            4;                 466595;                                     0,988392;        1559;             154623474;          1267;               122851812;                 1188;                      117217151;              567;                   59581537;                                     0,508301;                        621;                             57635614;                                     0,491699;                 34;                      1749446;                                     0,014240;               45;                    3885215;                                     0,031625
       407;       545;         1;BR      ;30/10/2022 19:57:29;         472075;     156454011;            6;                 466601;                                     0,988404;        1754;             154625228;          1362;               122853174;                 1300;                      117218451;              546;                   59582083;                                     0,508300;                        754;                             57636368;                                     0,491700;                 20;                      1749466;                                     0,014240;               42;                    3885257;                                     0,031625
       407;       545;         1;BR      ;30/10/2022 19:57:30;         472075;     156454011;           46;                 466647;                                     0,988502;       13086;             154638314;         10072;               122863246;                 9673;                      117228124;             6625;                   59588708;                                     0,508314;                       3048;                             57639416;                                     0,491686;                138;                      1749604;                                     0,014240;              261;                    3885518;                                     0,031625
       407;       545;         1;BR      ;30/10/2022 19:57:36;         472075;     156454011;            7;                 466654;                                     0,988517;        1920;             154640234;          1470;               122864716;                 1411;                      117229535;              758;                   59589466;                                     0,508314;                        653;                             57640069;                                     0,491686;                 13;                      1749617;                                     0,014240;               46;                    3885564;                                     0,031625
       407;       545;         1;BR      ;30/10/2022 19:57:37;         472075;     156454011;           59;                 466713;                                     0,988642;       17075;             154657309;         14235;               122878951;                13665;                      117243200;             6537;                   59596003;                                     0,508311;                       7128;                             57647197;                                     0,491689;                206;                      1749823;                                     0,014240;              364;                    3885928;                                     0,031624
       407;       545;         1;BR      ;30/10/2022 19:57:40;         472075;     156454011;            2;                 466715;                                     0,988646;         594;             154657903;           465;               122879416;                  451;                      117243651;              244;                   59596247;                                     0,508311;                        207;                             57647404;                                     0,491689;                  4;                      1749827;                                     0,014240;               10;                    3885938;                                     0,031624
       407;       545;         1;BR      ;30/10/2022 19:58:32;         472075;     156454011;          129;                 466844;                                     0,988919;       41804;             154699707;         32271;               122911687;                31174;                      117274825;            19913;                   59616160;                                     0,508346;                      11261;                             57658665;                                     0,491654;                330;                      1750157;                                     0,014239;              767;                    3886705;                                     0,031622
       407;       545;         1;BR      ;30/10/2022 19:58:33;         472075;     156454011;           24;                 466868;                                     0,988970;        7998;             154707705;          6073;               122917760;                 5862;                      117280687;             2388;                   59618548;                                     0,508341;                       3474;                             57662139;                                     0,491659;                 56;                      1750213;                                     0,014239;              155;                    3886860;                                     0,031622
       407;       545;         1;BR      ;30/10/2022 19:58:34;         472075;     156454011;            7;                 466875;                                     0,988985;        2428;             154710133;          1870;               122919630;                 1803;                      117282490;              822;                   59619370;                                     0,508340;                        981;                             57663120;                                     0,491660;                 25;                      1750238;                                     0,014239;               42;                    3886902;                                     0,031621
       407;       545;         1;BR      ;30/10/2022 19:58:35;         472075;     156454011;           52;                 466927;                                     0,989095;       18800;             154728933;         14793;               122934423;                13892;                      117296382;             6424;                   59625794;                                     0,508334;                       7468;                             57670588;                                     0,491666;                276;                      1750514;                                     0,014239;              625;                    3887527;                                     0,031623
       407;       545;         1;BR      ;30/10/2022 19:58:44;         472075;     156454011;           39;                 466966;                                     0,989178;       12260;             154741193;          9549;               122943972;                 9185;                      117305567;             4346;                   59630140;                                     0,508332;                       4839;                             57675427;                                     0,491668;                118;                      1750632;                                     0,014239;              246;                    3887773;                                     0,031622
       407;       545;         1;BR      ;30/10/2022 19:59:36;         472075;     156454011;           10;                 466976;                                     0,989199;        2858;             154744051;          2322;               122946294;                 2204;                      117307771;             1835;                   59631975;                                     0,508338;                        369;                             57675796;                                     0,491662;                 36;                      1750668;                                     0,014239;               82;                    3887855;                                     0,031622
       407;       545;         1;BR      ;30/10/2022 19:59:37;         472075;     156454011;           55;                 467031;                                     0,989315;       17271;             154761322;         13488;               122959782;                12954;                      117320725;             8824;                   59640799;                                     0,508357;                       4130;                             57679926;                                     0,491643;                138;                      1750806;                                     0,014239;              396;                    3888251;                                     0,031622
       407;       545;         1;BR      ;30/10/2022 19:59:38;         472075;     156454011;           91;                 467122;                                     0,989508;       37913;             154799235;         30479;               122990261;                29200;                      117349925;            14270;                   59655069;                                     0,508352;                      14930;                             57694856;                                     0,491648;                429;                      1751235;                                     0,014239;              850;                    3889101;                                     0,031621
       407;       545;         1;BR      ;30/10/2022 19:59:39;         472075;     156454011;           18;                 467140;                                     0,989546;        6139;             154805374;          5040;               122995301;                 4722;                      117354647;             2026;                   59657095;                                     0,508349;                       2696;                             57697552;                                     0,491651;                105;                      1751340;                                     0,014239;              213;                    3889314;                                     0,031622
       407;       545;         1;BR      ;30/10/2022 19:59:40;         472075;     156454011;           12;                 467152;                                     0,989572;        4058;             154809432;          3201;               122998502;                 3035;                      117357682;             1431;                   59658526;                                     0,508348;                       1604;                             57699156;                                     0,491652;                 60;                      1751400;                                     0,014239;              106;                    3889420;                                     0,031622
       407;       545;         1;BR      ;30/10/2022 19:59:41;         472075;     156454011;            2;                 467154;                                     0,989576;         305;             154809737;           226;               122998728;                  210;                      117357892;              144;                   59658670;                                     0,508348;                         66;                             57699222;                                     0,491652;                  3;                      1751403;                                     0,014239;               13;                    3889433;                                     0,031622
       407;       545;         1;BR      ;30/10/2022 19:59:44;         472075;     156454011;            5;                 467159;                                     0,989586;        1306;             154811043;          1066;               122999794;                 1021;                      117358913;              562;                   59659232;                                     0,508349;                        459;                             57699681;                                     0,491651;                 12;                      1751415;                                     0,014239;               33;                    3889466;                                     0,031622
       407;       545;         1;BR      ;30/10/2022 20:00:43;         472075;     156454011;          162;                 467321;                                     0,989930;       55170;             154866213;         43188;               123042982;                41455;                      117400368;            24448;                   59683680;                                     0,508377;                      17007;                             57716688;                                     0,491623;                546;                      1751961;                                     0,014239;             1187;                    3890653;                                     0,031620
       407;       545;         1;BR      ;30/10/2022 20:00:44;         472075;     156454011;           21;                 467342;                                     0,989974;        6392;             154872605;          5081;               123048063;                 4888;                      117405256;             2849;                   59686529;                                     0,508380;                       2039;                             57718727;                                     0,491620;                 51;                      1752012;                                     0,014238;              142;                    3890795;                                     0,031620
       407;       545;         1;BR      ;30/10/2022 20:00:45;         472075;     156454011;            3;                 467345;                                     0,989980;        1016;             154873621;           791;               123048854;                  770;                      117406026;              265;                   59686794;                                     0,508379;                        505;                             57719232;                                     0,491621;                  6;                      1752018;                                     0,014238;               15;                    3890810;                                     0,031620
       407;       545;         1;BR      ;30/10/2022 20:00:46;         472075;     156454011;           42;                 467387;                                     0,990069;       13893;             154887514;         10889;               123059743;                10327;                      117416353;             3929;                   59690723;                                     0,508368;                       6398;                             57725630;                                     0,491632;                188;                      1752206;                                     0,014239;              374;                    3891184;                                     0,031620
       407;       545;         1;BR      ;30/10/2022 20:00:49;         472075;     156454011;           17;                 467404;                                     0,990105;        5062;             154892576;          4023;               123063766;                 3865;                      117420218;             2236;                   59692959;                                     0,508370;                       1629;                             57727259;                                     0,491630;                 46;                      1752252;                                     0,014239;              112;                    3891296;                                     0,031620
       407;       545;         1;BR      ;30/10/2022 20:01:48;         472075;     156454011;           20;                 467424;                                     0,990148;        5449;             154898025;          4288;               123068054;                 4047;                      117424265;             3141;                   59696100;                                     0,508380;                        906;                             57728165;                                     0,491620;                 67;                      1752319;                                     0,014239;              174;                    3891470;                                     0,031620
       407;       545;         1;BR      ;30/10/2022 20:01:49;         472075;     156454011;          100;                 467524;                                     0,990360;       27736;             154925761;         22266;               123090320;                21442;                      117445707;            13491;                   59709591;                                     0,508402;                       7951;                             57736116;                                     0,491598;                249;                      1752568;                                     0,014238;              575;                    3892045;                                     0,031619
       407;       545;         1;BR      ;30/10/2022 20:01:50;         472075;     156454011;            6;                 467530;                                     0,990372;        1853;             154927614;          1490;               123091810;                 1438;                      117447145;              574;                   59710165;                                     0,508400;                        864;                             57736980;                                     0,491600;                 23;                      1752591;                                     0,014238;               29;                    3892074;                                     0,031619
       407;       545;         1;BR      ;30/10/2022 20:01:51;         472075;     156454011;           99;                 467629;                                     0,990582;       34822;             154962436;         26722;               123118532;                24771;                      117471916;            11775;                   59721940;                                     0,508393;                      12996;                             57749976;                                     0,491607;                502;                      1753093;                                     0,014239;             1449;                    3893523;                                     0,031624
       407;       545;         1;BR      ;30/10/2022 20:01:53;         472075;     156454011;            4;                 467633;                                     0,990590;        1201;             154963637;           879;               123119411;                  851;                      117472767;              409;                   59722349;                                     0,508393;                        442;                             57750418;                                     0,491607;                  8;                      1753101;                                     0,014239;               20;                    3893543;                                     0,031624
       407;       545;         1;BR      ;30/10/2022 20:01:56;         472075;     156454011;            6;                 467639;                                     0,990603;        2122;             154965759;          1701;               123121112;                 1642;                      117474409;              957;                   59723306;                                     0,508394;                        685;                             57751103;                                     0,491606;                 18;                      1753119;                                     0,014239;               41;                    3893584;                                     0,031624
       407;       545;         1;BR      ;30/10/2022 20:02:54;         472075;     156454011;            4;                 467643;                                     0,990612;        1324;             154967083;          1046;               123122158;                  972;                      117475381;              736;                   59724042;                                     0,508396;                        236;                             57751339;                                     0,491604;                 22;                      1753141;                                     0,014239;               52;                    3893636;                                     0,031624
       407;       545;         1;BR      ;30/10/2022 20:02:55;         472075;     156454011;           92;                 467735;                                     0,990807;       31442;             154998525;         24057;               123146215;                23156;                      117498537;            14144;                   59738186;                                     0,508416;                       9012;                             57760351;                                     0,491584;                290;                      1753431;                                     0,014239;              611;                    3894247;                                     0,031623
       407;       545;         1;BR      ;30/10/2022 20:02:56;         472075;     156454011;            5;                 467740;                                     0,990817;        1781;             155000306;          1453;               123147668;                 1411;                      117499948;              577;                   59738763;                                     0,508415;                        834;                             57761185;                                     0,491585;                 14;                      1753445;                                     0,014239;               28;                    3894275;                                     0,031623
       407;       545;         1;BR      ;30/10/2022 20:02:57;         472075;     156454011;            8;                 467748;                                     0,990834;        2619;             155002925;          2016;               123149684;                 1888;                      117501836;              797;                   59739560;                                     0,508414;                       1091;                             57762276;                                     0,491586;                 43;                      1753488;                                     0,014239;               85;                    3894360;                                     0,031623
       407;       545;         1;BR      ;30/10/2022 20:02:58;         472075;     156454011;           90;                 467838;                                     0,991025;       33285;             155036210;         26640;               123176324;                24635;                      117526471;            12759;                   59752319;                                     0,508416;                      11876;                             57774152;                                     0,491584;                553;                      1754041;                                     0,014240;             1452;                    3895812;                                     0,031628
       407;       545;         1;BR      ;30/10/2022 20:04:00;         472075;     156454011;           35;                 467873;                                     0,991099;       10922;             155047132;          8142;               123184466;                 7818;                      117534289;             6604;                   59758923;                                     0,508438;                       1214;                             57775366;                                     0,491562;                 71;                      1754112;                                     0,014240;              253;                    3896065;                                     0,031628
       407;       545;         1;BR      ;30/10/2022 20:04:01;         472075;     156454011;           48;                 467921;                                     0,991201;       13759;             155060891;         10905;               123195371;                10491;                      117544780;             6292;                   59765215;                                     0,508446;                       4199;                             57779565;                                     0,491554;                112;                      1754224;                                     0,014239;              302;                    3896367;                                     0,031628
       407;       545;         1;BR      ;30/10/2022 20:04:02;         472075;     156454011;           34;                 467955;                                     0,991273;       11028;             155071919;          9211;               123204582;                 8817;                      117553597;             4764;                   59769979;                                     0,508449;                       4053;                             57783618;                                     0,491551;                105;                      1754329;                                     0,014239;              289;                    3896656;                                     0,031628
       407;       545;         1;BR      ;30/10/2022 20:04:03;         472075;     156454011;           62;                 468017;                                     0,991404;       20068;             155091987;         15486;               123220068;                14570;                      117568167;             6624;                   59776603;                                     0,508442;                       7946;                             57791564;                                     0,491558;                349;                      1754678;                                     0,014240;              567;                    3897223;                                     0,031628
       407;       545;         1;BR      ;30/10/2022 20:04:04;         472075;     156454011;           91;                 468108;                                     0,991597;       32657;             155124644;         26640;               123246708;                24857;                      117593024;            12799;                   59789402;                                     0,508443;                      12058;                             57803622;                                     0,491557;                541;                      1755219;                                     0,014242;             1242;                    3898465;                                     0,031631
       407;       545;         1;BR      ;30/10/2022 20:04:06;         472075;     156454011;            2;                 468110;                                     0,991601;         686;             155125330;           535;               123247243;                  511;                      117593535;              194;                   59789596;                                     0,508443;                        317;                             57803939;                                     0,491557;                 11;                      1755230;                                     0,014242;               13;                    3898478;                                     0,031631
       407;       545;         1;BR      ;30/10/2022 20:04:07;         472075;     156454011;           10;                 468120;                                     0,991622;        2933;             155128263;          2351;               123249594;                 2242;                      117595777;             1124;                   59790720;                                     0,508443;                       1118;                             57805057;                                     0,491557;                 43;                      1755273;                                     0,014242;               66;                    3898544;                                     0,031631
       407;       545;         1;BR      ;30/10/2022 20:05:06;         472075;     156454011;           56;                 468176;                                     0,991741;       15686;             155143949;         12191;               123261785;                11713;                      117607490;             7875;                   59798595;                                     0,508459;                       3838;                             57808895;                                     0,491541;                120;                      1755393;                                     0,014241;              358;                    3898902;                                     0,031631
       407;       545;         1;BR      ;30/10/2022 20:05:07;         472075;     156454011;            4;                 468180;                                     0,991749;        1392;             155145341;          1181;               123262966;                 1149;                      117608639;              486;                   59799081;                                     0,508458;                        663;                             57809558;                                     0,491542;                 11;                      1755404;                                     0,014241;               21;                    3898923;                                     0,031631
       407;       545;         1;BR      ;30/10/2022 20:05:08;         472075;     156454011;            5;                 468185;                                     0,991760;        1682;             155147023;          1373;               123264339;                 1282;                      117609921;              610;                   59799691;                                     0,508458;                        672;                             57810230;                                     0,491542;                 30;                      1755434;                                     0,014241;               61;                    3898984;                                     0,031631
       407;       545;         1;BR      ;30/10/2022 20:05:12;         472075;     156454011;           11;                 468196;                                     0,991783;        2631;             155149654;          1933;               123266272;                 1846;                      117611767;             1438;                   59801129;                                     0,508462;                        408;                             57810638;                                     0,491538;                 16;                      1755450;                                     0,014241;               71;                    3899055;                                     0,031631
       407;       545;         1;BR      ;30/10/2022 20:05:13;         472075;     156454011;            5;                 468201;                                     0,991794;         457;             155150111;           343;               123266615;                  325;                      117612092;              158;                   59801287;                                     0,508462;                        167;                             57810805;                                     0,491538;                  3;                      1755453;                                     0,014241;               15;                    3899070;                                     0,031631
       407;       545;         1;BR      ;30/10/2022 20:06:10;         472075;     156454011;           22;                 468223;                                     0,991840;        4885;             155154996;          3807;               123270422;                 3597;                      117615689;             2896;                   59804183;                                     0,508471;                        701;                             57811506;                                     0,491529;                 63;                      1755516;                                     0,014241;              147;                    3899217;                                     0,031631
       407;       545;         1;BR      ;30/10/2022 20:06:11;         472075;     156454011;           82;                 468305;                                     0,992014;       23597;             155178593;         17977;               123288399;                17402;                      117633091;            11612;                   59815795;                                     0,508495;                       5790;                             57817296;                                     0,491505;                194;                      1755710;                                     0,014241;              381;                    3899598;                                     0,031630
       407;       545;         1;BR      ;30/10/2022 20:06:13;         472075;     156454011;           10;                 468315;                                     0,992035;        3583;             155182176;          2959;               123291358;                 2811;                      117635902;              974;                   59816769;                                     0,508491;                       1837;                             57819133;                                     0,491509;                 45;                      1755755;                                     0,014241;              103;                    3899701;                                     0,031630
       407;       545;         1;BR      ;30/10/2022 20:06:14;         472075;     156454011;            4;                 468319;                                     0,992044;        1371;             155183547;           943;               123292301;                  890;                      117636792;              647;                   59817416;                                     0,508492;                        243;                             57819376;                                     0,491508;                 21;                      1755776;                                     0,014241;               32;                    3899733;                                     0,031630
       407;       545;         1;BR      ;30/10/2022 20:06:19;         472075;     156454011;            1;                 468320;                                     0,992046;         369;             155183916;           305;               123292606;                  293;                      117637085;              132;                   59817548;                                     0,508492;                        161;                             57819537;                                     0,491508;                  6;                      1755782;                                     0,014241;                6;                    3899739;                                     0,031630
       407;       545;         1;BR      ;30/10/2022 20:07:15;         472075;     156454011;           79;                 468399;                                     0,992213;       25269;             155209185;         19018;               123311624;                18220;                      117655305;            13051;                   59830599;                                     0,508524;                       5169;                             57824706;                                     0,491476;                204;                      1755986;                                     0,014240;              594;                    3900333;                                     0,031630
       407;       545;         1;BR      ;30/10/2022 20:07:16;         472075;     156454011;           46;                 468445;                                     0,992311;       19471;             155228656;         15912;               123327536;                14724;                      117670029;             6451;                   59837050;                                     0,508516;                       8273;                             57832979;                                     0,491484;                234;                      1756220;                                     0,014240;              954;                    3901287;                                     0,031634
       407;       545;         1;BR      ;30/10/2022 20:07:17;         472075;     156454011;            5;                 468450;                                     0,992321;        1539;             155230195;          1272;               123328808;                 1209;                      117671238;              434;                   59837484;                                     0,508514;                        775;                             57833754;                                     0,491486;                 18;                      1756238;                                     0,014240;               45;                    3901332;                                     0,031634
       407;       545;         1;BR      ;30/10/2022 20:07:18;         472075;     156454011;            9;                 468459;                                     0,992340;        2987;             155233182;          2134;               123330942;                 2059;                      117673297;              959;                   59838443;                                     0,508513;                       1100;                             57834854;                                     0,491487;                 24;                      1756262;                                     0,014240;               51;                    3901383;                                     0,031633
       407;       545;         1;BR      ;30/10/2022 20:07:21;         472075;     156454011;            2;                 468461;                                     0,992344;         727;             155233909;           580;               123331522;                  530;                      117673827;              227;                   59838670;                                     0,508513;                        303;                             57835157;                                     0,491487;                 24;                      1756286;                                     0,014240;               26;                    3901409;                                     0,031634
       407;       545;         1;BR      ;30/10/2022 20:07:22;         472075;     156454011;           50;                 468511;                                     0,992450;       14521;             155248430;         11476;               123342998;                11167;                      117684994;             6652;                   59845322;                                     0,508521;                       4515;                             57839672;                                     0,491479;                 86;                      1756372;                                     0,014240;              223;                    3901632;                                     0,031632
       407;       545;         1;BR      ;30/10/2022 20:07:25;         472075;     156454011;            1;                 468512;                                     0,992452;         325;             155248755;           258;               123343256;                  250;                      117685244;              186;                   59845508;                                     0,508522;                         64;                             57839736;                                     0,491478;                  2;                      1756374;                                     0,014240;                6;                    3901638;                                     0,031632
       407;       545;         1;BR      ;30/10/2022 20:08:20;         472075;     156454011;            4;                 468516;                                     0,992461;        1853;             155250608;          1498;               123344754;                 1403;                      117686647;              578;                   59846086;                                     0,508521;                        825;                             57840561;                                     0,491479;                 16;                      1756390;                                     0,014240;               79;                    3901717;                                     0,031633
       407;       545;         1;BR      ;30/10/2022 20:08:21;         472075;     156454011;           52;                 468568;                                     0,992571;       14684;             155265292;         10863;               123355617;                10438;                      117697085;             7623;                   59853709;                                     0,508540;                       2815;                             57843376;                                     0,491460;                131;                      1756521;                                     0,014239;              294;                    3902011;                                     0,031632
       407;       545;         1;BR      ;30/10/2022 20:08:22;         472075;     156454011;            3;                 468571;                                     0,992577;        1191;             155266483;           974;               123356591;                  916;                      117698001;              609;                   59854318;                                     0,508542;                        307;                             57843683;                                     0,491458;                  6;                      1756527;                                     0,014239;               52;                    3902063;                                     0,031632
       407;       545;         1;BR      ;30/10/2022 20:08:23;         472075;     156454011;            5;                 468576;                                     0,992588;        1725;             155268208;          1347;               123357938;                 1277;                      117699278;              749;                   59855067;                                     0,508542;                        528;                             57844211;                                     0,491458;                 29;                      1756556;                                     0,014240;               41;                    3902104;                                     0,031632
       407;       545;         1;BR      ;30/10/2022 20:08:24;         472075;     156454011;            4;                 468580;                                     0,992597;        1420;             155269628;          1142;               123359080;                 1060;                      117700338;              508;                   59855575;                                     0,508542;                        552;                             57844763;                                     0,491458;                 26;                      1756582;                                     0,014240;               56;                    3902160;                                     0,031633
       407;       545;         1;BR      ;30/10/2022 20:08:25;         472075;     156454011;            5;                 468585;                                     0,992607;        1706;             155271334;          1293;               123360373;                 1207;                      117701545;             1045;                   59856620;                                     0,508546;                        162;                             57844925;                                     0,491454;                 14;                      1756596;                                     0,014240;               72;                    3902232;                                     0,031633
       407;       545;         1;BR      ;30/10/2022 20:08:31;         472075;     156454011;            1;                 468586;                                     0,992609;         228;             155271562;           186;               123360559;                  180;                      117701725;               97;                   59856717;                                     0,508546;                         83;                             57845008;                                     0,491454;                  2;                      1756598;                                     0,014240;                4;                    3902236;                                     0,031633
       407;       545;         1;BR      ;30/10/2022 20:09:26;         472075;     156454011;            1;                 468587;                                     0,992611;         289;             155271851;           200;               123360759;                  182;                      117701907;              152;                   59856869;                                     0,508546;                         30;                             57845038;                                     0,491454;                  2;                      1756600;                                     0,014240;               16;                    3902252;                                     0,031633
       407;       545;         1;BR      ;30/10/2022 20:09:27;         472075;     156454011;           47;                 468634;                                     0,992711;       11129;             155282980;          8540;               123369299;                 8254;                      117710161;             6786;                   59863655;                                     0,508568;                       1468;                             57846506;                                     0,491432;                 66;                      1756666;                                     0,014239;              220;                    3902472;                                     0,031632
       407;       545;         1;BR      ;30/10/2022 20:09:28;         472075;     156454011;           30;                 468664;                                     0,992774;        9915;             155292895;          7722;               123377021;                 7378;                      117717539;             4146;                   59867801;                                     0,508572;                       3232;                             57849738;                                     0,491428;                120;                      1756786;                                     0,014239;              224;                    3902696;                                     0,031632
       407;       545;         1;BR      ;30/10/2022 20:09:29;         472075;     156454011;           13;                 468677;                                     0,992802;        4205;             155297100;          3209;               123380230;                 3045;                      117720584;             1251;                   59869052;                                     0,508569;                       1794;                             57851532;                                     0,491431;                 75;                      1756861;                                     0,014239;               89;                    3902785;                                     0,031632
       407;       545;         1;BR      ;30/10/2022 20:09:30;         472075;     156454011;           13;                 468690;                                     0,992830;        3822;             155300922;          2949;               123383179;                 2792;                      117723376;             1184;                   59870236;                                     0,508567;                       1608;                             57853140;                                     0,491433;                 59;                      1756920;                                     0,014240;               98;                    3902883;                                     0,031632
       407;       545;         1;BR      ;30/10/2022 20:10:33;         472075;     156454011;           21;                 468711;                                     0,992874;        5796;             155306718;          4559;               123387738;                 4322;                      117727698;             3070;                   59873306;                                     0,508575;                       1252;                             57854392;                                     0,491425;                 54;                      1756974;                                     0,014239;              183;                    3903066;                                     0,031633
       407;       545;         1;BR      ;30/10/2022 20:10:34;         472075;     156454011;           30;                 468741;                                     0,992938;        9155;             155315873;          6803;               123394541;                 6583;                      117734281;             4355;                   59877661;                                     0,508583;                       2228;                             57856620;                                     0,491417;                 58;                      1757032;                                     0,014239;              162;                    3903228;                                     0,031632
       407;       545;         1;BR      ;30/10/2022 20:10:35;         472075;     156454011;            3;                 468744;                                     0,992944;        1025;             155316898;           900;               123395441;                  827;                      117735108;              589;                   59878250;                                     0,508584;                        238;                             57856858;                                     0,491416;                 16;                      1757048;                                     0,014239;               57;                    3903285;                                     0,031632
       407;       545;         1;BR      ;30/10/2022 20:10:36;         472075;     156454011;           15;                 468759;                                     0,992976;        5463;             155322361;          4533;               123399974;                 4287;                      117739395;             1778;                   59880028;                                     0,508581;                       2509;                             57859367;                                     0,491419;                 83;                      1757131;                                     0,014239;              163;                    3903448;                                     0,031632
       407;       545;         1;BR      ;30/10/2022 20:11:39;         472075;     156454011;           22;                 468781;                                     0,993022;        6429;             155328790;          4773;               123404747;                 4550;                      117743945;             3306;                   59883334;                                     0,508589;                       1244;                             57860611;                                     0,491411;                 55;                      1757186;                                     0,014239;              168;                    3903616;                                     0,031633
       407;       545;         1;BR      ;30/10/2022 20:11:40;         472075;     156454011;           25;                 468806;                                     0,993075;        7015;             155335805;          5429;               123410176;                 5147;                      117749092;             2897;                   59886231;                                     0,508592;                       2250;                             57862861;                                     0,491408;                 95;                      1757281;                                     0,014239;              187;                    3903803;                                     0,031633
       407;       545;         1;BR      ;30/10/2022 20:11:41;         472075;     156454011;            1;                 468807;                                     0,993077;         256;             155336061;           217;               123410393;                  204;                      117749296;              114;                   59886345;                                     0,508592;                         90;                             57862951;                                     0,491408;                  4;                      1757285;                                     0,014239;                9;                    3903812;                                     0,031633
       407;       545;         1;BR      ;30/10/2022 20:11:42;         472075;     156454011;            2;                 468809;                                     0,993082;         645;             155336706;           531;               123410924;                  509;                      117749805;              209;                   59886554;                                     0,508592;                        300;                             57863251;                                     0,491408;                  9;                      1757294;                                     0,014239;               13;                    3903825;                                     0,031633
       407;       545;         1;BR      ;30/10/2022 20:11:44;         472075;     156454011;            3;                 468812;                                     0,993088;        1022;             155337728;           815;               123411739;                  757;                      117750562;              388;                   59886942;                                     0,508592;                        369;                             57863620;                                     0,491408;                 34;                      1757328;                                     0,014240;               24;                    3903849;                                     0,031633
       407;       545;         1;BR      ;30/10/2022 20:11:49;         472075;     156454011;           32;                 468844;                                     0,993156;        9707;             155347435;          7509;               123419248;                 7194;                      117757756;             3618;                   59890560;                                     0,508591;                       3576;                             57867196;                                     0,491409;                112;                      1757440;                                     0,014240;              203;                    3904052;                                     0,031632
       407;       545;         1;BR      ;30/10/2022 20:11:52;         472075;     156454011;            1;                 468845;                                     0,993158;         284;             155347719;           211;               123419459;                  198;                      117757954;              138;                   59890698;                                     0,508592;                         60;                             57867256;                                     0,491408;                  3;                      1757443;                                     0,014240;               10;                    3904062;                                     0,031632
       407;       545;         1;BR      ;30/10/2022 20:11:53;         472075;     156454011;            1;                 468846;                                     0,993160;         157;             155347876;           112;               123419571;                  109;                      117758063;               78;                   59890776;                                     0,508592;                         31;                             57867287;                                     0,491408;                  2;                      1757445;                                     0,014240;                1;                    3904063;                                     0,031632
       407;       545;         1;BR      ;30/10/2022 20:12:44;         472075;     156454011;           65;                 468911;                                     0,993298;       19742;             155367618;         14991;               123434562;                14499;                      117772562;            11372;                   59902148;                                     0,508626;                       3127;                             57870414;                                     0,491374;                136;                      1757581;                                     0,014239;              356;                    3904419;                                     0,031631
       407;       545;         1;BR      ;30/10/2022 20:12:45;         472075;     156454011;           50;                 468961;                                     0,993404;       15491;             155383109;         12632;               123447194;                12052;                      117784614;             6174;                   59908322;                                     0,508626;                       5878;                             57876292;                                     0,491374;                215;                      1757796;                                     0,014239;              365;                    3904784;                                     0,031631
       407;       545;         1;BR      ;30/10/2022 20:12:46;         472075;     156454011;            4;                 468965;                                     0,993412;        1410;             155384519;          1113;               123448307;                 1056;                      117785670;              531;                   59908853;                                     0,508626;                        525;                             57876817;                                     0,491374;                 27;                      1757823;                                     0,014239;               30;                    3904814;                                     0,031631
       407;       545;         1;BR      ;30/10/2022 20:12:47;         472075;     156454011;           17;                 468982;                                     0,993448;        6406;             155390925;          5090;               123453397;                 4833;                      117790503;             1633;                   59910486;                                     0,508619;                       3200;                             57880017;                                     0,491381;                 85;                      1757908;                                     0,014239;              172;                    3904986;                                     0,031631
       407;       545;         1;BR      ;30/10/2022 20:12:51;         472075;     156454011;            1;                 468983;                                     0,993450;         398;             155391323;           276;               123453673;                  263;                      117790766;              169;                   59910655;                                     0,508619;                         94;                             57880111;                                     0,491381;                  5;                      1757913;                                     0,014239;                8;                    3904994;                                     0,031631
       407;       545;         1;BR      ;30/10/2022 20:13:49;         472075;     156454011;           16;                 468999;                                     0,993484;        5046;             155396369;          3871;               123457544;                 3651;                      117794417;             3061;                   59913716;                                     0,508630;                        590;                             57880701;                                     0,491370;                 58;                      1757971;                                     0,014239;              162;                    3905156;                                     0,031632
       407;       545;         1;BR      ;30/10/2022 20:13:50;         472075;     156454011;           50;                 469049;                                     0,993590;       14351;             155410720;         10840;               123468384;                10450;                      117804867;             7720;                   59921436;                                     0,508650;                       2730;                             57883431;                                     0,491350;                106;                      1758077;                                     0,014239;              284;                    3905440;                                     0,031631
       407;       545;         1;BR      ;30/10/2022 20:13:51;         472075;     156454011;           25;                 469074;                                     0,993643;        8814;             155419534;          7303;               123475687;                 6831;                      117811698;             4590;                   59926026;                                     0,508659;                       2241;                             57885672;                                     0,491341;                107;                      1758184;                                     0,014239;              365;                    3905805;                                     0,031632
       407;       545;         1;BR      ;30/10/2022 20:13:52;         472075;     156454011;           12;                 469086;                                     0,993668;        3892;             155423426;          3156;               123478843;                 2980;                      117814678;             1343;                   59927369;                                     0,508658;                       1637;                             57887309;                                     0,491342;                 65;                      1758249;                                     0,014239;              111;                    3905916;                                     0,031632
       407;       545;         1;BR      ;30/10/2022 20:13:53;         472075;     156454011;           10;                 469096;                                     0,993690;        3024;             155426450;          2382;               123481225;                 2276;                      117816954;             1462;                   59928831;                                     0,508661;                        814;                             57888123;                                     0,491339;                 31;                      1758280;                                     0,014239;               75;                    3905991;                                     0,031632
       407;       545;         1;BR      ;30/10/2022 20:13:55;         472075;     156454011;           10;                 469106;                                     0,993711;        3463;             155429913;          2648;               123483873;                 2514;                      117819468;              983;                   59929814;                                     0,508658;                       1531;                             57889654;                                     0,491342;                 60;                      1758340;                                     0,014239;               74;                    3906065;                                     0,031632
       407;       545;         1;BR      ;30/10/2022 20:14:00;         472075;     156454011;           47;                 469153;                                     0,993810;       13286;             155443199;         10218;               123494091;                 9733;                      117829201;             6719;                   59936533;                                     0,508673;                       3014;                             57892668;                                     0,491327;                147;                      1758487;                                     0,014239;              338;                    3906403;                                     0,031632
       407;       545;         1;BR      ;30/10/2022 20:14:55;         472075;     156454011;           37;                 469190;                                     0,993889;       10846;             155454045;          8484;               123502575;                 8221;                      117837422;             6244;                   59942777;                                     0,508690;                       1977;                             57894645;                                     0,491310;                 82;                      1758569;                                     0,014239;              181;                    3906584;                                     0,031632
       407;       545;         1;BR      ;30/10/2022 20:14:56;         472075;     156454011;           43;                 469233;                                     0,993980;       14774;             155468819;         12485;               123515060;                11686;                      117849108;             7796;                   59950573;                                     0,508706;                       3890;                             57898535;                                     0,491294;                170;                      1758739;                                     0,014239;              629;                    3907213;                                     0,031633
       407;       545;         1;BR      ;30/10/2022 20:14:58;         472075;     156454011;            5;                 469238;                                     0,993990;        1875;             155470694;          1431;               123516491;                 1338;                      117850446;              559;                   59951132;                                     0,508705;                        779;                             57899314;                                     0,491295;                 31;                      1758770;                                     0,014239;               62;                    3907275;                                     0,031634
       407;       545;         1;BR      ;30/10/2022 20:14:59;         472075;     156454011;           26;                 469264;                                     0,994045;        7388;             155478082;          4985;               123521476;                 4726;                      117855172;             2889;                   59954021;                                     0,508709;                       1837;                             57901151;                                     0,491291;                 72;                      1758842;                                     0,014239;              187;                    3907462;                                     0,031634
       407;       545;         1;BR      ;30/10/2022 20:16:02;         472075;     156454011;           44;                 469308;                                     0,994139;       12759;             155490841;          9096;               123530572;                 8820;                      117863992;             7193;                   59961214;                                     0,508732;                       1627;                             57902778;                                     0,491268;                 80;                      1758922;                                     0,014239;              196;                    3907658;                                     0,031633
       407;       545;         1;BR      ;30/10/2022 20:16:03;         472075;     156454011;           48;                 469356;                                     0,994240;       15906;             155506747;         12895;               123543467;                12189;                      117876181;             7332;                   59968546;                                     0,508742;                       4857;                             57907635;                                     0,491258;                165;                      1759087;                                     0,014239;              541;                    3908199;                                     0,031634
       407;       545;         1;BR      ;30/10/2022 20:16:04;         472075;     156454011;            1;                 469357;                                     0,994242;         161;             155506908;           132;               123543599;                  120;                      117876301;               49;                   59968595;                                     0,508742;                         71;                             57907706;                                     0,491258;                 11;                      1759098;                                     0,014239;                1;                    3908200;                                     0,031634
       407;       545;         1;BR      ;30/10/2022 20:16:05;         472075;     156454011;           38;                 469395;                                     0,994323;       14126;             155521034;         11526;               123555125;                10661;                      117886962;             4584;                   59973179;                                     0,508735;                       6077;                             57913783;                                     0,491265;                316;                      1759414;                                     0,014240;              549;                    3908749;                                     0,031636
       407;       545;         1;BR      ;30/10/2022 20:17:07;         472075;     156454011;           12;                 469407;                                     0,994348;        2889;             155523923;          2161;               123557286;                 2071;                      117889033;             1701;                   59974880;                                     0,508740;                        370;                             57914153;                                     0,491260;                 17;                      1759431;                                     0,014240;               73;                    3908822;                                     0,031636
       407;       545;         1;BR      ;30/10/2022 20:17:08;         472075;     156454011;           19;                 469426;                                     0,994389;        5230;             155529153;          3979;               123561265;                 3868;                      117892901;             3041;                   59977921;                                     0,508749;                        827;                             57914980;                                     0,491251;                 37;                      1759468;                                     0,014240;               74;                    3908896;                                     0,031635
       407;       545;         1;BR      ;30/10/2022 20:17:09;         472075;     156454011;            3;                 469429;                                     0,994395;        1043;             155530196;           800;               123562065;                  765;                      117893666;              355;                   59978276;                                     0,508749;                        410;                             57915390;                                     0,491251;                 18;                      1759486;                                     0,014240;               17;                    3908913;                                     0,031635
       407;       545;         1;BR      ;30/10/2022 20:17:10;         472075;     156454011;            4;                 469433;                                     0,994403;        1296;             155531492;          1061;               123563126;                  999;                      117894665;              466;                   59978742;                                     0,508749;                        533;                             57915923;                                     0,491251;                 13;                      1759499;                                     0,014240;               49;                    3908962;                                     0,031635
       407;       545;         1;BR      ;30/10/2022 20:17:13;         472075;     156454011;           51;                 469484;                                     0,994511;       18095;             155549587;         14390;               123577516;                13404;                      117908069;             5395;                   59984137;                                     0,508736;                       8009;                             57923932;                                     0,491264;                356;                      1759855;                                     0,014241;              630;                    3909592;                                     0,031637
       407;       545;         1;BR      ;30/10/2022 20:18:12;         472075;     156454011;            3;                 469487;                                     0,994518;         938;             155550525;           684;               123578200;                  654;                      117908723;              575;                   59984712;                                     0,508739;                         79;                             57924011;                                     0,491261;                  9;                      1759864;                                     0,014241;               21;                    3909613;                                     0,031637
       407;       545;         1;BR      ;30/10/2022 20:18:13;         472075;     156454011;           81;                 469568;                                     0,994689;       29728;             155580253;         23446;               123601646;                22603;                      117931326;            13126;                   59997838;                                     0,508752;                       9477;                             57933488;                                     0,491248;                304;                      1760168;                                     0,014241;              539;                    3910152;                                     0,031635
       407;       545;         1;BR      ;30/10/2022 20:18:14;         472075;     156454011;            1;                 469569;                                     0,994692;         238;             155580491;           197;               123601843;                  197;                      117931523;              135;                   59997973;                                     0,508753;                         62;                             57933550;                                     0,491247;                  0;                      1760168;                                     0,014241;                0;                    3910152;                                     0,031635
       407;       545;         1;BR      ;30/10/2022 20:18:15;         472075;     156454011;           10;                 469579;                                     0,994713;        3555;             155584046;          2763;               123604606;                 2620;                      117934143;              989;                   59998962;                                     0,508750;                       1631;                             57935181;                                     0,491250;                 35;                      1760203;                                     0,014241;              108;                    3910260;                                     0,031635
       407;       545;         1;BR      ;30/10/2022 20:18:18;         472075;     156454011;           12;                 469591;                                     0,994738;        3941;             155587987;          3035;               123607641;                 2872;                      117937015;             1156;                   60000118;                                     0,508747;                       1716;                             57936897;                                     0,491253;                 69;                      1760272;                                     0,014241;               94;                    3910354;                                     0,031635
       407;       545;         1;BR      ;30/10/2022 20:19:17;         472075;     156454011;           18;                 469609;                                     0,994776;        4344;             155592331;          3346;               123610987;                 3236;                      117940251;             2451;                   60002569;                                     0,508754;                        785;                             57937682;                                     0,491246;                 37;                      1760309;                                     0,014241;               73;                    3910427;                                     0,031635
       407;       545;         1;BR      ;30/10/2022 20:19:18;         472075;     156454011;           72;                 469681;                                     0,994929;       29440;             155621771;         23192;               123634179;                22244;                      117962495;            11027;                   60013596;                                     0,508751;                      11217;                             57948899;                                     0,491249;                293;                      1760602;                                     0,014240;              655;                    3911082;                                     0,031634
       407;       545;         1;BR      ;30/10/2022 20:19:19;         472075;     156454011;           15;                 469696;                                     0,994961;        4854;             155626625;          4020;               123638199;                 3793;                      117966288;             1389;                   60014985;                                     0,508747;                       2404;                             57951303;                                     0,491253;                 68;                      1760670;                                     0,014241;              159;                    3911241;                                     0,031635
       407;       545;         1;BR      ;30/10/2022 20:19:21;         472075;     156454011;            3;                 469699;                                     0,994967;         764;             155627389;           517;               123638716;                  496;                      117966784;              310;                   60015295;                                     0,508747;                        186;                             57951489;                                     0,491253;                  6;                      1760676;                                     0,014240;               15;                    3911256;                                     0,031635
       407;       545;         1;BR      ;30/10/2022 20:19:22;         472075;     156454011;            1;                 469700;                                     0,994969;         426;             155627815;           325;               123639041;                  291;                      117967075;              123;                   60015418;                                     0,508747;                        168;                             57951657;                                     0,491253;                  9;                      1760685;                                     0,014241;               25;                    3911281;                                     0,031635
       407;       545;         1;BR      ;30/10/2022 20:20:21;         472075;     156454011;            3;                 469703;                                     0,994975;         720;             155628535;           476;               123639517;                  470;                      117967545;              394;                   60015812;                                     0,508749;                         76;                             57951733;                                     0,491251;                  2;                      1760687;                                     0,014240;                4;                    3911285;                                     0,031635
       407;       545;         1;BR      ;30/10/2022 20:20:22;         472075;     156454011;           54;                 469757;                                     0,995090;       14958;             155643493;         11457;               123650974;                11062;                      117978607;             6439;                   60022251;                                     0,508755;                       4623;                             57956356;                                     0,491245;                123;                      1760810;                                     0,014240;              272;                    3911557;                                     0,031634
       407;       545;         1;BR      ;30/10/2022 20:20:23;         472075;     156454011;           29;                 469786;                                     0,995151;        9282;             155652775;          7003;               123657977;                 6739;                      117985346;             3655;                   60025906;                                     0,508757;                       3084;                             57959440;                                     0,491243;                 90;                      1760900;                                     0,014240;              174;                    3911731;                                     0,031633
       407;       545;         1;BR      ;30/10/2022 20:20:24;         472075;     156454011;           32;                 469818;                                     0,995219;       10937;             155663712;          8417;               123666394;                 7850;                      117993196;             3783;                   60029689;                                     0,508756;                       4067;                             57963507;                                     0,491244;                215;                      1761115;                                     0,014241;              352;                    3912083;                                     0,031634
       407;       545;         1;BR      ;30/10/2022 20:20:27;         472075;     156454011;            1;                 469819;                                     0,995221;         322;             155664034;           257;               123666651;                  246;                      117993442;              109;                   60029798;                                     0,508755;                        137;                             57963644;                                     0,491245;                  3;                      1761118;                                     0,014241;                8;                    3912091;                                     0,031634
       407;       545;         1;BR      ;30/10/2022 20:21:27;         472075;     156454011;           36;                 469855;                                     0,995297;       10178;             155674212;          7795;               123674446;                 7530;                      118000972;             5675;                   60035473;                                     0,508771;                       1855;                             57965499;                                     0,491229;                 63;                      1761181;                                     0,014240;              202;                    3912293;                                     0,031634
       407;       545;         1;BR      ;30/10/2022 20:21:28;         472075;     156454011;           18;                 469873;                                     0,995335;        4654;             155678866;          3758;               123678204;                 3645;                      118004617;             2075;                   60037548;                                     0,508773;                       1570;                             57967069;                                     0,491227;                 40;                      1761221;                                     0,014240;               73;                    3912366;                                     0,031633
       407;       545;         1;BR      ;30/10/2022 20:21:30;         472075;     156454011;           16;                 469889;                                     0,995369;        5397;             155684263;          4391;               123682595;                 4140;                      118008757;             1459;                   60039007;                                     0,508767;                       2681;                             57969750;                                     0,491233;                 92;                      1761313;                                     0,014241;              159;                    3912525;                                     0,031634
       407;       545;         1;BR      ;30/10/2022 20:21:33;         472075;     156454011;            2;                 469891;                                     0,995374;         704;             155684967;           572;               123683167;                  544;                      118009301;              234;                   60039241;                                     0,508767;                        310;                             57970060;                                     0,491233;                  7;                      1761320;                                     0,014241;               21;                    3912546;                                     0,031634
       407;       545;         1;BR      ;30/10/2022 20:22:32;         472075;     156454011;           52;                 469943;                                     0,995484;       16298;             155701265;         12125;               123695292;                11618;                      118020919;             7250;                   60046491;                                     0,508778;                       4368;                             57974428;                                     0,491222;                146;                      1761466;                                     0,014240;              361;                    3912907;                                     0,031633
       407;       545;         1;BR      ;30/10/2022 20:22:33;         472075;     156454011;           20;                 469963;                                     0,995526;        4498;             155705763;          3475;               123698767;                 3388;                      118024307;             1655;                   60048146;                                     0,508778;                       1733;                             57976161;                                     0,491222;                 27;                      1761493;                                     0,014240;               60;                    3912967;                                     0,031633
       407;       545;         1;BR      ;30/10/2022 20:22:35;         472075;     156454011;            3;                 469966;                                     0,995532;        1096;             155706859;           856;               123699623;                  791;                      118025098;              414;                   60048560;                                     0,508778;                        377;                             57976538;                                     0,491222;                 22;                      1761515;                                     0,014240;               43;                    3913010;                                     0,031633
       407;       545;         1;BR      ;30/10/2022 20:23:36;         472075;     156454011;            6;                 469972;                                     0,995545;        2074;             155708933;          1573;               123701196;                 1500;                      118026598;             1187;                   60049747;                                     0,508781;                        313;                             57976851;                                     0,491219;                  9;                      1761524;                                     0,014240;               64;                    3913074;                                     0,031633
       407;       545;         1;BR      ;30/10/2022 20:23:37;         472075;     156454011;           31;                 470003;                                     0,995611;        9425;             155718358;          7450;               123708646;                 7161;                      118033759;             5151;                   60054898;                                     0,508794;                       2010;                             57978861;                                     0,491206;                 77;                      1761601;                                     0,014240;              212;                    3913286;                                     0,031633
       407;       545;         1;BR      ;30/10/2022 20:23:39;         472075;     156454011;            5;                 470008;                                     0,995621;        1887;             155720245;          1453;               123710099;                 1365;                      118035124;              659;                   60055557;                                     0,508794;                        706;                             57979567;                                     0,491206;                 30;                      1761631;                                     0,014240;               58;                    3913344;                                     0,031633
       407;       545;         1;BR      ;30/10/2022 20:23:40;         472075;     156454011;            2;                 470010;                                     0,995626;         641;             155720886;           492;               123710591;                  481;                      118035605;              240;                   60055797;                                     0,508794;                        241;                             57979808;                                     0,491206;                  4;                      1761635;                                     0,014240;                7;                    3913351;                                     0,031633
       407;       545;         1;BR      ;30/10/2022 20:23:44;         472075;     156454011;           19;                 470029;                                     0,995666;        6067;             155726953;          4733;               123715324;                 4504;                      118040109;             1726;                   60057523;                                     0,508789;                       2778;                             57982586;                                     0,491211;                 66;                      1761701;                                     0,014240;              163;                    3913514;                                     0,031633
       407;       545;         1;BR      ;30/10/2022 20:24:41;         472075;     156454011;           10;                 470039;                                     0,995687;        3361;             155730314;          2553;               123717877;                 2457;                      118042566;             2075;                   60059598;                                     0,508796;                        382;                             57982968;                                     0,491204;                  7;                      1761708;                                     0,014240;               89;                    3913603;                                     0,031633
       407;       545;         1;BR      ;30/10/2022 20:24:42;         472075;     156454011;           31;                 470070;                                     0,995753;        7733;             155738047;          5573;               123723450;                 5424;                      118047990;             4329;                   60063927;                                     0,508809;                       1095;                             57984063;                                     0,491191;                 42;                      1761750;                                     0,014239;              107;                    3913710;                                     0,031633
       407;       545;         1;BR      ;30/10/2022 20:24:43;         472075;     156454011;            2;                 470072;                                     0,995757;         556;             155738603;           465;               123723915;                  447;                      118048437;              337;                   60064264;                                     0,508810;                        110;                             57984173;                                     0,491190;                  8;                      1761758;                                     0,014239;               10;                    3913720;                                     0,031633
       407;       545;         1;BR      ;30/10/2022 20:24:44;         472075;     156454011;           19;                 470091;                                     0,995797;        6896;             155745499;          5424;               123729339;                 5071;                      118053508;             2341;                   60066605;                                     0,508808;                       2730;                             57986903;                                     0,491192;                124;                      1761882;                                     0,014240;              229;                    3913949;                                     0,031633
       407;       545;         1;BR      ;30/10/2022 20:24:45;         472075;     156454011;            8;                 470099;                                     0,995814;        2296;             155747795;          1887;               123731226;                 1816;                      118055324;              797;                   60067402;                                     0,508807;                       1019;                             57987922;                                     0,491193;                 26;                      1761908;                                     0,014240;               45;                    3913994;                                     0,031633
       407;       545;         1;BR      ;30/10/2022 20:25:46;         472075;     156454011;           10;                 470109;                                     0,995835;        2736;             155750531;          2135;               123733361;                 2051;                      118057375;             1773;                   60069175;                                     0,508813;                        278;                             57988200;                                     0,491187;                 19;                      1761927;                                     0,014240;               65;                    3914059;                                     0,031633
       407;       545;         1;BR      ;30/10/2022 20:25:47;         472075;     156454011;           33;                 470142;                                     0,995905;       12023;             155762554;          9322;               123742683;                 8958;                      118066333;             4539;                   60073714;                                     0,508813;                       4419;                             57992619;                                     0,491187;                129;                      1762056;                                     0,014240;              235;                    3914294;                                     0,031633
       407;       545;         1;BR      ;30/10/2022 20:25:48;         472075;     156454011;            1;                 470143;                                     0,995907;          84;             155762638;            61;               123742744;                   60;                      118066393;               53;                   60073767;                                     0,508813;                          7;                             57992626;                                     0,491187;                  0;                      1762056;                                     0,014240;                1;                    3914295;                                     0,031633
       407;       545;         1;BR      ;30/10/2022 20:25:49;         472075;     156454011;           42;                 470185;                                     0,995996;       14790;             155777428;         11850;               123754594;                11148;                      118077541;             4714;                   60078481;                                     0,508805;                       6434;                             57999060;                                     0,491195;                249;                      1762305;                                     0,014240;              453;                    3914748;                                     0,031633
       407;       545;         1;BR      ;30/10/2022 20:25:56;         472075;     156454011;            2;                 470187;                                     0,996001;         590;             155778018;           460;               123755054;                  441;                      118077982;              166;                   60078647;                                     0,508805;                        275;                             57999335;                                     0,491195;                  7;                      1762312;                                     0,014240;               12;                    3914760;                                     0,031633
       407;       545;         1;BR      ;30/10/2022 20:26:53;         472075;     156454011;          155;                 470342;                                     0,996329;       60388;             155838406;         48340;               123803394;                46324;                      118124306;            23307;                   60101954;                                     0,508803;                      23017;                             58022352;                                     0,491197;                651;                      1762963;                                     0,014240;             1365;                    3916125;                                     0,031632
       407;       545;         1;BR      ;30/10/2022 20:26:55;         472075;     156454011;            4;                 470346;                                     0,996337;        1354;             155839760;          1058;               123804452;                 1009;                      118125315;              483;                   60102437;                                     0,508802;                        526;                             58022878;                                     0,491198;                 19;                      1762982;                                     0,014240;               30;                    3916155;                                     0,031632
       407;       545;         1;BR      ;30/10/2022 20:27:58;         472075;     156454011;           48;                 470394;                                     0,996439;       13694;             155853454;         10615;               123815067;                10247;                      118135562;             6873;                   60109310;                                     0,508816;                       3374;                             58026252;                                     0,491184;                 93;                      1763075;                                     0,014240;              275;                    3916430;                                     0,031631
       407;       545;         1;BR      ;30/10/2022 20:28:01;         472075;     156454011;            4;                 470398;                                     0,996448;        1120;             155854574;           874;               123815941;                  816;                      118136378;              365;                   60109675;                                     0,508816;                        451;                             58026703;                                     0,491184;                 24;                      1763099;                                     0,014240;               34;                    3916464;                                     0,031631
       407;       545;         1;BR      ;30/10/2022 20:28:04;         472075;     156454011;           15;                 470413;                                     0,996479;        4960;             155859534;          3997;               123819938;                 3797;                      118140175;             1352;                   60111027;                                     0,508811;                       2445;                             58029148;                                     0,491189;                 59;                      1763158;                                     0,014240;              141;                    3916605;                                     0,031631
       407;       545;         1;BR      ;30/10/2022 20:29:04;         472075;     156454011;           15;                 470428;                                     0,996511;        3695;             155863229;          2775;               123822713;                 2689;                      118142864;             2179;                   60113206;                                     0,508818;                        510;                             58029658;                                     0,491182;                 32;                      1763190;                                     0,014240;               54;                    3916659;                                     0,031631
       407;       545;         1;BR      ;30/10/2022 20:29:05;         472075;     156454011;            6;                 470434;                                     0,996524;        2064;             155865293;          1471;               123824184;                 1414;                      118144278;              903;                   60114109;                                     0,508819;                        511;                             58030169;                                     0,491181;                 21;                      1763211;                                     0,014240;               36;                    3916695;                                     0,031631
       407;       545;         1;BR      ;30/10/2022 20:29:07;         472075;     156454011;           19;                 470453;                                     0,996564;        6851;             155872144;          5146;               123829330;                 4803;                      118149081;             2396;                   60116505;                                     0,508819;                       2407;                             58032576;                                     0,491181;                101;                      1763312;                                     0,014240;              242;                    3916937;                                     0,031632
       407;       545;         1;BR      ;30/10/2022 20:30:09;         472075;     156454011;            4;                 470457;                                     0,996573;        1210;             155873354;           875;               123830205;                  828;                      118149909;              606;                   60117111;                                     0,508821;                        222;                             58032798;                                     0,491179;                  3;                      1763315;                                     0,014240;               44;                    3916981;                                     0,031632
       407;       545;         1;BR      ;30/10/2022 20:30:10;         472075;     156454011;            7;                 470464;                                     0,996587;        1940;             155875294;          1571;               123831776;                 1504;                      118151413;              766;                   60117877;                                     0,508821;                        738;                             58033536;                                     0,491179;                 22;                      1763337;                                     0,014240;               45;                    3917026;                                     0,031632
       407;       545;         1;BR      ;30/10/2022 20:30:12;         472075;     156454011;            3;                 470467;                                     0,996594;        1044;             155876338;           816;               123832592;                  765;                      118152178;              332;                   60118209;                                     0,508820;                        433;                             58033969;                                     0,491180;                 15;                      1763352;                                     0,014240;               36;                    3917062;                                     0,031632
       407;       545;         1;BR      ;30/10/2022 20:30:16;         472075;     156454011;            9;                 470476;                                     0,996613;        2932;             155879270;          2143;               123834735;                 2068;                      118154246;             1622;                   60119831;                                     0,508825;                        446;                             58034415;                                     0,491175;                 24;                      1763376;                                     0,014240;               51;                    3917113;                                     0,031632
       407;       545;         1;BR      ;30/10/2022 20:30:18;         472075;     156454011;           23;                 470499;                                     0,996662;        6680;             155885950;          5228;               123839963;                 4958;                      118159204;             2325;                   60122156;                                     0,508823;                       2633;                             58037048;                                     0,491177;                 86;                      1763462;                                     0,014240;              184;                    3917297;                                     0,031632
       407;       545;         1;BR      ;30/10/2022 20:31:15;         472075;     156454011;           18;                 470517;                                     0,996700;        5084;             155891034;          3718;               123843681;                 3585;                      118162789;             2273;                   60124429;                                     0,508827;                       1312;                             58038360;                                     0,491173;                 33;                      1763495;                                     0,014240;              100;                    3917397;                                     0,031632
       407;       545;         1;BR      ;30/10/2022 20:31:16;         472075;     156454011;            8;                 470525;                                     0,996717;        2397;             155893431;          1865;               123845546;                 1784;                      118164573;             1020;                   60125449;                                     0,508828;                        764;                             58039124;                                     0,491172;                 34;                      1763529;                                     0,014240;               47;                    3917444;                                     0,031632
       407;       545;         1;BR      ;30/10/2022 20:31:17;         472075;     156454011;           21;                 470546;                                     0,996761;        6818;             155900249;          5265;               123850811;                 5002;                      118169575;             2580;                   60128029;                                     0,508828;                       2422;                             58041546;                                     0,491172;                100;                      1763629;                                     0,014240;              163;                    3917607;                                     0,031632
       407;       545;         1;BR      ;30/10/2022 20:32:20;         472075;     156454011;            2;                 470548;                                     0,996765;         704;             155900953;           478;               123851289;                  464;                      118170039;              220;                   60128249;                                     0,508828;                        244;                             58041790;                                     0,491172;                  2;                      1763631;                                     0,014240;               12;                    3917619;                                     0,031632
       407;       545;         1;BR      ;30/10/2022 20:32:21;         472075;     156454011;           26;                 470574;                                     0,996820;        7999;             155908952;          5200;               123856489;                 4905;                      118174944;             3684;                   60131933;                                     0,508838;                       1221;                             58043011;                                     0,491162;                 69;                      1763700;                                     0,014240;              226;                    3917845;                                     0,031632
       407;       545;         1;BR      ;30/10/2022 20:32:23;         472075;     156454011;           11;                 470585;                                     0,996844;        5715;             155914667;          2771;               123859260;                 2622;                      118177566;             1218;                   60133151;                                     0,508837;                       1404;                             58044415;                                     0,491163;                 43;                      1763743;                                     0,014240;              106;                    3917951;                                     0,031632
       407;       545;         1;BR      ;30/10/2022 20:33:26;         472075;     156454011;           48;                 470633;                                     0,996945;       13237;             155927904;          9673;               123868933;                 9266;                      118186832;             5513;                   60138664;                                     0,508844;                       3753;                             58048168;                                     0,491156;                 98;                      1763841;                                     0,014240;              309;                    3918260;                                     0,031632
       407;       545;         1;BR      ;30/10/2022 20:33:28;         472075;     156454011;            2;                 470635;                                     0,996950;         518;             155928422;           433;               123869366;                  400;                      118187232;              295;                   60138959;                                     0,508845;                        105;                             58048273;                                     0,491155;                  7;                      1763848;                                     0,014240;               26;                    3918286;                                     0,031632
       407;       545;         1;BR      ;30/10/2022 20:33:29;         472075;     156454011;           23;                 470658;                                     0,996998;        7182;             155935604;          5241;               123874607;                 4973;                      118192205;             1715;                   60140674;                                     0,508838;                       3258;                             58051531;                                     0,491162;                102;                      1763950;                                     0,014240;              166;                    3918452;                                     0,031632
       407;       545;         1;BR      ;30/10/2022 20:33:35;         472075;     156454011;            3;                 470661;                                     0,997005;        1051;             155936655;           797;               123875404;                  732;                      118192937;              306;                   60140980;                                     0,508837;                        426;                             58051957;                                     0,491163;                 27;                      1763977;                                     0,014240;               38;                    3918490;                                     0,031633
       407;       545;         1;BR      ;30/10/2022 20:34:31;         472075;     156454011;           19;                 470680;                                     0,997045;        5180;             155941835;          3977;               123879381;                 3879;                      118196816;             2943;                   60143923;                                     0,508846;                        936;                             58052893;                                     0,491154;                 23;                      1764000;                                     0,014240;               75;                    3918565;                                     0,031632
       407;       545;         1;BR      ;30/10/2022 20:34:34;         472075;     156454011;            4;                 470684;                                     0,997053;        1441;             155943276;          1140;               123880521;                 1078;                      118197894;              508;                   60144431;                                     0,508845;                        570;                             58053463;                                     0,491155;                 21;                      1764021;                                     0,014240;               41;                    3918606;                                     0,031632
       407;       545;         1;BR      ;30/10/2022 20:35:37;         472075;     156454011;           18;                 470702;                                     0,997092;        5259;             155948535;          3496;               123884017;                 3385;                      118201279;             2771;                   60147202;                                     0,508854;                        614;                             58054077;                                     0,491146;                 29;                      1764050;                                     0,014240;               82;                    3918688;                                     0,031632
       407;       545;         1;BR      ;30/10/2022 20:35:38;         472075;     156454011;            1;                 470703;                                     0,997094;         244;             155948779;           208;               123884225;                  199;                      118201478;              164;                   60147366;                                     0,508855;                         35;                             58054112;                                     0,491145;                  1;                      1764051;                                     0,014240;                8;                    3918696;                                     0,031632
       407;       545;         1;BR      ;30/10/2022 20:35:39;         472075;     156454011;           11;                 470714;                                     0,997117;        3644;             155952423;          2497;               123886722;                 2384;                      118203862;             1079;                   60148445;                                     0,508853;                       1305;                             58055417;                                     0,491147;                 52;                      1764103;                                     0,014240;               61;                    3918757;                                     0,031632
       407;       545;         1;BR      ;30/10/2022 20:36:41;         472075;     156454011;            7;                 470721;                                     0,997132;        2531;             155954954;          1828;               123888550;                 1707;                      118205569;             1094;                   60149539;                                     0,508855;                        613;                             58056030;                                     0,491145;                 23;                      1764126;                                     0,014240;               98;                    3918855;                                     0,031632
       407;       545;         1;BR      ;30/10/2022 20:36:42;         472075;     156454011;           64;                 470785;                                     0,997267;       24600;             155979554;         19566;               123908116;                18801;                      118224370;             9727;                   60159266;                                     0,508857;                       9074;                             58065104;                                     0,491143;                249;                      1764375;                                     0,014239;              516;                    3919371;                                     0,031631
       407;       545;         1;BR      ;30/10/2022 20:36:43;         472075;     156454011;            4;                 470789;                                     0,997276;        1492;             155981046;          1168;               123909284;                 1113;                      118225483;              424;                   60159690;                                     0,508856;                        689;                             58065793;                                     0,491144;                 19;                      1764394;                                     0,014239;               36;                    3919407;                                     0,031631
       407;       545;         1;BR      ;30/10/2022 20:36:44;         472075;     156454011;           24;                 470813;                                     0,997327;       13595;             155994641;          5664;               123914948;                 5319;                      118230802;             2057;                   60161747;                                     0,508850;                       3262;                             58069055;                                     0,491150;                136;                      1764530;                                     0,014240;              209;                    3919616;                                     0,031632
       407;       545;         1;BR      ;30/10/2022 20:36:45;         472075;     156454011;            2;                 470815;                                     0,997331;         741;             155995382;           554;               123915502;                  510;                      118231312;              218;                   60161965;                                     0,508850;                        292;                             58069347;                                     0,491150;                 18;                      1764548;                                     0,014240;               26;                    3919642;                                     0,031632
       407;       545;         1;BR      ;30/10/2022 20:36:48;         472075;     156454011;            4;                 470819;                                     0,997339;        1289;             155996671;          1035;               123916537;                  979;                      118232291;              465;                   60162430;                                     0,508849;                        514;                             58069861;                                     0,491151;                 21;                      1764569;                                     0,014240;               35;                    3919677;                                     0,031632
       407;       545;         1;BR      ;30/10/2022 20:37:46;         472075;     156454011;            3;                 470822;                                     0,997346;         691;             155997362;           502;               123917039;                  484;                      118232775;              386;                   60162816;                                     0,508851;                         98;                             58069959;                                     0,491149;                  6;                      1764575;                                     0,014240;               12;                    3919689;                                     0,031632
       407;       545;         1;BR      ;30/10/2022 20:37:47;         472075;     156454011;            9;                 470831;                                     0,997365;        2720;             156000082;          1940;               123918979;                 1855;                      118234630;             1465;                   60164281;                                     0,508855;                        390;                             58070349;                                     0,491145;                 26;                      1764601;                                     0,014240;               59;                    3919748;                                     0,031632
       407;       545;         1;BR      ;30/10/2022 20:37:48;         472075;     156454011;           17;                 470848;                                     0,997401;        7560;             156007642;          5894;               123924873;                 5669;                      118240299;             2658;                   60166939;                                     0,508853;                       3011;                             58073360;                                     0,491147;                 77;                      1764678;                                     0,014240;              148;                    3919896;                                     0,031631
       407;       545;         1;BR      ;30/10/2022 20:37:50;         472075;     156454011;            7;                 470855;                                     0,997416;        2546;             156010188;          2013;               123926886;                 1879;                      118242178;              849;                   60167788;                                     0,508852;                       1030;                             58074390;                                     0,491148;                 48;                      1764726;                                     0,014240;               86;                    3919982;                                     0,031631
       407;       545;         1;BR      ;30/10/2022 20:38:52;         472075;     156454011;            2;                 470857;                                     0,997420;         342;             156010530;           289;               123927175;                  287;                      118242465;              270;                   60168058;                                     0,508853;                         17;                             58074407;                                     0,491147;                  1;                      1764727;                                     0,014240;                1;                    3919983;                                     0,031631
       407;       545;         1;BR      ;30/10/2022 20:38:53;         472075;     156454011;            1;                 470858;                                     0,997422;         393;             156010923;           337;               123927512;                  312;                      118242777;              202;                   60168260;                                     0,508854;                        110;                             58074517;                                     0,491146;                  7;                      1764734;                                     0,014240;               18;                    3920001;                                     0,031631
       407;       545;         1;BR      ;30/10/2022 20:38:55;         472075;     156454011;            3;                 470861;                                     0,997428;        1077;             156012000;           867;               123928379;                  807;                      118243584;              362;                   60168622;                                     0,508853;                        445;                             58074962;                                     0,491147;                 23;                      1764757;                                     0,014240;               37;                    3920038;                                     0,031631
       407;       545;         1;BR      ;30/10/2022 20:38:56;         472075;     156454011;            3;                 470864;                                     0,997435;         991;             156012991;           778;               123929157;                  733;                      118244317;              329;                   60168951;                                     0,508853;                        404;                             58075366;                                     0,491147;                 21;                      1764778;                                     0,014240;               24;                    3920062;                                     0,031631
       407;       545;         1;BR      ;30/10/2022 20:39:56;         472075;     156454011;            2;                 470866;                                     0,997439;         581;             156013572;           447;               123929604;                  421;                      118244738;              402;                   60169353;                                     0,508854;                         19;                             58075385;                                     0,491146;                  1;                      1764779;                                     0,014240;               25;                    3920087;                                     0,031632
       407;       545;         1;BR      ;30/10/2022 20:39:57;         472075;     156454011;           10;                 470876;                                     0,997460;        3546;             156017118;          2648;               123932252;                 2533;                      118247271;             1633;                   60170986;                                     0,508857;                        900;                             58076285;                                     0,491143;                 27;                      1764806;                                     0,014240;               88;                    3920175;                                     0,031632
       407;       545;         1;BR      ;30/10/2022 20:39:58;         472075;     156454011;            6;                 470882;                                     0,997473;        1533;             156018651;          1013;               123933265;                  987;                      118248258;              530;                   60171516;                                     0,508858;                        457;                             58076742;                                     0,491142;                  6;                      1764812;                                     0,014240;               20;                    3920195;                                     0,031631
       407;       545;         1;BR      ;30/10/2022 20:40:00;         472075;     156454011;           16;                 470898;                                     0,997507;        5683;             156024334;          4453;               123937718;                 4185;                      118252443;             2046;                   60173562;                                     0,508857;                       2139;                             58078881;                                     0,491143;                103;                      1764915;                                     0,014240;              165;                    3920360;                                     0,031632
       407;       545;         1;BR      ;30/10/2022 20:40:01;         472075;     156454011;            1;                 470899;                                     0,997509;         381;             156024715;           317;               123938035;                  290;                      118252733;              162;                   60173724;                                     0,508857;                        128;                             58079009;                                     0,491143;                  8;                      1764923;                                     0,014240;               19;                    3920379;                                     0,031632
       407;       545;         1;BR      ;30/10/2022 20:41:02;         472075;     156454011;            2;                 470901;                                     0,997513;         674;             156025389;           502;               123938537;                  480;                      118253213;              299;                   60174023;                                     0,508857;                        181;                             58079190;                                     0,491143;                  3;                      1764926;                                     0,014240;               19;                    3920398;                                     0,031632
       407;       545;         1;BR      ;30/10/2022 20:41:03;         472075;     156454011;            8;                 470909;                                     0,997530;        1797;             156027186;          1347;               123939884;                 1319;                      118254532;              839;                   60174862;                                     0,508859;                        480;                             58079670;                                     0,491141;                  4;                      1764930;                                     0,014240;               24;                    3920422;                                     0,031632
       407;       545;         1;BR      ;30/10/2022 20:41:05;         472075;     156454011;            4;                 470913;                                     0,997539;        1383;             156028569;          1120;               123941004;                 1037;                      118255569;              506;                   60175368;                                     0,508859;                        531;                             58080201;                                     0,491141;                 19;                      1764949;                                     0,014240;               64;                    3920486;                                     0,031632
       407;       545;         1;BR      ;30/10/2022 20:42:08;         472075;     156454011;           17;                 470930;                                     0,997575;        5979;             156034548;          4710;               123945714;                 4525;                      118260094;             1753;                   60177121;                                     0,508854;                       2772;                             58082973;                                     0,491146;                 73;                      1765022;                                     0,014240;              112;                    3920598;                                     0,031632
       407;       545;         1;BR      ;30/10/2022 20:42:10;         472075;     156454011;           13;                 470943;                                     0,997602;        4903;             156039451;          3886;               123949600;                 3609;                      118263703;             1698;                   60178819;                                     0,508853;                       1911;                             58084884;                                     0,491147;                 92;                      1765114;                                     0,014241;              185;                    3920783;                                     0,031632
       407;       545;         1;BR      ;30/10/2022 20:42:11;         472075;     156454011;            1;                 470944;                                     0,997604;         386;             156039837;           296;               123949896;                  272;                      118263975;              178;                   60178997;                                     0,508853;                         94;                             58084978;                                     0,491147;                 10;                      1765124;                                     0,014241;               14;                    3920797;                                     0,031632
       407;       545;         1;BR      ;30/10/2022 20:43:12;         472075;     156454011;            2;                 470946;                                     0,997608;         725;             156040562;           531;               123950427;                  494;                      118264469;              392;                   60179389;                                     0,508854;                        102;                             58085080;                                     0,491146;                  4;                      1765128;                                     0,014241;               33;                    3920830;                                     0,031632
       407;       545;         1;BR      ;30/10/2022 20:43:13;         472075;     156454011;            2;                 470948;                                     0,997613;         671;             156041233;           334;               123950761;                  323;                      118264792;              293;                   60179682;                                     0,508855;                         30;                             58085110;                                     0,491145;                  3;                      1765131;                                     0,014241;                8;                    3920838;                                     0,031632
       407;       545;         1;BR      ;30/10/2022 20:43:14;         472075;     156454011;            1;                 470949;                                     0,997615;         483;             156041716;           428;               123951189;                  412;                      118265204;              245;                   60179927;                                     0,508856;                        167;                             58085277;                                     0,491144;                  6;                      1765137;                                     0,014241;               10;                    3920848;                                     0,031632
       407;       545;         1;BR      ;30/10/2022 20:43:16;         472075;     156454011;            2;                 470951;                                     0,997619;         567;             156042283;           454;               123951643;                  426;                      118265630;              207;                   60180134;                                     0,508856;                        219;                             58085496;                                     0,491144;                  9;                      1765146;                                     0,014241;               19;                    3920867;                                     0,031632
       407;       545;         1;BR      ;30/10/2022 20:43:17;         472075;     156454011;           24;                 470975;                                     0,997670;        8804;             156051087;          6886;               123958529;                 6459;                      118272089;             3823;                   60183957;                                     0,508860;                       2636;                             58088132;                                     0,491140;                142;                      1765288;                                     0,014241;              285;                    3921152;                                     0,031633
       407;       545;         1;BR      ;30/10/2022 20:44:20;         472075;     156454011;           13;                 470988;                                     0,997697;        4877;             156055964;          3636;               123962165;                 3521;                      118275610;             2506;                   60186463;                                     0,508866;                       1015;                             58089147;                                     0,491134;                 29;                      1765317;                                     0,014241;               86;                    3921238;                                     0,031633
       407;       545;         1;BR      ;30/10/2022 20:44:21;         472075;     156454011;            1;                 470989;                                     0,997700;         373;             156056337;           297;               123962462;                  288;                      118275898;              136;                   60186599;                                     0,508866;                        152;                             58089299;                                     0,491134;                  3;                      1765320;                                     0,014241;                6;                    3921244;                                     0,031633
       407;       545;         1;BR      ;30/10/2022 20:44:22;         472075;     156454011;           19;                 471008;                                     0,997740;        6867;             156063204;          5317;               123967779;                 4956;                      118280854;             2121;                   60188720;                                     0,508863;                       2835;                             58092134;                                     0,491137;                131;                      1765451;                                     0,014241;              230;                    3921474;                                     0,031633
       407;       545;         1;BR      ;30/10/2022 20:45:24;         472075;     156454011;            1;                 471009;                                     0,997742;         347;             156063551;           240;               123968019;                  224;                      118281078;              180;                   60188900;                                     0,508863;                         44;                             58092178;                                     0,491137;                  3;                      1765454;                                     0,014241;               13;                    3921487;                                     0,031633
       407;       545;         1;BR      ;30/10/2022 20:45:25;         472075;     156454011;           55;                 471064;                                     0,997858;       17763;             156081314;         12223;               123980242;                11650;                      118292728;             7863;                   60196763;                                     0,508880;                       3787;                             58095965;                                     0,491120;                137;                      1765591;                                     0,014241;              436;                    3921923;                                     0,031633
       407;       545;         1;BR      ;30/10/2022 20:45:27;         472075;     156454011;            5;                 471069;                                     0,997869;        2323;             156083637;           854;               123981096;                  805;                      118293533;              357;                   60197120;                                     0,508879;                        448;                             58096413;                                     0,491121;                 16;                      1765607;                                     0,014241;               33;                    3921956;                                     0,031633
       407;       545;         1;BR      ;30/10/2022 20:45:28;         472075;     156454011;           15;                 471084;                                     0,997901;        5932;             156089569;          4881;               123985977;                 4553;                      118298086;             2910;                   60200030;                                     0,508884;                       1643;                             58098056;                                     0,491116;                115;                      1765722;                                     0,014241;              213;                    3922169;                                     0,031634
       407;       545;         1;BR      ;30/10/2022 20:46:30;         472075;     156454011;            7;                 471091;                                     0,997916;        2211;             156091780;          1553;               123987530;                 1485;                      118299571;             1243;                   60201273;                                     0,508888;                        242;                             58098298;                                     0,491112;                  7;                      1765729;                                     0,014241;               61;                    3922230;                                     0,031634
       407;       545;         1;BR      ;30/10/2022 20:46:31;         472075;     156454011;           53;                 471144;                                     0,998028;       19026;             156110806;         14576;               124002106;                13949;                      118313520;             7796;                   60209069;                                     0,508894;                       6153;                             58104451;                                     0,491106;                192;                      1765921;                                     0,014241;              435;                    3922665;                                     0,031634
       407;       545;         1;BR      ;30/10/2022 20:46:33;         472075;     156454011;           15;                 471159;                                     0,998060;        5482;             156116288;          4421;               124006527;                 4105;                      118317625;             1921;                   60210990;                                     0,508893;                       2184;                             58106635;                                     0,491107;                104;                      1766025;                                     0,014241;              212;                    3922877;                                     0,031634
       407;       545;         1;BR      ;30/10/2022 20:46:36;         472075;     156454011;            1;                 471160;                                     0,998062;         371;             156116659;           299;               124006826;                  290;                      118317915;              125;                   60211115;                                     0,508893;                        165;                             58106800;                                     0,491107;                  5;                      1766030;                                     0,014241;                4;                    3922881;                                     0,031634
       407;       545;         1;BR      ;30/10/2022 20:47:35;         472075;     156454011;            2;                 471162;                                     0,998066;         744;             156117403;           525;               124007351;                  512;                      118318427;              231;                   60211346;                                     0,508892;                        281;                             58107081;                                     0,491108;                  0;                      1766030;                                     0,014241;               13;                    3922894;                                     0,031634
       407;       545;         1;BR      ;30/10/2022 20:47:36;         472075;     156454011;            1;                 471163;                                     0,998068;         214;             156117617;           115;               124007466;                  107;                      118318534;               58;                   60211404;                                     0,508892;                         49;                             58107130;                                     0,491108;                  4;                      1766034;                                     0,014241;                4;                    3922898;                                     0,031634
       407;       545;         1;BR      ;30/10/2022 20:47:37;         472075;     156454011;            4;                 471167;                                     0,998077;        1660;             156119277;          1383;               124008849;                 1340;                      118319874;              658;                   60212062;                                     0,508892;                        682;                             58107812;                                     0,491108;                 16;                      1766050;                                     0,014241;               27;                    3922925;                                     0,031634
       407;       545;         1;BR      ;30/10/2022 20:47:38;         472075;     156454011;            4;                 471171;                                     0,998085;        1364;             156120641;          1089;               124009938;                 1004;                      118320878;              458;                   60212520;                                     0,508892;                        546;                             58108358;                                     0,491108;                 27;                      1766077;                                     0,014241;               58;                    3922983;                                     0,031634
       407;       545;         1;BR      ;30/10/2022 20:47:39;         472075;     156454011;           32;                 471203;                                     0,998153;       12403;             156133044;         10091;               124020029;                 9358;                      118330236;             5964;                   60218484;                                     0,508902;                       3394;                             58111752;                                     0,491098;                234;                      1766311;                                     0,014242;              499;                    3923482;                                     0,031636
       407;       545;         1;BR      ;30/10/2022 20:48:42;         472075;     156454011;           47;                 471250;                                     0,998252;       13771;             156146815;         11216;               124031245;                10637;                      118340873;             6876;                   60225360;                                     0,508914;                       3761;                             58115513;                                     0,491086;                156;                      1766467;                                     0,014242;              423;                    3923905;                                     0,031636
       407;       545;         1;BR      ;30/10/2022 20:48:43;         472075;     156454011;            4;                 471254;                                     0,998261;        1724;             156148539;          1380;               124032625;                 1325;                      118342198;              582;                   60225942;                                     0,508913;                        743;                             58116256;                                     0,491087;                 23;                      1766490;                                     0,014242;               32;                    3923937;                                     0,031636
       407;       545;         1;BR      ;30/10/2022 20:48:44;         472075;     156454011;            4;                 471258;                                     0,998269;        1442;             156149981;          1084;               124033709;                 1011;                      118343209;              453;                   60226395;                                     0,508913;                        558;                             58116814;                                     0,491087;                 25;                      1766515;                                     0,014242;               48;                    3923985;                                     0,031636
       407;       545;         1;BR      ;30/10/2022 20:48:45;         472075;     156454011;           15;                 471273;                                     0,998301;        5785;             156155766;          4699;               124038408;                 4365;                      118347574;             3068;                   60229463;                                     0,508920;                       1297;                             58118111;                                     0,491080;                101;                      1766616;                                     0,014242;              233;                    3924218;                                     0,031637
       407;       545;         1;BR      ;30/10/2022 20:49:49;         472075;     156454011;           46;                 471319;                                     0,998399;       13908;             156169674;         10037;               124048445;                 9710;                      118357284;             7273;                   60236736;                                     0,508940;                       2437;                             58120548;                                     0,491060;                112;                      1766728;                                     0,014242;              215;                    3924433;                                     0,031636
       407;       545;         1;BR      ;30/10/2022 20:49:51;         472075;     156454011;            3;                 471322;                                     0,998405;        1066;             156170740;           883;               124049328;                  817;                      118358101;              390;                   60237126;                                     0,508940;                        427;                             58120975;                                     0,491060;                 19;                      1766747;                                     0,014242;               47;                    3924480;                                     0,031636
       407;       545;         1;BR      ;30/10/2022 20:50:54;         472075;     156454011;            1;                 471323;                                     0,998407;         129;             156170869;            56;               124049384;                   53;                      118358154;               27;                   60237153;                                     0,508940;                         26;                             58121001;                                     0,491060;                  0;                      1766747;                                     0,014242;                3;                    3924483;                                     0,031636
       407;       545;         1;BR      ;30/10/2022 20:50:55;         472075;     156454011;           36;                 471359;                                     0,998483;       10997;             156181866;          8114;               124057498;                 7847;                      118366001;             5945;                   60243098;                                     0,508956;                       1902;                             58122903;                                     0,491044;                 70;                      1766817;                                     0,014242;              197;                    3924680;                                     0,031636
       407;       545;         1;BR      ;30/10/2022 20:50:56;         472075;     156454011;            2;                 471361;                                     0,998488;         546;             156182412;           366;               124057864;                  355;                      118366356;              170;                   60243268;                                     0,508956;                        185;                             58123088;                                     0,491044;                  2;                      1766819;                                     0,014242;                9;                    3924689;                                     0,031636
       407;       545;         1;BR      ;30/10/2022 20:50:58;         472075;     156454011;           47;                 471408;                                     0,998587;       17733;             156200145;         14289;               124072153;                13320;                      118379676;             8561;                   60251829;                                     0,508971;                       4759;                             58127847;                                     0,491029;                285;                      1767104;                                     0,014243;              684;                    3925373;                                     0,031638
       407;       545;         1;BR      ;30/10/2022 20:51:59;         472075;     156454011;            2;                 471410;                                     0,998591;         759;             156200904;           505;               124072658;                  485;                      118380161;              384;                   60252213;                                     0,508972;                        101;                             58127948;                                     0,491028;                  3;                      1767107;                                     0,014243;               17;                    3925390;                                     0,031638
       407;       545;         1;BR      ;30/10/2022 20:52:00;         472075;     156454011;            6;                 471416;                                     0,998604;        2503;             156203407;          2005;               124074663;                 1930;                      118382091;             1061;                   60253274;                                     0,508973;                        869;                             58128817;                                     0,491027;                 19;                      1767126;                                     0,014242;               56;                    3925446;                                     0,031638
       407;       545;         1;BR      ;30/10/2022 20:52:01;         472075;     156454011;           10;                 471426;                                     0,998625;        3104;             156206511;          2159;               124076822;                 2066;                      118384157;             1609;                   60254883;                                     0,508978;                        457;                             58129274;                                     0,491022;                 18;                      1767144;                                     0,014242;               75;                    3925521;                                     0,031638
       407;       545;         1;BR      ;30/10/2022 20:52:02;         472075;     156454011;            4;                 471430;                                     0,998634;        1419;             156207930;          1050;               124077872;                 1005;                      118385162;              667;                   60255550;                                     0,508979;                        338;                             58129612;                                     0,491021;                 13;                      1767157;                                     0,014242;               32;                    3925553;                                     0,031638
       407;       545;         1;BR      ;30/10/2022 20:52:03;         472075;     156454011;            1;                 471431;                                     0,998636;         362;             156208292;           280;               124078152;                  260;                      118385422;              121;                   60255671;                                     0,508979;                        139;                             58129751;                                     0,491021;                  6;                      1767163;                                     0,014242;               14;                    3925567;                                     0,031638
       407;       545;         1;BR      ;30/10/2022 20:52:04;         472075;     156454011;            9;                 471440;                                     0,998655;        3543;             156211835;          2930;               124081082;                 2736;                      118388158;             1875;                   60257546;                                     0,508983;                        861;                             58130612;                                     0,491017;                 67;                      1767230;                                     0,014243;              127;                    3925694;                                     0,031638
       407;       545;         1;BR      ;30/10/2022 20:52:07;         472075;     156454011;            1;                 471441;                                     0,998657;         371;             156212206;           293;               124081375;                  282;                      118388440;              116;                   60257662;                                     0,508983;                        166;                             58130778;                                     0,491017;                  4;                      1767234;                                     0,014243;                7;                    3925701;                                     0,031638
       407;       545;         1;BR      ;30/10/2022 20:53:06;         472075;     156454011;            6;                 471447;                                     0,998670;        2647;             156214853;          2133;               124083508;                 2052;                      118390492;             1022;                   60258684;                                     0,508982;                       1030;                             58131808;                                     0,491018;                 30;                      1767264;                                     0,014243;               51;                    3925752;                                     0,031638
       407;       545;         1;BR      ;30/10/2022 20:53:08;         472075;     156454011;            3;                 471450;                                     0,998676;        1086;             156215939;           813;               124084321;                  757;                      118391249;              384;                   60259068;                                     0,508982;                        373;                             58132181;                                     0,491018;                 14;                      1767278;                                     0,014243;               42;                    3925794;                                     0,031638
       407;       545;         1;BR      ;30/10/2022 20:53:09;         472075;     156454011;           24;                 471474;                                     0,998727;        9501;             156225440;          7843;               124092164;                 7292;                      118398541;             4999;                   60264067;                                     0,508993;                       2293;                             58134474;                                     0,491007;                158;                      1767436;                                     0,014243;              393;                    3926187;                                     0,031639
       407;       545;         1;BR      ;30/10/2022 20:54:10;         472075;     156454011;            2;                 471476;                                     0,998731;         771;             156226211;           513;               124092677;                  500;                      118399041;              265;                   60264332;                                     0,508993;                        235;                             58134709;                                     0,491007;                  1;                      1767437;                                     0,014243;               12;                    3926199;                                     0,031639
       407;       545;         1;BR      ;30/10/2022 20:54:13;         472075;     156454011;            7;                 471483;                                     0,998746;        2958;             156229169;          2355;               124095032;                 2276;                      118401317;             1028;                   60265360;                                     0,508992;                       1248;                             58135957;                                     0,491008;                 30;                      1767467;                                     0,014243;               49;                    3926248;                                     0,031639
       407;       545;         1;BR      ;30/10/2022 20:54:14;         472075;     156454011;            1;                 471484;                                     0,998748;         793;             156229962;           313;               124095345;                  300;                      118401617;              154;                   60265514;                                     0,508992;                        146;                             58136103;                                     0,491008;                  6;                      1767473;                                     0,014243;                7;                    3926255;                                     0,031639
       407;       545;         1;BR      ;30/10/2022 20:54:15;         472075;     156454011;            2;                 471486;                                     0,998752;         682;             156230644;           524;               124095869;                  493;                      118402110;              225;                   60265739;                                     0,508992;                        268;                             58136371;                                     0,491008;                 12;                      1767485;                                     0,014243;               19;                    3926274;                                     0,031639
       407;       545;         1;BR      ;30/10/2022 20:55:17;         472075;     156454011;            5;                 471491;                                     0,998763;        1589;             156232233;           999;               124096868;                  978;                      118403088;              447;                   60266186;                                     0,508992;                        531;                             58136902;                                     0,491008;                  6;                      1767491;                                     0,014243;               15;                    3926289;                                     0,031639
       407;       545;         1;BR      ;30/10/2022 20:55:18;         472075;     156454011;           12;                 471503;                                     0,998788;        4751;             156236984;          3440;               124100308;                 3286;                      118406374;             1746;                   60267932;                                     0,508992;                       1540;                             58138442;                                     0,491008;                 51;                      1767542;                                     0,014243;              103;                    3926392;                                     0,031639
       407;       545;         1;BR      ;30/10/2022 20:55:20;         472075;     156454011;            4;                 471507;                                     0,998797;        1139;             156238123;           877;               124101185;                  826;                      118407200;              327;                   60268259;                                     0,508992;                        499;                             58138941;                                     0,491008;                 16;                      1767558;                                     0,014243;               35;                    3926427;                                     0,031639
       407;       545;         1;BR      ;30/10/2022 20:56:22;         472075;     156454011;            1;                 471508;                                     0,998799;         314;             156238437;           262;               124101447;                  257;                      118407457;              193;                   60268452;                                     0,508992;                         64;                             58139005;                                     0,491008;                  1;                      1767559;                                     0,014243;                4;                    3926431;                                     0,031639
       407;       545;         1;BR      ;30/10/2022 20:56:23;         472075;     156454011;            6;                 471514;                                     0,998812;        2609;             156241046;          2174;               124103621;                 2072;                      118409529;             1008;                   60269460;                                     0,508992;                       1064;                             58140069;                                     0,491008;                 30;                      1767589;                                     0,014243;               72;                    3926503;                                     0,031639
       407;       545;         1;BR      ;30/10/2022 20:56:25;         472075;     156454011;            3;                 471517;                                     0,998818;        1301;             156242347;           596;               124104217;                  561;                      118410090;              250;                   60269710;                                     0,508991;                        311;                             58140380;                                     0,491009;                 15;                      1767604;                                     0,014243;               20;                    3926523;                                     0,031639
       407;       545;         1;BR      ;30/10/2022 20:57:27;         472075;     156454011;            2;                 471519;                                     0,998822;         471;             156242818;           357;               124104574;                  339;                      118410429;              262;                   60269972;                                     0,508992;                         77;                             58140457;                                     0,491008;                  3;                      1767607;                                     0,014243;               15;                    3926538;                                     0,031639
       407;       545;         1;BR      ;30/10/2022 20:57:28;         472075;     156454011;            8;                 471527;                                     0,998839;        3394;             156246212;          2807;               124107381;                 2686;                      118413115;             1233;                   60271205;                                     0,508991;                       1453;                             58141910;                                     0,491009;                 37;                      1767644;                                     0,014243;               84;                    3926622;                                     0,031639
       407;       545;         1;BR      ;30/10/2022 20:57:30;         472075;     156454011;            2;                 471529;                                     0,998843;         636;             156246848;           490;               124107871;                  474;                      118413589;              234;                   60271439;                                     0,508991;                        240;                             58142150;                                     0,491009;                  7;                      1767651;                                     0,014243;                9;                    3926631;                                     0,031639
       407;       545;         1;BR      ;30/10/2022 20:57:31;         472075;     156454011;            1;                 471530;                                     0,998846;         397;             156247245;           331;               124108202;                  300;                      118413889;              122;                   60271561;                                     0,508991;                        178;                             58142328;                                     0,491009;                  9;                      1767660;                                     0,014243;               22;                    3926653;                                     0,031639
       407;       545;         1;BR      ;30/10/2022 20:58:32;         472075;     156454011;            1;                 471531;                                     0,998848;          95;             156247340;            72;               124108274;                   68;                      118413957;               54;                   60271615;                                     0,508991;                         14;                             58142342;                                     0,491009;                  1;                      1767661;                                     0,014243;                3;                    3926656;                                     0,031639
       407;       545;         1;BR      ;30/10/2022 20:58:33;         472075;     156454011;            7;                 471538;                                     0,998862;        2758;             156250098;          2157;               124110431;                 2073;                      118416030;              833;                   60272448;                                     0,508989;                       1240;                             58143582;                                     0,491011;                 27;                      1767688;                                     0,014243;               57;                    3926713;                                     0,031639
       407;       545;         1;BR      ;30/10/2022 20:58:34;         472075;     156454011;            2;                 471540;                                     0,998867;         437;             156250535;           383;               124110814;                  379;                      118416409;              304;                   60272752;                                     0,508990;                         75;                             58143657;                                     0,491010;                  0;                      1767688;                                     0,014243;                4;                    3926717;                                     0,031639
       407;       545;         1;BR      ;30/10/2022 20:58:35;         472075;     156454011;            4;                 471544;                                     0,998875;        2021;             156252556;          1087;               124111901;                 1019;                      118417428;              463;                   60273215;                                     0,508989;                        556;                             58144213;                                     0,491011;                 26;                      1767714;                                     0,014243;               42;                    3926759;                                     0,031639
       407;       545;         1;BR      ;30/10/2022 20:58:37;         472075;     156454011;            7;                 471551;                                     0,998890;        2278;             156254834;          1596;               124113497;                 1506;                      118418934;             1008;                   60274223;                                     0,508991;                        498;                             58144711;                                     0,491009;                 26;                      1767740;                                     0,014243;               64;                    3926823;                                     0,031639
       407;       545;         1;BR      ;30/10/2022 20:59:38;         472075;     156454011;            5;                 471556;                                     0,998901;        1645;             156256479;          1291;               124114788;                 1214;                      118420148;              960;                   60275183;                                     0,508994;                        254;                             58144965;                                     0,491006;                  8;                      1767748;                                     0,014243;               69;                    3926892;                                     0,031639
       407;       545;         1;BR      ;30/10/2022 20:59:39;         472075;     156454011;            1;                 471557;                                     0,998903;         341;             156256820;           305;               124115093;                  304;                      118420452;              272;                   60275455;                                     0,508995;                         32;                             58144997;                                     0,491005;                  0;                      1767748;                                     0,014243;                1;                    3926893;                                     0,031639
       407;       545;         1;BR      ;30/10/2022 20:59:40;         472075;     156454011;            6;                 471563;                                     0,998915;        2439;             156259259;          1963;               124117056;                 1868;                      118422320;              770;                   60276225;                                     0,508994;                       1098;                             58146095;                                     0,491006;                 35;                      1767783;                                     0,014243;               60;                    3926953;                                     0,031639
       407;       545;         1;BR      ;30/10/2022 20:59:41;         472075;     156454011;            2;                 471565;                                     0,998920;         702;             156259961;           552;               124117608;                  529;                      118422849;              233;                   60276458;                                     0,508993;                        296;                             58146391;                                     0,491007;                 10;                      1767793;                                     0,014243;               13;                    3926966;                                     0,031639
       407;       545;         1;BR      ;30/10/2022 21:00:45;         472075;     156454011;            9;                 471574;                                     0,998939;        3282;             156263243;          2638;               124120246;                 2548;                      118425397;             1292;                   60277750;                                     0,508993;                       1256;                             58147647;                                     0,491007;                 37;                      1767830;                                     0,014243;               53;                    3927019;                                     0,031639
       407;       545;         1;BR      ;30/10/2022 21:00:48;         472075;     156454011;            3;                 471577;                                     0,998945;        1144;             156264387;           854;               124121100;                  815;                      118426212;              373;                   60278123;                                     0,508993;                        442;                             58148089;                                     0,491007;                 20;                      1767850;                                     0,014243;               19;                    3927038;                                     0,031639
       407;       545;         1;BR      ;30/10/2022 21:01:51;         472075;     156454011;            6;                 471583;                                     0,998958;        2661;             156267048;          2130;               124123230;                 2059;                      118428271;              803;                   60278926;                                     0,508991;                       1256;                             58149345;                                     0,491009;                 19;                      1767869;                                     0,014243;               52;                    3927090;                                     0,031639
       407;       545;         1;BR      ;30/10/2022 21:01:53;         472075;     156454011;            3;                 471586;                                     0,998964;        1161;             156268209;           856;               124124086;                  810;                      118429081;              333;                   60279259;                                     0,508990;                        477;                             58149822;                                     0,491010;                 14;                      1767883;                                     0,014243;               32;                    3927122;                                     0,031639
       407;       545;         1;BR      ;30/10/2022 21:02:57;         472075;     156454011;            9;                 471595;                                     0,998983;        3638;             156271847;          2994;               124127080;                 2876;                      118431957;             1326;                   60280585;                                     0,508989;                       1550;                             58151372;                                     0,491011;                 33;                      1767916;                                     0,014243;               85;                    3927207;                                     0,031639
       407;       545;         1;BR      ;30/10/2022 21:02:59;         472075;     156454011;            4;                 471599;                                     0,998992;        1246;             156273093;           919;               124127999;                  861;                      118432818;              424;                   60281009;                                     0,508989;                        437;                             58151809;                                     0,491011;                 19;                      1767935;                                     0,014243;               39;                    3927246;                                     0,031639
       407;       545;         1;BR      ;30/10/2022 21:03:00;         472075;     156454011;            1;                 471600;                                     0,998994;         385;             156273478;           310;               124128309;                  279;                      118433097;              133;                   60281142;                                     0,508989;                        146;                             58151955;                                     0,491011;                 11;                      1767946;                                     0,014243;               20;                    3927266;                                     0,031639
       407;       545;         1;BR      ;30/10/2022 21:04:02;         472075;     156454011;            2;                 471602;                                     0,998998;         599;             156274077;           466;               124128775;                  439;                      118433536;              387;                   60281529;                                     0,508990;                         52;                             58152007;                                     0,491010;                  6;                      1767952;                                     0,014243;               21;                    3927287;                                     0,031639
       407;       545;         1;BR      ;30/10/2022 21:04:03;         472075;     156454011;            8;                 471610;                                     0,999015;        3008;             156277085;          2409;               124131184;                 2322;                      118435858;             1112;                   60282641;                                     0,508990;                       1210;                             58153217;                                     0,491010;                 32;                      1767984;                                     0,014243;               55;                    3927342;                                     0,031639
       407;       545;         1;BR      ;30/10/2022 21:04:05;         472075;     156454011;            3;                 471613;                                     0,999021;        1407;             156278492;           867;               124132051;                  825;                      118436683;              378;                   60283019;                                     0,508989;                        447;                             58153664;                                     0,491011;                 18;                      1768002;                                     0,014243;               24;                    3927366;                                     0,031639
       407;       545;         1;BR      ;30/10/2022 21:05:08;         472075;     156454011;            2;                 471615;                                     0,999026;         584;             156279076;           414;               124132465;                  406;                      118437089;              357;                   60283376;                                     0,508991;                         49;                             58153713;                                     0,491009;                  1;                      1768003;                                     0,014243;                7;                    3927373;                                     0,031639
       407;       545;         1;BR      ;30/10/2022 21:05:10;         472075;     156454011;            8;                 471623;                                     0,999043;        3429;             156282505;          2719;               124135184;                 2615;                      118439704;             1162;                   60284538;                                     0,508989;                       1453;                             58155166;                                     0,491011;                 48;                      1768051;                                     0,014243;               56;                    3927429;                                     0,031638
       407;       545;         1;BR      ;30/10/2022 21:05:11;         472075;     156454011;            1;                 471624;                                     0,999045;         310;             156282815;           243;               124135427;                  228;                      118439932;              102;                   60284640;                                     0,508989;                        126;                             58155292;                                     0,491011;                  6;                      1768057;                                     0,014243;                9;                    3927438;                                     0,031638
       407;       545;         1;BR      ;30/10/2022 21:06:14;         472075;     156454011;            1;                 471625;                                     0,999047;         331;             156283146;           229;               124135656;                  221;                      118440153;              184;                   60284824;                                     0,508990;                         37;                             58155329;                                     0,491010;                  1;                      1768058;                                     0,014243;                7;                    3927445;                                     0,031638
       407;       545;         1;BR      ;30/10/2022 21:06:15;         472075;     156454011;            9;                 471634;                                     0,999066;        3151;             156286297;          2412;               124138068;                 2343;                      118442496;             2087;                   60286911;                                     0,508997;                        256;                             58155585;                                     0,491003;                 16;                      1768074;                                     0,014243;               53;                    3927498;                                     0,031638
       407;       545;         1;BR      ;30/10/2022 21:06:16;         472075;     156454011;            8;                 471642;                                     0,999083;        3254;             156289551;          2509;               124140577;                 2405;                      118444901;             1015;                   60287926;                                     0,508996;                       1390;                             58156975;                                     0,491004;                 35;                      1768109;                                     0,014243;               69;                    3927567;                                     0,031638
       407;       545;         1;BR      ;30/10/2022 21:06:17;         472075;     156454011;            3;                 471645;                                     0,999089;        1111;             156290662;           844;               124141421;                  788;                      118445689;              371;                   60288297;                                     0,508995;                        417;                             58157392;                                     0,491005;                 23;                      1768132;                                     0,014243;               33;                    3927600;                                     0,031638
       407;       545;         1;BR      ;30/10/2022 21:06:18;         472075;     156454011;           58;                 471703;                                     0,999212;       22561;             156313223;         17671;               124159092;                16738;                      118462427;             6531;                   60294828;                                     0,508978;                      10207;                             58167599;                                     0,491022;                330;                      1768462;                                     0,014244;              603;                    3928203;                                     0,031638
       407;       545;         1;BR      ;30/10/2022 21:07:21;         472075;     156454011;            3;                 471706;                                     0,999218;         738;             156313961;           425;               124159517;                  390;                      118462817;              277;                   60295105;                                     0,508979;                        113;                             58167712;                                     0,491021;                  4;                      1768466;                                     0,014243;               31;                    3928234;                                     0,031639
       407;       545;         1;BR      ;30/10/2022 21:07:22;         472075;     156454011;           17;                 471723;                                     0,999254;        5002;             156318963;          3908;               124163425;                 3776;                      118466593;             2394;                   60297499;                                     0,508983;                       1382;                             58169094;                                     0,491017;                 44;                      1768510;                                     0,014243;               88;                    3928322;                                     0,031638
       407;       545;         1;BR      ;30/10/2022 21:07:24;         472075;     156454011;           58;                 471781;                                     0,999377;       21931;             156340894;         17132;               124180557;                16308;                      118482901;             6157;                   60303656;                                     0,508965;                      10151;                             58179245;                                     0,491035;                289;                      1768799;                                     0,014244;              535;                    3928857;                                     0,031638
       407;       545;         1;BR      ;30/10/2022 21:08:27;         472075;     156454011;            9;                 471790;                                     0,999396;        3604;             156344498;          2910;               124183467;                 2812;                      118485713;             1299;                   60304955;                                     0,508964;                       1513;                             58180758;                                     0,491036;                 35;                      1768834;                                     0,014244;               63;                    3928920;                                     0,031638
       407;       545;         1;BR      ;30/10/2022 21:08:29;         472075;     156454011;            4;                 471794;                                     0,999405;        2698;             156347196;           889;               124184356;                  863;                      118486576;              458;                   60305413;                                     0,508964;                        405;                             58181163;                                     0,491036;                  7;                      1768841;                                     0,014244;               19;                    3928939;                                     0,031638
       407;       545;         1;BR      ;30/10/2022 21:09:33;         472075;     156454011;           16;                 471810;                                     0,999439;        5242;             156352438;          3951;               124188307;                 3836;                      118490412;             2288;                   60307701;                                     0,508967;                       1548;                             58182711;                                     0,491033;                 35;                      1768876;                                     0,014243;               80;                    3929019;                                     0,031638
       407;       545;         1;BR      ;30/10/2022 21:09:35;         472075;     156454011;            4;                 471814;                                     0,999447;        2773;             156355211;           939;               124189246;                  893;                      118491305;              473;                   60308174;                                     0,508967;                        420;                             58183131;                                     0,491033;                 17;                      1768893;                                     0,014244;               29;                    3929048;                                     0,031638
       407;       545;         1;BR      ;30/10/2022 21:09:38;         472075;     156454011;            1;                 471815;                                     0,999449;          75;             156355286;             0;               124189246;                    0;                      118491305;                0;                   60308174;                                     0,508967;                          0;                             58183131;                                     0,491033;                  0;                      1768893;                                     0,014244;                0;                    3929048;                                     0,031638
       407;       545;         1;BR      ;30/10/2022 21:10:38;         472075;     156454011;            8;                 471823;                                     0,999466;        3314;             156358600;          2731;               124191977;                 2622;                      118493927;             1024;                   60309198;                                     0,508964;                       1598;                             58184729;                                     0,491036;                 42;                      1768935;                                     0,014244;               67;                    3929115;                                     0,031637
       407;       545;         1;BR      ;30/10/2022 21:10:40;         472075;     156454011;            6;                 471829;                                     0,999479;        3327;             156361927;          1416;               124193393;                 1334;                      118495261;              731;                   60309929;                                     0,508965;                        603;                             58185332;                                     0,491035;                 33;                      1768968;                                     0,014244;               49;                    3929164;                                     0,031637
       407;       545;         1;BR      ;30/10/2022 21:11:43;         472075;     156454011;            1;                 471830;                                     0,999481;         341;             156362268;           189;               124193582;                  182;                      118495443;              133;                   60310062;                                     0,508965;                         49;                             58185381;                                     0,491035;                  1;                      1768969;                                     0,014244;                6;                    3929170;                                     0,031637
       407;       545;         1;BR      ;30/10/2022 21:11:44;         472075;     156454011;            9;                 471839;                                     0,999500;        3574;             156365842;          2843;               124196425;                 2724;                      118498167;             1201;                   60311263;                                     0,508964;                       1523;                             58186904;                                     0,491036;                 36;                      1769005;                                     0,014244;               83;                    3929253;                                     0,031637
       407;       545;         1;BR      ;30/10/2022 21:11:45;         472075;     156454011;            3;                 471842;                                     0,999506;        1149;             156366991;           830;               124197255;                  788;                      118498955;              379;                   60311642;                                     0,508963;                        409;                             58187313;                                     0,491037;                 19;                      1769024;                                     0,014244;               23;                    3929276;                                     0,031637
       407;       545;         1;BR      ;30/10/2022 21:12:49;         472075;     156454011;            9;                 471851;                                     0,999525;        3546;             156370537;          2807;               124200062;                 2703;                      118501658;             1330;                   60312972;                                     0,508963;                       1373;                             58188686;                                     0,491037;                 35;                      1769059;                                     0,014244;               69;                    3929345;                                     0,031637
       407;       545;         1;BR      ;30/10/2022 21:12:50;         472075;     156454011;            1;                 471852;                                     0,999528;         275;             156370812;           230;               124200292;                  226;                      118501884;               32;                   60313004;                                     0,508962;                        194;                             58188880;                                     0,491038;                  1;                      1769060;                                     0,014244;                3;                    3929348;                                     0,031637
       407;       545;         1;BR      ;30/10/2022 21:12:51;         472075;     156454011;            3;                 471855;                                     0,999534;        1082;             156371894;           801;               124201093;                  748;                      118502632;              336;                   60313340;                                     0,508962;                        412;                             58189292;                                     0,491038;                 18;                      1769078;                                     0,014244;               35;                    3929383;                                     0,031637
       407;       545;         1;BR      ;30/10/2022 21:13:54;         472075;     156454011;            9;                 471864;                                     0,999553;        3642;             156375536;          2898;               124203991;                 2780;                      118505412;             1100;                   60314440;                                     0,508959;                       1680;                             58190972;                                     0,491041;                 34;                      1769112;                                     0,014244;               84;                    3929467;                                     0,031637
       407;       545;         1;BR      ;30/10/2022 21:13:55;         472075;     156454011;            2;                 471866;                                     0,999557;         554;             156376090;           477;               124204468;                  462;                      118505874;              114;                   60314554;                                     0,508958;                        348;                             58191320;                                     0,491042;                  4;                      1769116;                                     0,014244;               11;                    3929478;                                     0,031637
       407;       545;         1;BR      ;30/10/2022 21:13:56;         472075;     156454011;            4;                 471870;                                     0,999566;        1554;             156377644;          1150;               124205618;                 1098;                      118506972;              476;                   60315030;                                     0,508958;                        622;                             58191942;                                     0,491042;                 25;                      1769141;                                     0,014244;               27;                    3929505;                                     0,031637
       407;       545;         1;BR      ;30/10/2022 21:14:59;         472075;     156454011;            2;                 471872;                                     0,999570;         869;             156378513;           692;               124206310;                  659;                      118507631;              302;                   60315332;                                     0,508957;                        357;                             58192299;                                     0,491043;                 12;                      1769153;                                     0,014244;               21;                    3929526;                                     0,031637
       407;       545;         1;BR      ;30/10/2022 21:15:00;         472075;     156454011;            4;                 471876;                                     0,999578;        1002;             156379515;           836;               124207146;                  803;                      118508434;              690;                   60316022;                                     0,508960;                        113;                             58192412;                                     0,491040;                  7;                      1769160;                                     0,014244;               26;                    3929552;                                     0,031637
       407;       545;         1;BR      ;30/10/2022 21:15:01;         472075;     156454011;            7;                 471883;                                     0,999593;        2391;             156381906;          1883;               124209029;                 1791;                      118510225;              582;                   60316604;                                     0,508957;                       1209;                             58193621;                                     0,491043;                 37;                      1769197;                                     0,014244;               55;                    3929607;                                     0,031637
       407;       545;         1;BR      ;30/10/2022 21:16:05;         472075;     156454011;           17;                 471900;                                     0,999629;        4656;             156386562;          3662;               124212691;                 3588;                      118513813;             2946;                   60319550;                                     0,508966;                        642;                             58194263;                                     0,491034;                 15;                      1769212;                                     0,014243;               59;                    3929666;                                     0,031637
       407;       545;         1;BR      ;30/10/2022 21:16:06;         472075;     156454011;            2;                 471902;                                     0,999634;         546;             156387108;           462;               124213153;                  451;                      118514264;               76;                   60319626;                                     0,508965;                        375;                             58194638;                                     0,491035;                  3;                      1769215;                                     0,014243;                8;                    3929674;                                     0,031637
       407;       545;         1;BR      ;30/10/2022 21:16:07;         472075;     156454011;            2;                 471904;                                     0,999638;         705;             156387813;           537;               124213690;                  502;                      118514766;              228;                   60319854;                                     0,508965;                        274;                             58194912;                                     0,491035;                 11;                      1769226;                                     0,014243;               24;                    3929698;                                     0,031637
       407;       545;         1;BR      ;30/10/2022 21:17:09;         472075;     156454011;            3;                 471907;                                     0,999644;         905;             156388718;           690;               124214380;                  679;                      118515445;              532;                   60320386;                                     0,508966;                        147;                             58195059;                                     0,491034;                  5;                      1769231;                                     0,014243;                6;                    3929704;                                     0,031636
       407;       545;         1;BR      ;30/10/2022 21:17:10;         472075;     156454011;            1;                 471908;                                     0,999646;         117;             156388835;            90;               124214470;                   86;                      118515531;               73;                   60320459;                                     0,508967;                         13;                             58195072;                                     0,491033;                  2;                      1769233;                                     0,014243;                2;                    3929706;                                     0,031636
       407;       545;         1;BR      ;30/10/2022 21:17:12;         472075;     156454011;            1;                 471909;                                     0,999648;         370;             156389205;           279;               124214749;                  267;                      118515798;              107;                   60320566;                                     0,508966;                        160;                             58195232;                                     0,491034;                  5;                      1769238;                                     0,014243;                7;                    3929713;                                     0,031636
       407;       545;         1;BR      ;30/10/2022 21:18:18;         472075;     156454011;            1;                 471910;                                     0,999650;         383;             156389588;           317;               124215066;                  299;                      118516097;              125;                   60320691;                                     0,508966;                        174;                             58195406;                                     0,491034;                  7;                      1769245;                                     0,014243;               11;                    3929724;                                     0,031636
       407;       545;         1;BR      ;30/10/2022 21:19:21;         472075;     156454011;           10;                 471920;                                     0,999672;        2605;             156392193;          1995;               124217061;                 1950;                      118518047;             1561;                   60322252;                                     0,508971;                        389;                             58195795;                                     0,491029;                 11;                      1769256;                                     0,014243;               34;                    3929758;                                     0,031636
       407;       545;         1;BR      ;30/10/2022 21:20:27;         472075;     156454011;            3;                 471923;                                     0,999678;         638;             156392831;           531;               124217592;                  515;                      118518562;              446;                   60322698;                                     0,508973;                         69;                             58195864;                                     0,491027;                  3;                      1769259;                                     0,014243;               13;                    3929771;                                     0,031636
       407;       545;         1;BR      ;30/10/2022 21:20:29;         472075;     156454011;            1;                 471924;                                     0,999680;         371;             156393202;           305;               124217897;                  288;                      118518850;              110;                   60322808;                                     0,508972;                        178;                             58196042;                                     0,491028;                  6;                      1769265;                                     0,014243;               11;                    3929782;                                     0,031636
       407;       545;         1;BR      ;30/10/2022 21:21:31;         472075;     156454011;            1;                 471925;                                     0,999682;         132;             156393334;            94;               124217991;                   85;                      118518935;               62;                   60322870;                                     0,508972;                         23;                             58196065;                                     0,491028;                  3;                      1769268;                                     0,014243;                6;                    3929788;                                     0,031636
       407;       545;         1;BR      ;30/10/2022 21:23:42;         472075;     156454011;           10;                 471935;                                     0,999703;        3165;             156396499;          2163;               124220154;                 2094;                      118521029;             1561;                   60324431;                                     0,508977;                        533;                             58196598;                                     0,491023;                 28;                      1769296;                                     0,014243;               41;                    3929829;                                     0,031636
       407;       545;         1;BR      ;30/10/2022 21:25:52;         472075;     156454011;            1;                 471936;                                     0,999706;         423;             156396922;           259;               124220413;                  250;                      118521279;              248;                   60324679;                                     0,508978;                          2;                             58196600;                                     0,491022;                  0;                      1769296;                                     0,014243;                9;                    3929838;                                     0,031636
       407;       545;         1;BR      ;30/10/2022 21:26:57;         472075;     156454011;            5;                 471941;                                     0,999716;        1656;             156398578;          1132;               124221545;                 1104;                      118522383;              825;                   60325504;                                     0,508980;                        279;                             58196879;                                     0,491020;                  5;                      1769301;                                     0,014243;               23;                    3929861;                                     0,031636
       407;       545;         1;BR      ;30/10/2022 21:29:06;         472075;     156454011;           12;                 471953;                                     0,999742;        2876;             156401454;          2189;               124223734;                 2128;                      118524511;             1740;                   60327244;                                     0,508985;                        388;                             58197267;                                     0,491015;                 15;                      1769316;                                     0,014243;               46;                    3929907;                                     0,031636
       407;       545;         1;BR      ;30/10/2022 21:29:07;         472075;     156454011;            5;                 471958;                                     0,999752;        1567;             156403021;          1190;               124224924;                 1162;                      118525673;             1036;                   60328280;                                     0,508989;                        126;                             58197393;                                     0,491011;                  7;                      1769323;                                     0,014243;               21;                    3929928;                                     0,031636
       407;       545;         1;BR      ;30/10/2022 21:30:12;         472075;     156454011;            6;                 471964;                                     0,999765;        1688;             156404709;          1437;               124226361;                 1399;                      118527072;              869;                   60329149;                                     0,508990;                        530;                             58197923;                                     0,491010;                  9;                      1769332;                                     0,014243;               29;                    3929957;                                     0,031635
       407;       545;         1;BR      ;30/10/2022 21:31:17;         472075;     156454011;            4;                 471968;                                     0,999773;         825;             156405534;           626;               124226987;                  612;                      118527684;              523;                   60329672;                                     0,508992;                         89;                             58198012;                                     0,491008;                  6;                      1769338;                                     0,014243;                8;                    3929965;                                     0,031635
       407;       545;         1;BR      ;30/10/2022 21:33:29;         472075;     156454011;            5;                 471973;                                     0,999784;        1887;             156407421;          1352;               124228339;                 1240;                      118528924;             1160;                   60330832;                                     0,508997;                         80;                             58198092;                                     0,491003;                  4;                      1769342;                                     0,014243;              108;                    3930073;                                     0,031636
       407;       545;         1;BR      ;30/10/2022 21:34:37;         472075;     156454011;            1;                 471974;                                     0,999786;         384;             156407805;           317;               124228656;                  300;                      118529224;              138;                   60330970;                                     0,508997;                        162;                             58198254;                                     0,491003;                  5;                      1769347;                                     0,014243;               12;                    3930085;                                     0,031636
       407;       545;         1;BR      ;30/10/2022 21:35:40;         472075;     156454011;            2;                 471976;                                     0,999790;         450;             156408255;           342;               124228998;                  333;                      118529557;              241;                   60331211;                                     0,508997;                         92;                             58198346;                                     0,491003;                  0;                      1769347;                                     0,014243;                9;                    3930094;                                     0,031636
       407;       545;         1;BR      ;30/10/2022 21:36:46;         472075;     156454011;            9;                 471985;                                     0,999809;        2772;             156411027;          1992;               124230990;                 1884;                      118531441;             1458;                   60332669;                                     0,509001;                        426;                             58198772;                                     0,490999;                 17;                      1769364;                                     0,014243;               91;                    3930185;                                     0,031636
       407;       545;         1;BR      ;30/10/2022 21:37:51;         472075;     156454011;            1;                 471986;                                     0,999811;         387;             156411414;           310;               124231300;                  301;                      118531742;              102;                   60332771;                                     0,509001;                        199;                             58198971;                                     0,490999;                  3;                      1769367;                                     0,014243;                6;                    3930191;                                     0,031636
       407;       545;         1;BR      ;30/10/2022 21:37:55;         472075;     156454011;            2;                 471988;                                     0,999816;         806;             156412220;           652;               124231952;                  602;                      118532344;              286;                   60333057;                                     0,509001;                        316;                             58199287;                                     0,490999;                 20;                      1769387;                                     0,014243;               30;                    3930221;                                     0,031636
       407;       545;         1;BR      ;30/10/2022 21:43:22;         472075;     156454011;           14;                 472002;                                     0,999845;        3907;             156416127;          2703;               124234655;                 2592;                      118534936;             1804;                   60334861;                                     0,509005;                        788;                             58200075;                                     0,490995;                 32;                      1769419;                                     0,014243;               79;                    3930300;                                     0,031636
       407;       545;         1;BR      ;30/10/2022 21:44:29;         472075;     156454011;            1;                 472003;                                     0,999847;         384;             156416511;           302;               124234957;                  294;                      118535230;              145;                   60335006;                                     0,509005;                        149;                             58200224;                                     0,490995;                  4;                      1769423;                                     0,014243;                4;                    3930304;                                     0,031636
       407;       545;         1;BR      ;30/10/2022 21:48:48;         472075;     156454011;            3;                 472006;                                     0,999854;         746;             156417257;           522;               124235479;                  473;                      118535703;              425;                   60335431;                                     0,509006;                         48;                             58200272;                                     0,490994;                  3;                      1769426;                                     0,014243;               46;                    3930350;                                     0,031636
       407;       545;         1;BR      ;30/10/2022 21:49:54;         472075;     156454011;            3;                 472009;                                     0,999860;         712;             156417969;           523;               124236002;                  514;                      118536217;              372;                   60335803;                                     0,509007;                        142;                             58200414;                                     0,490993;                  2;                      1769428;                                     0,014242;                7;                    3930357;                                     0,031636
       407;       545;         1;BR      ;30/10/2022 21:53:12;         472075;     156454011;           16;                 472025;                                     0,999894;       10962;             156428931;          3791;               124239793;                 3650;                      118539867;             2179;                   60337982;                                     0,509010;                       1471;                             58201885;                                     0,490990;                 63;                      1769491;                                     0,014243;               78;                    3930435;                                     0,031636
       407;       545;         1;BR      ;30/10/2022 21:54:17;         472075;     156454011;           11;                 472036;                                     0,999917;        7985;             156436916;          4732;               124244525;                 4483;                      118544350;             2948;                   60340930;                                     0,509016;                       1535;                             58203420;                                     0,490984;                101;                      1769592;                                     0,014243;              148;                    3930583;                                     0,031636
       407;       545;         1;BR      ;30/10/2022 21:55:22;         472075;     156454011;            1;                 472037;                                     0,999920;         721;             156437637;           374;               124244899;                  365;                      118544715;              268;                   60341198;                                     0,509016;                         97;                             58203517;                                     0,490984;                  3;                      1769595;                                     0,014243;                6;                    3930589;                                     0,031636
       407;       545;         1;BR      ;30/10/2022 21:56:28;         472075;     156454011;            1;                 472038;                                     0,999922;         399;             156438036;           242;               124245141;                  238;                      118544953;              135;                   60341333;                                     0,509016;                        103;                             58203620;                                     0,490984;                  2;                      1769597;                                     0,014243;                2;                    3930591;                                     0,031636
       407;       545;         1;BR      ;30/10/2022 22:00:51;         472075;     156454011;            1;                 472039;                                     0,999924;         641;             156438677;           154;               124245295;                  148;                      118545101;               66;                   60341399;                                     0,509016;                         82;                             58203702;                                     0,490984;                  3;                      1769600;                                     0,014243;                3;                    3930594;                                     0,031636
       407;       545;         1;BR      ;30/10/2022 22:01:56;         472075;     156454011;           15;                 472054;                                     0,999956;        9419;             156448096;          3433;               124248728;                 3296;                      118548397;             1743;                   60343142;                                     0,509017;                       1553;                             58205255;                                     0,490983;                 62;                      1769662;                                     0,014243;               75;                    3930669;                                     0,031635
       407;       545;         1;BR      ;30/10/2022 22:06:16;         472075;     156454011;            1;                 472055;                                     0,999958;         152;             156448248;           124;               124248852;                  119;                      118548516;              105;                   60343247;                                     0,509017;                         14;                             58205269;                                     0,490983;                  0;                      1769662;                                     0,014243;                5;                    3930674;                                     0,031635
       407;       545;         1;BR      ;30/10/2022 22:11:42;         472075;     156454011;            1;                 472056;                                     0,999960;          89;             156448337;            64;               124248916;                   60;                      118548576;               60;                   60343307;                                     0,509018;                          0;                             58205269;                                     0,490982;                  0;                      1769662;                                     0,014243;                4;                    3930678;                                     0,031636
       407;       545;         1;BR      ;30/10/2022 22:13:48;         472075;     156454011;            1;                 472057;                                     0,999962;         219;             156448556;           188;               124249104;                  182;                      118548758;              120;                   60343427;                                     0,509018;                         62;                             58205331;                                     0,490982;                  3;                      1769665;                                     0,014243;                3;                    3930681;                                     0,031635
       407;       545;         1;BR      ;30/10/2022 22:16:59;         472075;     156454011;            1;                 472058;                                     0,999964;         324;             156448880;           221;               124249325;                  214;                      118548972;              194;                   60343621;                                     0,509019;                         20;                             58205351;                                     0,490981;                  2;                      1769667;                                     0,014243;                5;                    3930686;                                     0,031635
       407;       545;         1;BR      ;30/10/2022 22:19:05;         472075;     156454011;            1;                 472059;                                     0,999966;         328;             156449208;           232;               124249557;                  222;                      118549194;              203;                   60343824;                                     0,509019;                         19;                             58205370;                                     0,490981;                  1;                      1769668;                                     0,014243;                9;                    3930695;                                     0,031635
       407;       545;         1;BR      ;30/10/2022 22:21:14;         472075;     156454011;            5;                 472064;                                     0,999977;        1326;             156450534;          1109;               124250666;                 1074;                      118550268;              978;                   60344802;                                     0,509023;                         96;                             58205466;                                     0,490977;                  3;                      1769671;                                     0,014243;               32;                    3930727;                                     0,031635
       407;       545;         1;BR      ;30/10/2022 22:29:40;         472075;     156454011;            1;                 472065;                                     0,999979;         187;             156450721;           101;               124250767;                   98;                      118550366;               43;                   60344845;                                     0,509023;                         55;                             58205521;                                     0,490977;                  0;                      1769671;                                     0,014243;                3;                    3930730;                                     0,031635
       407;       545;         1;BR      ;30/10/2022 22:31:49;         472075;     156454011;            1;                 472066;                                     0,999981;         781;             156451502;           480;               124251247;                  459;                      118550825;              262;                   60345107;                                     0,509023;                        197;                             58205718;                                     0,490977;                  5;                      1769676;                                     0,014243;               16;                    3930746;                                     0,031635
       407;       545;         1;BR      ;30/10/2022 22:42:21;         472075;     156454011;            1;                 472067;                                     0,999983;         375;             156451877;           175;               124251422;                  172;                      118550997;               76;                   60345183;                                     0,509023;                         96;                             58205814;                                     0,490977;                  0;                      1769676;                                     0,014243;                3;                    3930749;                                     0,031635
       407;       545;         1;BR      ;30/10/2022 22:45:32;         472075;     156454011;            1;                 472068;                                     0,999985;         321;             156452198;           180;               124251602;                  178;                      118551175;               75;                   60345258;                                     0,509023;                        103;                             58205917;                                     0,490977;                  1;                      1769677;                                     0,014243;                1;                    3930750;                                     0,031635
       407;       545;         1;BR      ;30/10/2022 22:49:45;         472075;     156454011;            1;                 472069;                                     0,999987;         264;             156452462;           189;               124251791;                  189;                      118551364;              163;                   60345421;                                     0,509023;                         26;                             58205943;                                     0,490977;                  0;                      1769677;                                     0,014243;                0;                    3930750;                                     0,031635
       407;       545;         1;BR      ;30/10/2022 22:52:55;         472075;     156454011;            1;                 472070;                                     0,999989;         319;             156452781;           173;               124251964;                  168;                      118551532;               68;                   60345489;                                     0,509023;                        100;                             58206043;                                     0,490977;                  0;                      1769677;                                     0,014243;                5;                    3930755;                                     0,031635
       407;       545;         1;BR      ;30/10/2022 22:53:57;         472075;     156454011;            1;                 472071;                                     0,999992;         274;             156453055;           179;               124252143;                  176;                      118551708;               97;                   60345586;                                     0,509023;                         79;                             58206122;                                     0,490977;                  0;                      1769677;                                     0,014243;                3;                    3930758;                                     0,031635
       407;       545;         1;BR      ;30/10/2022 22:55:00;         472075;     156454011;            2;                 472073;                                     0,999996;         390;             156453445;           283;               124252426;                  280;                      118551988;              151;                   60345737;                                     0,509023;                        129;                             58206251;                                     0,490977;                  1;                      1769678;                                     0,014243;                2;                    3930760;                                     0,031635
       407;       545;         1;BR      ;30/10/2022 22:57:09;         472075;     156454011;            1;                 472074;                                     0,999998;         269;             156453714;           161;               124252587;                  159;                      118552147;               88;                   60345825;                                     0,509023;                         71;                             58206322;                                     0,490977;                  0;                      1769678;                                     0,014243;                2;                    3930762;                                     0,031635
       407;       545;         1;BR      ;31/10/2022 00:18:04;         472075;     156454011;            1;                 472075;                                     1,000000;         297;             156454011;           209;               124252796;                  206;                      118552353;              174;                   60345999;                                     0,509024;                         32;                             58206354;                                     0,490976;                  0;                      1769678;                                     0,014243;                3;                    3930765;                                     0,031635
